*type_process{
HYDRO-GEOMECH-COUPLING
}
*title{
EXPER. RESERVOIR + HIERARCHI MESH
}
*exec{
         1
}
*iprtin{
         0
}
*nsd{
         2
}
*geomech{
         1
}
*irregMesh{
         1
}
*Dirichlet{
         0
}
*Neumann{
         1
}
*I4SeaLoad{
         1
}
*numnp{
     65573
}
*numel{
     65180
}
*nelx{
       480
}
*nely{
        64
}
*numnpReserv{
     31265
}
*numelReserv{
     30720
}
*nelxReserv{
       480
}
*nelyReserv{
        64
}
*nlvectP{
         1
}
*nlvectV{
         1
}
*nlvectD{
         1
}
*include{
coordenadas.inc
}
*codigos_cond_contorno_veloc{
         1       480         1         1
       481     32767       961         1
     32767     32286         1         1
         0
}
*valores_cond_contorno_veloc{
       481         2 9.375e-06
                     9.375e-06
        63       961
         0
}
*codigos_cond_contorno_desloc{
     34522     34522         1         1         1
     34523     34523         1         1         1
     34524     34524         1         1         1
     34525     34525         1         1         1
     34526     34526         1         1         1
     34527     34527         1         1         1
     34528     34528         1         1         1
     34529     34529         1         1         1
     34530     34530         1         1         1
     34531     34531         1         1         1
     34532     34532         1         1         1
     34533     34533         1         1         1
     34534     34534         1         1         1
     34535     34535         1         1         1
     34536     34536         1         1         1
     34537     34537         1         1         1
     34538     34538         1         1         1
     34539     34539         1         1         1
     34540     34540         1         1         1
     34541     34541         1         1         1
     34542     34542         1         1         1
     34543     34543         1         1         1
     34544     34544         1         1         1
     34545     34545         1         1         1
     34546     34546         1         1         1
     34547     34547         1         1         1
     34548     34548         1         1         1
     34549     34549         1         1         1
     34550     34550         1         1         1
     34551     34551         1         1         1
     34552     34552         1         1         1
     34553     34553         1         1         1
     34554     34554         1         1         1
     34555     34555         1         1         1
     34556     34556         1         1         1
     34557     34557         1         1         1
     34558     34558         1         1         1
     34559     34559         1         1         1
     34560     34560         1         1         1
     34561     34561         1         1         1
     34562     34562         1         1         1
     34563     34563         1         1         1
     34564     34564         1         1         1
     34565     34565         1         1         1
     34566     34566         1         1         1
     34567     34567         1         1         1
     34568     34568         1         1         1
     34569     34569         1         1         1
     34570     34570         1         1         1
     34571     34571         1         1         1
     34572     34572         1         1         1
     34573     34573         1         1         1
     34574     34574         1         1         1
     34575     34575         1         1         1
     34576     34576         1         1         1
     34577     34577         1         1         1
     34578     34578         1         1         1
     34579     34579         1         1         1
     34580     34580         1         1         1
     34581     34581         1         1         1
     34582     34582         1         1         1
     34583     34583         1         1         1
     34584     34584         1         1         1
     34585     34585         1         1         1
     34586     34586         1         1         1
     34587     34587         1         1         1
     34588     34588         1         1         1
     34589     34589         1         1         1
     34590     34590         1         1         1
     34591     34591         1         1         1
     34592     34592         1         1         1
     34593     34593         1         1         1
     34594     34594         1         1         1
     34595     34595         1         1         1
     34596     34596         1         1         1
     34597     34597         1         1         1
     34598     34598         1         1         1
     34599     34599         1         1         1
     34600     34600         1         1         1
     34601     34601         1         1         1
     34602     34602         1         1         1
     34603     34603         1         1         1
     34604     34604         1         1         1
     34605     34605         1         1         1
     34606     34606         1         1         1
     34607     34607         1         1         1
     34608     34608         1         1         1
     34609     34609         1         1         1
     34610     34610         1         1         1
     34611     34611         1         1         1
     34612     34612         1         1         1
     34613     34613         1         1         1
     34614     34614         1         1         1
     34615     34615         1         1         1
     34616     34616         1         1         1
     34617     34617         1         1         1
     34618     34618         1         1         1
     34619     34619         1         1         1
     34620     34620         1         1         1
     34621     34621         1         1         1
     34622     34622         1         1         1
     34623     34623         1         1         1
     34624     34624         1         1         1
     34625     34625         1         1         1
     34626     34626         1         1         1
     34627     34627         1         1         1
     34628     34628         1         1         1
     34629     34629         1         1         1
     34630     34630         1         1         1
     34631     34631         1         1         1
     34632     34632         1         1         1
     34633     34633         1         1         1
     34634     34634         1         1         1
     34635     34635         1         1         1
     34636     34636         1         1         1
     34637     34637         1         1         1
     34638     34638         1         1         1
     34639     34639         1         1         1
     34640     34640         1         1         1
     34641     34641         1         1         1
     34642     34642         1         1         1
     34643     34643         1         1         1
     34644     34644         1         1         1
     34645     34645         1         1         1
     34646     34646         1         1         1
     34647     34647         1         1         1
     34648     34648         1         1         1
     34649     34649         1         1         1
     34650     34650         1         1         1
     34651     34651         1         1         1
     34652     34652         1         1         1
     34653     34653         1         1         1
     34654     34654         1         1         1
     34655     34655         1         1         1
     34656     34656         1         1         1
     34657     34657         1         1         1
     34658     34658         1         1         1
     34659     34659         1         1         1
     34660     34660         1         1         1
     34661     34661         1         1         1
     34662     34662         1         1         1
     34663     34663         1         1         1
     34664     34664         1         1         1
     34665     34665         1         1         1
     34666     34666         1         1         1
     34667     34667         1         1         1
     34668     34668         1         1         1
     34669     34669         1         1         1
     34670     34670         1         1         1
     34671     34671         1         1         1
     34672     34672         1         1         1
     34673     34673         1         1         1
     34674     34674         1         1         1
     34675     34675         1         1         1
     34676     34676         1         1         1
     34677     34677         1         1         1
     34678     34678         1         1         1
     34679     34679         1         1         1
     34680     34680         1         1         1
     34681     34681         1         1         1
     34682     34682         1         1         1
     34683     34683         1         1         1
     34684     34684         1         1         1
     34685     34685         1         1         1
     34686     34686         1         1         1
     34687     34687         1         1         1
     34688     34688         1         1         1
     34689     34689         1         1         1
     34690     34690         1         1         1
     34691     34691         1         1         1
     34692     34692         1         1         1
     34693     34693         1         1         1
     34694     34694         1         1         1
     34695     34695         1         1         1
     34696     34696         1         1         1
     34697     34697         1         1         1
     34698     34698         1         1         1
     34699     34699         1         1         1
     34700     34700         1         1         1
     34701     34701         1         1         1
     34702     34702         1         1         1
     34703     34703         1         1         1
     34704     34704         1         1         1
     34705     34705         1         1         1
     34706     34706         1         1         1
     34707     34707         1         1         1
     34708     34708         1         1         1
     34709     34709         1         1         1
     34710     34710         1         1         1
     34711     34711         1         1         1
     34712     34712         1         1         1
     34713     34713         1         1         1
     34714     34714         1         1         1
     34715     34715         1         1         1
     34716     34716         1         1         1
     34717     34717         1         1         1
     34718     34718         1         1         1
     34719     34719         1         1         1
     34720     34720         1         1         1
     34721     34721         1         1         1
     34722     34722         1         1         1
     34723     34723         1         1         1
     34724     34724         1         1         1
     34725     34725         1         1         1
     34726     34726         1         1         1
     34727     34727         1         1         1
     34728     34728         1         1         1
     34729     34729         1         1         1
     34730     34730         1         1         1
     34731     34731         1         1         1
     34732     34732         1         1         1
     34733     34733         1         1         1
     34734     34734         1         1         1
     34735     34735         1         1         1
     34736     34736         1         1         1
     34737     34737         1         1         1
     34738     34738         1         1         1
     34739     34739         1         1         1
     34740     34740         1         1         1
     34741     34741         1         1         1
     34742     34742         1         1         1
     34743     34743         1         1         1
     34744     34744         1         1         1
     34745     34745         1         1         1
     34746     34746         1         1         1
     34747     34747         1         1         1
     34748     34748         1         1         1
     34749     34749         1         1         1
     34750     34750         1         1         1
     34751     34751         1         1         1
     34752     34752         1         1         1
     34753     34753         1         1         1
     34754     34754         1         1         1
     34755     34755         1         1         1
     34756     34756         1         1         1
     34757     34757         1         1         1
     34758     34758         1         1         1
     34759     34759         1         1         1
     34760     34760         1         1         1
     34761     34761         1         1         1
     34762     34762         1         1         1
     34763     34763         1         1         1
     34764     34764         1         1         1
     34765     34765         1         1         1
     34766     34766         1         1         1
     34767     34767         1         1         1
     34768     34768         1         1         1
     34769     34769         1         1         1
     34770     34770         1         1         1
     34771     34771         1         1         1
     34772     34772         1         1         1
     34773     34773         1         1         1
     34774     34774         1         1         1
     34775     34775         1         1         1
     34776     34776         1         1         1
     34777     34777         1         1         1
     34778     34778         1         1         1
     34779     34779         1         1         1
     34780     34780         1         1         1
     34781     34781         1         1         1
     34782     34782         1         1         1
     34783     34783         1         1         1
     34784     34784         1         1         1
     34785     34785         1         1         1
     34786     34786         1         1         1
     34787     34787         1         1         1
     34788     34788         1         1         1
     34789     34789         1         1         1
     34790     34790         1         1         1
     34791     34791         1         1         1
     34792     34792         1         1         1
     34793     34793         1         1         1
     34794     34794         1         1         1
     34795     34795         1         1         1
     34796     34796         1         1         1
     34797     34797         1         1         1
     34798     34798         1         1         1
     34799     34799         1         1         1
     34800     34800         1         1         1
     34801     34801         1         1         1
     34802     34802         1         1         1
     31433     31433         1         1         0
     31625     31625         1         1         0
     31819     31819         1         1         0
     32011     32011         1         1         0
     32205     32205         1         1         0
     32397     32397         1         1         0
     32591     32591         1         1         0
     32783     32783         1         1         0
     32977     32977         1         1         0
     33169     33169         1         1         0
     33363     33363         1         1         0
     33555     33555         1         1         0
     33749     33749         1         1         0
     33941     33941         1         1         0
     34135     34135         1         1         0
     34327     34327         1         1         0
     34521     34521         1         1         0
     35083     35083         1         1         0
     35364     35364         1         1         0
     35645     35645         1         1         0
     35926     35926         1         1         0
     36207     36207         1         1         0
     36488     36488         1         1         0
     36769     36769         1         1         0
     37050     37050         1         1         0
     37331     37331         1         1         0
     37612     37612         1         1         0
     37893     37893         1         1         0
     38174     38174         1         1         0
     38455     38455         1         1         0
     38736     38736         1         1         0
     39017     39017         1         1         0
     39298     39298         1         1         0
     39579     39579         1         1         0
     39860     39860         1         1         0
     40141     40141         1         1         0
     40422     40422         1         1         0
     40703     40703         1         1         0
     40984     40984         1         1         0
     41265     41265         1         1         0
     41546     41546         1         1         0
     41827     41827         1         1         0
     42108     42108         1         1         0
     42389     42389         1         1         0
     42670     42670         1         1         0
     42951     42951         1         1         0
     43547     43547         1         1         0
     44203     44203         1         1         0
     47304     47304         1         1         0
     47962     47962         1         1         0
     48432     48432         1         1         0
     48713     48713         1         1         0
     48994     48994         1         1         0
     49275     49275         1         1         0
     49556     49556         1         1         0
     49837     49837         1         1         0
     50118     50118         1         1         0
     50399     50399         1         1         0
     50680     50680         1         1         0
     50961     50961         1         1         0
     51242     51242         1         1         0
     51523     51523         1         1         0
     51804     51804         1         1         0
     52085     52085         1         1         0
     52366     52366         1         1         0
     52647     52647         1         1         0
     52928     52928         1         1         0
     53209     53209         1         1         0
     53490     53490         1         1         0
     53771     53771         1         1         0
     54052     54052         1         1         0
     54333     54333         1         1         0
     54614     54614         1         1         0
     54895     54895         1         1         0
     55176     55176         1         1         0
     55457     55457         1         1         0
     55738     55738         1         1         0
     56019     56019         1         1         0
     56300     56300         1         1         0
     56581     56581         1         1         0
     56862     56862         1         1         0
     57143     57143         1         1         0
     57424     57424         1         1         0
     57705     57705         1         1         0
     57986     57986         1         1         0
     58267     58267         1         1         0
     58548     58548         1         1         0
     58829     58829         1         1         0
     59110     59110         1         1         0
     59391     59391         1         1         0
     59672     59672         1         1         0
     59953     59953         1         1         0
     60234     60234         1         1         0
     60515     60515         1         1         0
     60796     60796         1         1         0
     61077     61077         1         1         0
     61358     61358         1         1         0
     61639     61639         1         1         0
     61920     61920         1         1         0
     62201     62201         1         1         0
     62482     62482         1         1         0
     62763     62763         1         1         0
     63044     63044         1         1         0
     63325     63325         1         1         0
     63606     63606         1         1         0
     63887     63887         1         1         0
     64168     64168         1         1         0
     64449     64449         1         1         0
     64730     64730         1         1         0
     65011     65011         1         1         0
     65292     65292         1         1         0
     65573     65573         1         1         0
     31266     31266         1         1         0
     31460     31460         1         1         0
     31652     31652         1         1         0
     31846     31846         1         1         0
     32038     32038         1         1         0
     32232     32232         1         1         0
     32424     32424         1         1         0
     32618     32618         1         1         0
     32810     32810         1         1         0
     33004     33004         1         1         0
     33196     33196         1         1         0
     33390     33390         1         1         0
     33582     33582         1         1         0
     33776     33776         1         1         0
     33968     33968         1         1         0
     34162     34162         1         1         0
     34354     34354         1         1         0
     34924     34924         1         1         0
     35205     35205         1         1         0
     35486     35486         1         1         0
     35767     35767         1         1         0
     36048     36048         1         1         0
     36329     36329         1         1         0
     36610     36610         1         1         0
     36891     36891         1         1         0
     37172     37172         1         1         0
     37453     37453         1         1         0
     37734     37734         1         1         0
     38015     38015         1         1         0
     38296     38296         1         1         0
     38577     38577         1         1         0
     38858     38858         1         1         0
     39139     39139         1         1         0
     39420     39420         1         1         0
     39701     39701         1         1         0
     39982     39982         1         1         0
     40263     40263         1         1         0
     40544     40544         1         1         0
     40825     40825         1         1         0
     41106     41106         1         1         0
     41387     41387         1         1         0
     41668     41668         1         1         0
     41949     41949         1         1         0
     42230     42230         1         1         0
     42511     42511         1         1         0
     42792     42792         1         1         0
     43382     43382         1         1         0
     44040     44040         1         1         0
     47141     47141         1         1         0
     47797     47797         1         1         0
     48273     48273         1         1         0
     48554     48554         1         1         0
     48835     48835         1         1         0
     49116     49116         1         1         0
     49397     49397         1         1         0
     49678     49678         1         1         0
     49959     49959         1         1         0
     50240     50240         1         1         0
     50521     50521         1         1         0
     50802     50802         1         1         0
     51083     51083         1         1         0
     51364     51364         1         1         0
     51645     51645         1         1         0
     51926     51926         1         1         0
     52207     52207         1         1         0
     52488     52488         1         1         0
     52769     52769         1         1         0
     53050     53050         1         1         0
     53331     53331         1         1         0
     53612     53612         1         1         0
     53893     53893         1         1         0
     54174     54174         1         1         0
     54455     54455         1         1         0
     54736     54736         1         1         0
     55017     55017         1         1         0
     55298     55298         1         1         0
     55579     55579         1         1         0
     55860     55860         1         1         0
     56141     56141         1         1         0
     56422     56422         1         1         0
     56703     56703         1         1         0
     56984     56984         1         1         0
     57265     57265         1         1         0
     57546     57546         1         1         0
     57827     57827         1         1         0
     58108     58108         1         1         0
     58389     58389         1         1         0
     58670     58670         1         1         0
     58951     58951         1         1         0
     59232     59232         1         1         0
     59513     59513         1         1         0
     59794     59794         1         1         0
     60075     60075         1         1         0
     60356     60356         1         1         0
     60637     60637         1         1         0
     60918     60918         1         1         0
     61199     61199         1         1         0
     61480     61480         1         1         0
     61761     61761         1         1         0
     62042     62042         1         1         0
     62323     62323         1         1         0
     62604     62604         1         1         0
     62885     62885         1         1         0
     63166     63166         1         1         0
     63447     63447         1         1         0
     63728     63728         1         1         0
     64009     64009         1         1         0
     64290     64290         1         1         0
     64571     64571         1         1         0
     64852     64852         1         1         0
     65133     65133         1         1         0
     65414     65414         1         1         0
     65293     65293         1         0         0
     65294     65294         1         0         0
     65295     65295         1         0         0
     65296     65296         1         0         0
     65297     65297         1         0         0
     65298     65298         1         0         0
     65299     65299         1         0         0
     65300     65300         1         0         0
     65301     65301         1         0         0
     65302     65302         1         0         0
     65303     65303         1         0         0
     65304     65304         1         0         0
     65305     65305         1         0         0
     65306     65306         1         0         0
     65307     65307         1         0         0
     65308     65308         1         0         0
     65309     65309         1         0         0
     65310     65310         1         0         0
     65311     65311         1         0         0
     65312     65312         1         0         0
     65313     65313         1         0         0
     65314     65314         1         0         0
     65315     65315         1         0         0
     65316     65316         1         0         0
     65317     65317         1         0         0
     65318     65318         1         0         0
     65319     65319         1         0         0
     65320     65320         1         0         0
     65321     65321         1         0         0
     65322     65322         1         0         0
     65323     65323         1         0         0
     65324     65324         1         0         0
     65325     65325         1         0         0
     65326     65326         1         0         0
     65327     65327         1         0         0
     65328     65328         1         0         0
     65329     65329         1         0         0
     65330     65330         1         0         0
     65331     65331         1         0         0
     65332     65332         1         0         0
     65333     65333         1         0         0
     65334     65334         1         0         0
     65335     65335         1         0         0
     65336     65336         1         0         0
     65337     65337         1         0         0
     65338     65338         1         0         0
     65339     65339         1         0         0
     65340     65340         1         0         0
     65341     65341         1         0         0
     65342     65342         1         0         0
     65343     65343         1         0         0
     65344     65344         1         0         0
     65345     65345         1         0         0
     65346     65346         1         0         0
     65347     65347         1         0         0
     65348     65348         1         0         0
     65349     65349         1         0         0
     65350     65350         1         0         0
     65351     65351         1         0         0
     65352     65352         1         0         0
     65353     65353         1         0         0
     65354     65354         1         0         0
     65355     65355         1         0         0
     65356     65356         1         0         0
     65357     65357         1         0         0
     65358     65358         1         0         0
     65359     65359         1         0         0
     65360     65360         1         0         0
     65361     65361         1         0         0
     65362     65362         1         0         0
     65363     65363         1         0         0
     65364     65364         1         0         0
     65365     65365         1         0         0
     65366     65366         1         0         0
     65367     65367         1         0         0
     65368     65368         1         0         0
     65369     65369         1         0         0
     65370     65370         1         0         0
     65371     65371         1         0         0
     65372     65372         1         0         0
     65373     65373         1         0         0
     65374     65374         1         0         0
     65375     65375         1         0         0
     65376     65376         1         0         0
     65377     65377         1         0         0
     65378     65378         1         0         0
     65379     65379         1         0         0
     65380     65380         1         0         0
     65381     65381         1         0         0
     65382     65382         1         0         0
     65383     65383         1         0         0
     65384     65384         1         0         0
     65385     65385         1         0         0
     65386     65386         1         0         0
     65387     65387         1         0         0
     65388     65388         1         0         0
     65389     65389         1         0         0
     65390     65390         1         0         0
     65391     65391         1         0         0
     65392     65392         1         0         0
     65393     65393         1         0         0
     65394     65394         1         0         0
     65395     65395         1         0         0
     65396     65396         1         0         0
     65397     65397         1         0         0
     65398     65398         1         0         0
     65399     65399         1         0         0
     65400     65400         1         0         0
     65401     65401         1         0         0
     65402     65402         1         0         0
     65403     65403         1         0         0
     65404     65404         1         0         0
     65405     65405         1         0         0
     65406     65406         1         0         0
     65407     65407         1         0         0
     65408     65408         1         0         0
     65409     65409         1         0         0
     65410     65410         1         0         0
     65411     65411         1         0         0
     65412     65412         1         0         0
     65413     65413         1         0         0
     65414     65414         1         0         0
     65415     65415         1         0         0
     65416     65416         1         0         0
     65417     65417         1         0         0
     65418     65418         1         0         0
     65419     65419         1         0         0
     65420     65420         1         0         0
     65421     65421         1         0         0
     65422     65422         1         0         0
     65423     65423         1         0         0
     65424     65424         1         0         0
     65425     65425         1         0         0
     65426     65426         1         0         0
     65427     65427         1         0         0
     65428     65428         1         0         0
     65429     65429         1         0         0
     65430     65430         1         0         0
     65431     65431         1         0         0
     65432     65432         1         0         0
     65433     65433         1         0         0
     65434     65434         1         0         0
     65435     65435         1         0         0
     65436     65436         1         0         0
     65437     65437         1         0         0
     65438     65438         1         0         0
     65439     65439         1         0         0
     65440     65440         1         0         0
     65441     65441         1         0         0
     65442     65442         1         0         0
     65443     65443         1         0         0
     65444     65444         1         0         0
     65445     65445         1         0         0
     65446     65446         1         0         0
     65447     65447         1         0         0
     65448     65448         1         0         0
     65449     65449         1         0         0
     65450     65450         1         0         0
     65451     65451         1         0         0
     65452     65452         1         0         0
     65453     65453         1         0         0
     65454     65454         1         0         0
     65455     65455         1         0         0
     65456     65456         1         0         0
     65457     65457         1         0         0
     65458     65458         1         0         0
     65459     65459         1         0         0
     65460     65460         1         0         0
     65461     65461         1         0         0
     65462     65462         1         0         0
     65463     65463         1         0         0
     65464     65464         1         0         0
     65465     65465         1         0         0
     65466     65466         1         0         0
     65467     65467         1         0         0
     65468     65468         1         0         0
     65469     65469         1         0         0
     65470     65470         1         0         0
     65471     65471         1         0         0
     65472     65472         1         0         0
     65473     65473         1         0         0
     65474     65474         1         0         0
     65475     65475         1         0         0
     65476     65476         1         0         0
     65477     65477         1         0         0
     65478     65478         1         0         0
     65479     65479         1         0         0
     65480     65480         1         0         0
     65481     65481         1         0         0
     65482     65482         1         0         0
     65483     65483         1         0         0
     65484     65484         1         0         0
     65485     65485         1         0         0
     65486     65486         1         0         0
     65487     65487         1         0         0
     65488     65488         1         0         0
     65489     65489         1         0         0
     65490     65490         1         0         0
     65491     65491         1         0         0
     65492     65492         1         0         0
     65493     65493         1         0         0
     65494     65494         1         0         0
     65495     65495         1         0         0
     65496     65496         1         0         0
     65497     65497         1         0         0
     65498     65498         1         0         0
     65499     65499         1         0         0
     65500     65500         1         0         0
     65501     65501         1         0         0
     65502     65502         1         0         0
     65503     65503         1         0         0
     65504     65504         1         0         0
     65505     65505         1         0         0
     65506     65506         1         0         0
     65507     65507         1         0         0
     65508     65508         1         0         0
     65509     65509         1         0         0
     65510     65510         1         0         0
     65511     65511         1         0         0
     65512     65512         1         0         0
     65513     65513         1         0         0
     65514     65514         1         0         0
     65515     65515         1         0         0
     65516     65516         1         0         0
     65517     65517         1         0         0
     65518     65518         1         0         0
     65519     65519         1         0         0
     65520     65520         1         0         0
     65521     65521         1         0         0
     65522     65522         1         0         0
     65523     65523         1         0         0
     65524     65524         1         0         0
     65525     65525         1         0         0
     65526     65526         1         0         0
     65527     65527         1         0         0
     65528     65528         1         0         0
     65529     65529         1         0         0
     65530     65530         1         0         0
     65531     65531         1         0         0
     65532     65532         1         0         0
     65533     65533         1         0         0
     65534     65534         1         0         0
     65535     65535         1         0         0
     65536     65536         1         0         0
     65537     65537         1         0         0
     65538     65538         1         0         0
     65539     65539         1         0         0
     65540     65540         1         0         0
     65541     65541         1         0         0
     65542     65542         1         0         0
     65543     65543         1         0         0
     65544     65544         1         0         0
     65545     65545         1         0         0
     65546     65546         1         0         0
     65547     65547         1         0         0
     65548     65548         1         0         0
     65549     65549         1         0         0
     65550     65550         1         0         0
     65551     65551         1         0         0
     65552     65552         1         0         0
     65553     65553         1         0         0
     65554     65554         1         0         0
     65555     65555         1         0         0
     65556     65556         1         0         0
     65557     65557         1         0         0
     65558     65558         1         0         0
     65559     65559         1         0         0
     65560     65560         1         0         0
     65561     65561         1         0         0
     65562     65562         1         0         0
     65563     65563         1         0         0
     65564     65564         1         0         0
     65565     65565         1         0         0
     65566     65566         1         0         0
     65567     65567         1         0         0
     65568     65568         1         0         0
     65569     65569         1         0         0
     65570     65570         1         0         0
     65571     65571         1         0         0
     65572     65572         1         0         0
     65573     65573         1         0         0
         0
}
*valores_cond_contorno_desloc{
     65293                 0.00e+00      -5.00e+00
     65294                 0.00e+00      -1.00e+01
     65295                 0.00e+00      -1.00e+01
     65296                 0.00e+00      -1.00e+01
     65297                 0.00e+00      -1.00e+01
     65298                 0.00e+00      -1.00e+01
     65299                 0.00e+00      -1.00e+01
     65300                 0.00e+00      -1.00e+01
     65301                 0.00e+00      -1.00e+01
     65302                 0.00e+00      -1.00e+01
     65303                 0.00e+00      -1.00e+01
     65304                 0.00e+00      -1.00e+01
     65305                 0.00e+00      -1.00e+01
     65306                 0.00e+00      -1.00e+01
     65307                 0.00e+00      -1.00e+01
     65308                 0.00e+00      -1.00e+01
     65309                 0.00e+00      -1.00e+01
     65310                 0.00e+00      -1.00e+01
     65311                 0.00e+00      -1.00e+01
     65312                 0.00e+00      -1.00e+01
     65313                 0.00e+00      -1.00e+01
     65314                 0.00e+00      -1.00e+01
     65315                 0.00e+00      -1.00e+01
     65316                 0.00e+00      -1.00e+01
     65317                 0.00e+00      -1.00e+01
     65318                 0.00e+00      -1.00e+01
     65319                 0.00e+00      -1.00e+01
     65320                 0.00e+00      -1.00e+01
     65321                 0.00e+00      -1.00e+01
     65322                 0.00e+00      -1.00e+01
     65323                 0.00e+00      -1.00e+01
     65324                 0.00e+00      -1.00e+01
     65325                 0.00e+00      -1.00e+01
     65326                 0.00e+00      -1.00e+01
     65327                 0.00e+00      -1.00e+01
     65328                 0.00e+00      -1.00e+01
     65329                 0.00e+00      -1.00e+01
     65330                 0.00e+00      -1.00e+01
     65331                 0.00e+00      -1.00e+01
     65332                 0.00e+00      -1.00e+01
     65333                 0.00e+00      -1.00e+01
     65334                 0.00e+00      -1.00e+01
     65335                 0.00e+00      -1.00e+01
     65336                 0.00e+00      -1.00e+01
     65337                 0.00e+00      -1.00e+01
     65338                 0.00e+00      -1.00e+01
     65339                 0.00e+00      -1.00e+01
     65340                 0.00e+00      -1.00e+01
     65341                 0.00e+00      -1.00e+01
     65342                 0.00e+00      -1.00e+01
     65343                 0.00e+00      -1.00e+01
     65344                 0.00e+00      -1.00e+01
     65345                 0.00e+00      -1.00e+01
     65346                 0.00e+00      -1.00e+01
     65347                 0.00e+00      -1.00e+01
     65348                 0.00e+00      -1.00e+01
     65349                 0.00e+00      -1.00e+01
     65350                 0.00e+00      -1.00e+01
     65351                 0.00e+00      -1.00e+01
     65352                 0.00e+00      -1.00e+01
     65353                 0.00e+00      -1.00e+01
     65354                 0.00e+00      -1.00e+01
     65355                 0.00e+00      -1.00e+01
     65356                 0.00e+00      -1.00e+01
     65357                 0.00e+00      -1.00e+01
     65358                 0.00e+00      -1.00e+01
     65359                 0.00e+00      -1.00e+01
     65360                 0.00e+00      -1.00e+01
     65361                 0.00e+00      -1.00e+01
     65362                 0.00e+00      -1.00e+01
     65363                 0.00e+00      -1.00e+01
     65364                 0.00e+00      -1.00e+01
     65365                 0.00e+00      -1.00e+01
     65366                 0.00e+00      -1.00e+01
     65367                 0.00e+00      -1.00e+01
     65368                 0.00e+00      -1.00e+01
     65369                 0.00e+00      -1.00e+01
     65370                 0.00e+00      -1.00e+01
     65371                 0.00e+00      -1.00e+01
     65372                 0.00e+00      -1.00e+01
     65373                 0.00e+00      -1.00e+01
     65374                 0.00e+00      -1.00e+01
     65375                 0.00e+00      -1.00e+01
     65376                 0.00e+00      -1.00e+01
     65377                 0.00e+00      -1.00e+01
     65378                 0.00e+00      -1.00e+01
     65379                 0.00e+00      -1.00e+01
     65380                 0.00e+00      -1.00e+01
     65381                 0.00e+00      -1.00e+01
     65382                 0.00e+00      -1.00e+01
     65383                 0.00e+00      -1.00e+01
     65384                 0.00e+00      -1.00e+01
     65385                 0.00e+00      -1.00e+01
     65386                 0.00e+00      -1.00e+01
     65387                 0.00e+00      -1.00e+01
     65388                 0.00e+00      -1.00e+01
     65389                 0.00e+00      -1.00e+01
     65390                 0.00e+00      -1.00e+01
     65391                 0.00e+00      -1.00e+01
     65392                 0.00e+00      -1.00e+01
     65393                 0.00e+00      -1.00e+01
     65394                 0.00e+00      -1.00e+01
     65395                 0.00e+00      -1.00e+01
     65396                 0.00e+00      -1.00e+01
     65397                 0.00e+00      -1.00e+01
     65398                 0.00e+00      -1.00e+01
     65399                 0.00e+00      -1.00e+01
     65400                 0.00e+00      -1.00e+01
     65401                 0.00e+00      -1.00e+01
     65402                 0.00e+00      -1.00e+01
     65403                 0.00e+00      -1.00e+01
     65404                 0.00e+00      -1.00e+01
     65405                 0.00e+00      -1.00e+01
     65406                 0.00e+00      -1.00e+01
     65407                 0.00e+00      -1.00e+01
     65408                 0.00e+00      -1.00e+01
     65409                 0.00e+00      -1.00e+01
     65410                 0.00e+00      -1.00e+01
     65411                 0.00e+00      -1.00e+01
     65412                 0.00e+00      -1.00e+01
     65413                 0.00e+00      -1.00e+01
     65414                 0.00e+00      -1.00e+01
     65415                 0.00e+00      -1.00e+01
     65416                 0.00e+00      -1.00e+01
     65417                 0.00e+00      -1.00e+01
     65418                 0.00e+00      -1.00e+01
     65419                 0.00e+00      -1.00e+01
     65420                 0.00e+00      -1.00e+01
     65421                 0.00e+00      -1.00e+01
     65422                 0.00e+00      -1.00e+01
     65423                 0.00e+00      -1.00e+01
     65424                 0.00e+00      -1.00e+01
     65425                 0.00e+00      -1.00e+01
     65426                 0.00e+00      -1.00e+01
     65427                 0.00e+00      -1.00e+01
     65428                 0.00e+00      -1.00e+01
     65429                 0.00e+00      -1.00e+01
     65430                 0.00e+00      -1.00e+01
     65431                 0.00e+00      -1.00e+01
     65432                 0.00e+00      -1.00e+01
     65433                 0.00e+00      -1.00e+01
     65434                 0.00e+00      -1.00e+01
     65435                 0.00e+00      -1.00e+01
     65436                 0.00e+00      -1.00e+01
     65437                 0.00e+00      -1.00e+01
     65438                 0.00e+00      -1.00e+01
     65439                 0.00e+00      -1.00e+01
     65440                 0.00e+00      -1.00e+01
     65441                 0.00e+00      -1.00e+01
     65442                 0.00e+00      -1.00e+01
     65443                 0.00e+00      -1.00e+01
     65444                 0.00e+00      -1.00e+01
     65445                 0.00e+00      -1.00e+01
     65446                 0.00e+00      -1.00e+01
     65447                 0.00e+00      -1.00e+01
     65448                 0.00e+00      -1.00e+01
     65449                 0.00e+00      -1.00e+01
     65450                 0.00e+00      -1.00e+01
     65451                 0.00e+00      -1.00e+01
     65452                 0.00e+00      -1.00e+01
     65453                 0.00e+00      -1.00e+01
     65454                 0.00e+00      -1.00e+01
     65455                 0.00e+00      -1.00e+01
     65456                 0.00e+00      -1.00e+01
     65457                 0.00e+00      -1.00e+01
     65458                 0.00e+00      -1.00e+01
     65459                 0.00e+00      -1.00e+01
     65460                 0.00e+00      -1.00e+01
     65461                 0.00e+00      -1.00e+01
     65462                 0.00e+00      -1.00e+01
     65463                 0.00e+00      -1.00e+01
     65464                 0.00e+00      -1.00e+01
     65465                 0.00e+00      -1.00e+01
     65466                 0.00e+00      -1.00e+01
     65467                 0.00e+00      -1.00e+01
     65468                 0.00e+00      -1.00e+01
     65469                 0.00e+00      -1.00e+01
     65470                 0.00e+00      -1.00e+01
     65471                 0.00e+00      -1.00e+01
     65472                 0.00e+00      -1.00e+01
     65473                 0.00e+00      -1.00e+01
     65474                 0.00e+00      -1.00e+01
     65475                 0.00e+00      -1.00e+01
     65476                 0.00e+00      -1.00e+01
     65477                 0.00e+00      -1.00e+01
     65478                 0.00e+00      -1.00e+01
     65479                 0.00e+00      -1.00e+01
     65480                 0.00e+00      -1.00e+01
     65481                 0.00e+00      -1.00e+01
     65482                 0.00e+00      -1.00e+01
     65483                 0.00e+00      -1.00e+01
     65484                 0.00e+00      -1.00e+01
     65485                 0.00e+00      -1.00e+01
     65486                 0.00e+00      -1.00e+01
     65487                 0.00e+00      -1.00e+01
     65488                 0.00e+00      -1.00e+01
     65489                 0.00e+00      -1.00e+01
     65490                 0.00e+00      -1.00e+01
     65491                 0.00e+00      -1.00e+01
     65492                 0.00e+00      -1.00e+01
     65493                 0.00e+00      -1.00e+01
     65494                 0.00e+00      -1.00e+01
     65495                 0.00e+00      -1.00e+01
     65496                 0.00e+00      -1.00e+01
     65497                 0.00e+00      -1.00e+01
     65498                 0.00e+00      -1.00e+01
     65499                 0.00e+00      -1.00e+01
     65500                 0.00e+00      -1.00e+01
     65501                 0.00e+00      -1.00e+01
     65502                 0.00e+00      -1.00e+01
     65503                 0.00e+00      -1.00e+01
     65504                 0.00e+00      -1.00e+01
     65505                 0.00e+00      -1.00e+01
     65506                 0.00e+00      -1.00e+01
     65507                 0.00e+00      -1.00e+01
     65508                 0.00e+00      -1.00e+01
     65509                 0.00e+00      -1.00e+01
     65510                 0.00e+00      -1.00e+01
     65511                 0.00e+00      -1.00e+01
     65512                 0.00e+00      -1.00e+01
     65513                 0.00e+00      -1.00e+01
     65514                 0.00e+00      -1.00e+01
     65515                 0.00e+00      -1.00e+01
     65516                 0.00e+00      -1.00e+01
     65517                 0.00e+00      -1.00e+01
     65518                 0.00e+00      -1.00e+01
     65519                 0.00e+00      -1.00e+01
     65520                 0.00e+00      -1.00e+01
     65521                 0.00e+00      -1.00e+01
     65522                 0.00e+00      -1.00e+01
     65523                 0.00e+00      -1.00e+01
     65524                 0.00e+00      -1.00e+01
     65525                 0.00e+00      -1.00e+01
     65526                 0.00e+00      -1.00e+01
     65527                 0.00e+00      -1.00e+01
     65528                 0.00e+00      -1.00e+01
     65529                 0.00e+00      -1.00e+01
     65530                 0.00e+00      -1.00e+01
     65531                 0.00e+00      -1.00e+01
     65532                 0.00e+00      -1.00e+01
     65533                 0.00e+00      -1.00e+01
     65534                 0.00e+00      -1.00e+01
     65535                 0.00e+00      -1.00e+01
     65536                 0.00e+00      -1.00e+01
     65537                 0.00e+00      -1.00e+01
     65538                 0.00e+00      -1.00e+01
     65539                 0.00e+00      -1.00e+01
     65540                 0.00e+00      -1.00e+01
     65541                 0.00e+00      -1.00e+01
     65542                 0.00e+00      -1.00e+01
     65543                 0.00e+00      -1.00e+01
     65544                 0.00e+00      -1.00e+01
     65545                 0.00e+00      -1.00e+01
     65546                 0.00e+00      -1.00e+01
     65547                 0.00e+00      -1.00e+01
     65548                 0.00e+00      -1.00e+01
     65549                 0.00e+00      -1.00e+01
     65550                 0.00e+00      -1.00e+01
     65551                 0.00e+00      -1.00e+01
     65552                 0.00e+00      -1.00e+01
     65553                 0.00e+00      -1.00e+01
     65554                 0.00e+00      -1.00e+01
     65555                 0.00e+00      -1.00e+01
     65556                 0.00e+00      -1.00e+01
     65557                 0.00e+00      -1.00e+01
     65558                 0.00e+00      -1.00e+01
     65559                 0.00e+00      -1.00e+01
     65560                 0.00e+00      -1.00e+01
     65561                 0.00e+00      -1.00e+01
     65562                 0.00e+00      -1.00e+01
     65563                 0.00e+00      -1.00e+01
     65564                 0.00e+00      -1.00e+01
     65565                 0.00e+00      -1.00e+01
     65566                 0.00e+00      -1.00e+01
     65567                 0.00e+00      -1.00e+01
     65568                 0.00e+00      -1.00e+01
     65569                 0.00e+00      -1.00e+01
     65570                 0.00e+00      -1.00e+01
     65571                 0.00e+00      -1.00e+01
     65572                 0.00e+00      -1.00e+01
     65573                 0.00e+00      -5.00e+00
         0
}
*ntype{
         1
}
*numat{
         1
}
*nen{
         4
}
*nicode{
         9
}
*material_properties{
         1       1.00e+00  1.00e+08  1.00e+08
}
*constant_body_forces{
       0.0     -10.0       0.0
}
*include{
mesh_rsrv_outsburden.inc
}
*conectividades_ladais{
         1         1         1       482       962       481         1
       480         1         1        64       480       961
         0
}
*include{
layer_reference.inc
}
*include{
elmnt_geoformation.inc
}
*include{
data.inc
}
*include{
randfiles.inc
}
*include{
geomechLayers.inc
}
*include{
NumericParam.inc
}
*include{
mcmc.inc
}
*include{
SimulatorParam.inc
}
