*type_process{
HYDRO-GEOMECH-COUPLING
}
*title{
EXPER. RESERVOIR + HIERARCHI MESH
}
*exec{
         1
}
*iprtin{
         0
}
*nsd{
         2
}
*geomech{
         1
}
*irregMesh{
         1
}
*Dirichlet{
         0
}
*Neumann{
         1
}
*I4SeaLoad{
         1
}
*numnp{
     33193
}
*numel{
     32940
}
*nelx{
       240
}
*nely{
        64
}
*numnpReserv{
     15665
}
*numelReserv{
     15360
}
*nelxReserv{
       240
}
*nelyReserv{
        64
}
*nlvectP{
         1
}
*nlvectV{
         1
}
*nlvectD{
         1
}
*include{
coordenadas.inc
}
*codigos_cond_contorno_veloc{
         1       240         1         1
       241     30544       481         1
     30785     31024         1         1
         0
}
*valores_cond_contorno_veloc{
       241         2 9.375e-03
                     9.375e-03
        63       481
         0
}
*codigos_cond_contorno_desloc{
     17562     17562         1         1         1
     17563     17563         1         1         1
     17564     17564         1         1         1
     17565     17565         1         1         1
     17566     17566         1         1         1
     17567     17567         1         1         1
     17568     17568         1         1         1
     17569     17569         1         1         1
     17570     17570         1         1         1
     17571     17571         1         1         1
     17572     17572         1         1         1
     17573     17573         1         1         1
     17574     17574         1         1         1
     17575     17575         1         1         1
     17576     17576         1         1         1
     17577     17577         1         1         1
     17578     17578         1         1         1
     17579     17579         1         1         1
     17580     17580         1         1         1
     17581     17581         1         1         1
     17582     17582         1         1         1
     17583     17583         1         1         1
     17584     17584         1         1         1
     17585     17585         1         1         1
     17586     17586         1         1         1
     17587     17587         1         1         1
     17588     17588         1         1         1
     17589     17589         1         1         1
     17590     17590         1         1         1
     17591     17591         1         1         1
     17592     17592         1         1         1
     17593     17593         1         1         1
     17594     17594         1         1         1
     17595     17595         1         1         1
     17596     17596         1         1         1
     17597     17597         1         1         1
     17598     17598         1         1         1
     17599     17599         1         1         1
     17600     17600         1         1         1
     17601     17601         1         1         1
     17602     17602         1         1         1
     17603     17603         1         1         1
     17604     17604         1         1         1
     17605     17605         1         1         1
     17606     17606         1         1         1
     17607     17607         1         1         1
     17608     17608         1         1         1
     17609     17609         1         1         1
     17610     17610         1         1         1
     17611     17611         1         1         1
     17612     17612         1         1         1
     17613     17613         1         1         1
     17614     17614         1         1         1
     17615     17615         1         1         1
     17616     17616         1         1         1
     17617     17617         1         1         1
     17618     17618         1         1         1
     17619     17619         1         1         1
     17620     17620         1         1         1
     17621     17621         1         1         1
     17622     17622         1         1         1
     17623     17623         1         1         1
     17624     17624         1         1         1
     17625     17625         1         1         1
     17626     17626         1         1         1
     17627     17627         1         1         1
     17628     17628         1         1         1
     17629     17629         1         1         1
     17630     17630         1         1         1
     17631     17631         1         1         1
     17632     17632         1         1         1
     17633     17633         1         1         1
     17634     17634         1         1         1
     17635     17635         1         1         1
     17636     17636         1         1         1
     17637     17637         1         1         1
     17638     17638         1         1         1
     17639     17639         1         1         1
     17640     17640         1         1         1
     17641     17641         1         1         1
     17642     17642         1         1         1
     17643     17643         1         1         1
     17644     17644         1         1         1
     17645     17645         1         1         1
     17646     17646         1         1         1
     17647     17647         1         1         1
     17648     17648         1         1         1
     17649     17649         1         1         1
     17650     17650         1         1         1
     17651     17651         1         1         1
     17652     17652         1         1         1
     17653     17653         1         1         1
     17654     17654         1         1         1
     17655     17655         1         1         1
     17656     17656         1         1         1
     17657     17657         1         1         1
     17658     17658         1         1         1
     17659     17659         1         1         1
     17660     17660         1         1         1
     17661     17661         1         1         1
     17662     17662         1         1         1
     17663     17663         1         1         1
     17664     17664         1         1         1
     17665     17665         1         1         1
     17666     17666         1         1         1
     17667     17667         1         1         1
     17668     17668         1         1         1
     17669     17669         1         1         1
     17670     17670         1         1         1
     17671     17671         1         1         1
     17672     17672         1         1         1
     17673     17673         1         1         1
     17674     17674         1         1         1
     17675     17675         1         1         1
     17676     17676         1         1         1
     17677     17677         1         1         1
     17678     17678         1         1         1
     17679     17679         1         1         1
     17680     17680         1         1         1
     17681     17681         1         1         1
     17682     17682         1         1         1
     17683     17683         1         1         1
     17684     17684         1         1         1
     17685     17685         1         1         1
     17686     17686         1         1         1
     17687     17687         1         1         1
     17688     17688         1         1         1
     17689     17689         1         1         1
     17690     17690         1         1         1
     17691     17691         1         1         1
     17692     17692         1         1         1
     17693     17693         1         1         1
     17694     17694         1         1         1
     17695     17695         1         1         1
     17696     17696         1         1         1
     17697     17697         1         1         1
     17698     17698         1         1         1
     17699     17699         1         1         1
     17700     17700         1         1         1
     17701     17701         1         1         1
     17702     17702         1         1         1
     15753     15753         1         1         0
     15865     15865         1         1         0
     15979     15979         1         1         0
     16091     16091         1         1         0
     16205     16205         1         1         0
     16317     16317         1         1         0
     16431     16431         1         1         0
     16543     16543         1         1         0
     16657     16657         1         1         0
     16769     16769         1         1         0
     16883     16883         1         1         0
     16995     16995         1         1         0
     17109     17109         1         1         0
     17221     17221         1         1         0
     17335     17335         1         1         0
     17447     17447         1         1         0
     17561     17561         1         1         0
     17843     17843         1         1         0
     17984     17984         1         1         0
     18125     18125         1         1         0
     18266     18266         1         1         0
     18407     18407         1         1         0
     18548     18548         1         1         0
     18689     18689         1         1         0
     18830     18830         1         1         0
     18971     18971         1         1         0
     19112     19112         1         1         0
     19253     19253         1         1         0
     19394     19394         1         1         0
     19535     19535         1         1         0
     19676     19676         1         1         0
     19817     19817         1         1         0
     19958     19958         1         1         0
     20099     20099         1         1         0
     20240     20240         1         1         0
     20381     20381         1         1         0
     20522     20522         1         1         0
     20663     20663         1         1         0
     20804     20804         1         1         0
     20945     20945         1         1         0
     21086     21086         1         1         0
     21227     21227         1         1         0
     21368     21368         1         1         0
     21509     21509         1         1         0
     21650     21650         1         1         0
     21791     21791         1         1         0
     22097     22097         1         1         0
     22433     22433         1         1         0
     24014     24014         1         1         0
     24352     24352         1         1         0
     24592     24592         1         1         0
     24733     24733         1         1         0
     24874     24874         1         1         0
     25015     25015         1         1         0
     25156     25156         1         1         0
     25297     25297         1         1         0
     25438     25438         1         1         0
     25579     25579         1         1         0
     25720     25720         1         1         0
     25861     25861         1         1         0
     26002     26002         1         1         0
     26143     26143         1         1         0
     26284     26284         1         1         0
     26425     26425         1         1         0
     26566     26566         1         1         0
     26707     26707         1         1         0
     26848     26848         1         1         0
     26989     26989         1         1         0
     27130     27130         1         1         0
     27271     27271         1         1         0
     27412     27412         1         1         0
     27553     27553         1         1         0
     27694     27694         1         1         0
     27835     27835         1         1         0
     27976     27976         1         1         0
     28117     28117         1         1         0
     28258     28258         1         1         0
     28399     28399         1         1         0
     28540     28540         1         1         0
     28681     28681         1         1         0
     28822     28822         1         1         0
     28963     28963         1         1         0
     29104     29104         1         1         0
     29245     29245         1         1         0
     29386     29386         1         1         0
     29527     29527         1         1         0
     29668     29668         1         1         0
     29809     29809         1         1         0
     29950     29950         1         1         0
     30091     30091         1         1         0
     30232     30232         1         1         0
     30373     30373         1         1         0
     30514     30514         1         1         0
     30655     30655         1         1         0
     30796     30796         1         1         0
     30937     30937         1         1         0
     31078     31078         1         1         0
     31219     31219         1         1         0
     31360     31360         1         1         0
     31501     31501         1         1         0
     31642     31642         1         1         0
     31783     31783         1         1         0
     31924     31924         1         1         0
     32065     32065         1         1         0
     32206     32206         1         1         0
     32347     32347         1         1         0
     32488     32488         1         1         0
     32629     32629         1         1         0
     32770     32770         1         1         0
     32911     32911         1         1         0
     33052     33052         1         1         0
     33193     33193         1         1         0
     15666     15666         1         1         0
     15780     15780         1         1         0
     15892     15892         1         1         0
     16006     16006         1         1         0
     16118     16118         1         1         0
     16232     16232         1         1         0
     16344     16344         1         1         0
     16458     16458         1         1         0
     16570     16570         1         1         0
     16684     16684         1         1         0
     16796     16796         1         1         0
     16910     16910         1         1         0
     17022     17022         1         1         0
     17136     17136         1         1         0
     17248     17248         1         1         0
     17362     17362         1         1         0
     17474     17474         1         1         0
     17764     17764         1         1         0
     17905     17905         1         1         0
     18046     18046         1         1         0
     18187     18187         1         1         0
     18328     18328         1         1         0
     18469     18469         1         1         0
     18610     18610         1         1         0
     18751     18751         1         1         0
     18892     18892         1         1         0
     19033     19033         1         1         0
     19174     19174         1         1         0
     19315     19315         1         1         0
     19456     19456         1         1         0
     19597     19597         1         1         0
     19738     19738         1         1         0
     19879     19879         1         1         0
     20020     20020         1         1         0
     20161     20161         1         1         0
     20302     20302         1         1         0
     20443     20443         1         1         0
     20584     20584         1         1         0
     20725     20725         1         1         0
     20866     20866         1         1         0
     21007     21007         1         1         0
     21148     21148         1         1         0
     21289     21289         1         1         0
     21430     21430         1         1         0
     21571     21571         1         1         0
     21712     21712         1         1         0
     22012     22012         1         1         0
     22350     22350         1         1         0
     23931     23931         1         1         0
     24267     24267         1         1         0
     24513     24513         1         1         0
     24654     24654         1         1         0
     24795     24795         1         1         0
     24936     24936         1         1         0
     25077     25077         1         1         0
     25218     25218         1         1         0
     25359     25359         1         1         0
     25500     25500         1         1         0
     25641     25641         1         1         0
     25782     25782         1         1         0
     25923     25923         1         1         0
     26064     26064         1         1         0
     26205     26205         1         1         0
     26346     26346         1         1         0
     26487     26487         1         1         0
     26628     26628         1         1         0
     26769     26769         1         1         0
     26910     26910         1         1         0
     27051     27051         1         1         0
     27192     27192         1         1         0
     27333     27333         1         1         0
     27474     27474         1         1         0
     27615     27615         1         1         0
     27756     27756         1         1         0
     27897     27897         1         1         0
     28038     28038         1         1         0
     28179     28179         1         1         0
     28320     28320         1         1         0
     28461     28461         1         1         0
     28602     28602         1         1         0
     28743     28743         1         1         0
     28884     28884         1         1         0
     29025     29025         1         1         0
     29166     29166         1         1         0
     29307     29307         1         1         0
     29448     29448         1         1         0
     29589     29589         1         1         0
     29730     29730         1         1         0
     29871     29871         1         1         0
     30012     30012         1         1         0
     30153     30153         1         1         0
     30294     30294         1         1         0
     30435     30435         1         1         0
     30576     30576         1         1         0
     30717     30717         1         1         0
     30858     30858         1         1         0
     30999     30999         1         1         0
     31140     31140         1         1         0
     31281     31281         1         1         0
     31422     31422         1         1         0
     31563     31563         1         1         0
     31704     31704         1         1         0
     31845     31845         1         1         0
     31986     31986         1         1         0
     32127     32127         1         1         0
     32268     32268         1         1         0
     32409     32409         1         1         0
     32550     32550         1         1         0
     32691     32691         1         1         0
     32832     32832         1         1         0
     32973     32973         1         1         0
     33114     33114         1         1         0
     33053     33053         1         0         0
     33054     33054         1         0         0
     33055     33055         1         0         0
     33056     33056         1         0         0
     33057     33057         1         0         0
     33058     33058         1         0         0
     33059     33059         1         0         0
     33060     33060         1         0         0
     33061     33061         1         0         0
     33062     33062         1         0         0
     33063     33063         1         0         0
     33064     33064         1         0         0
     33065     33065         1         0         0
     33066     33066         1         0         0
     33067     33067         1         0         0
     33068     33068         1         0         0
     33069     33069         1         0         0
     33070     33070         1         0         0
     33071     33071         1         0         0
     33072     33072         1         0         0
     33073     33073         1         0         0
     33074     33074         1         0         0
     33075     33075         1         0         0
     33076     33076         1         0         0
     33077     33077         1         0         0
     33078     33078         1         0         0
     33079     33079         1         0         0
     33080     33080         1         0         0
     33081     33081         1         0         0
     33082     33082         1         0         0
     33083     33083         1         0         0
     33084     33084         1         0         0
     33085     33085         1         0         0
     33086     33086         1         0         0
     33087     33087         1         0         0
     33088     33088         1         0         0
     33089     33089         1         0         0
     33090     33090         1         0         0
     33091     33091         1         0         0
     33092     33092         1         0         0
     33093     33093         1         0         0
     33094     33094         1         0         0
     33095     33095         1         0         0
     33096     33096         1         0         0
     33097     33097         1         0         0
     33098     33098         1         0         0
     33099     33099         1         0         0
     33100     33100         1         0         0
     33101     33101         1         0         0
     33102     33102         1         0         0
     33103     33103         1         0         0
     33104     33104         1         0         0
     33105     33105         1         0         0
     33106     33106         1         0         0
     33107     33107         1         0         0
     33108     33108         1         0         0
     33109     33109         1         0         0
     33110     33110         1         0         0
     33111     33111         1         0         0
     33112     33112         1         0         0
     33113     33113         1         0         0
     33114     33114         1         0         0
     33115     33115         1         0         0
     33116     33116         1         0         0
     33117     33117         1         0         0
     33118     33118         1         0         0
     33119     33119         1         0         0
     33120     33120         1         0         0
     33121     33121         1         0         0
     33122     33122         1         0         0
     33123     33123         1         0         0
     33124     33124         1         0         0
     33125     33125         1         0         0
     33126     33126         1         0         0
     33127     33127         1         0         0
     33128     33128         1         0         0
     33129     33129         1         0         0
     33130     33130         1         0         0
     33131     33131         1         0         0
     33132     33132         1         0         0
     33133     33133         1         0         0
     33134     33134         1         0         0
     33135     33135         1         0         0
     33136     33136         1         0         0
     33137     33137         1         0         0
     33138     33138         1         0         0
     33139     33139         1         0         0
     33140     33140         1         0         0
     33141     33141         1         0         0
     33142     33142         1         0         0
     33143     33143         1         0         0
     33144     33144         1         0         0
     33145     33145         1         0         0
     33146     33146         1         0         0
     33147     33147         1         0         0
     33148     33148         1         0         0
     33149     33149         1         0         0
     33150     33150         1         0         0
     33151     33151         1         0         0
     33152     33152         1         0         0
     33153     33153         1         0         0
     33154     33154         1         0         0
     33155     33155         1         0         0
     33156     33156         1         0         0
     33157     33157         1         0         0
     33158     33158         1         0         0
     33159     33159         1         0         0
     33160     33160         1         0         0
     33161     33161         1         0         0
     33162     33162         1         0         0
     33163     33163         1         0         0
     33164     33164         1         0         0
     33165     33165         1         0         0
     33166     33166         1         0         0
     33167     33167         1         0         0
     33168     33168         1         0         0
     33169     33169         1         0         0
     33170     33170         1         0         0
     33171     33171         1         0         0
     33172     33172         1         0         0
     33173     33173         1         0         0
     33174     33174         1         0         0
     33175     33175         1         0         0
     33176     33176         1         0         0
     33177     33177         1         0         0
     33178     33178         1         0         0
     33179     33179         1         0         0
     33180     33180         1         0         0
     33181     33181         1         0         0
     33182     33182         1         0         0
     33183     33183         1         0         0
     33184     33184         1         0         0
     33185     33185         1         0         0
     33186     33186         1         0         0
     33187     33187         1         0         0
     33188     33188         1         0         0
     33189     33189         1         0         0
     33190     33190         1         0         0
     33191     33191         1         0         0
     33192     33192         1         0         0
     33193     33193         1         0         0
         0
}
*valores_cond_contorno_desloc{
     33053                 0.00e+00      -1.00e+01
     33054                 0.00e+00      -2.00e+01
     33055                 0.00e+00      -2.00e+01
     33056                 0.00e+00      -2.00e+01
     33057                 0.00e+00      -2.00e+01
     33058                 0.00e+00      -2.00e+01
     33059                 0.00e+00      -2.00e+01
     33060                 0.00e+00      -2.00e+01
     33061                 0.00e+00      -2.00e+01
     33062                 0.00e+00      -2.00e+01
     33063                 0.00e+00      -2.00e+01
     33064                 0.00e+00      -2.00e+01
     33065                 0.00e+00      -2.00e+01
     33066                 0.00e+00      -2.00e+01
     33067                 0.00e+00      -2.00e+01
     33068                 0.00e+00      -2.00e+01
     33069                 0.00e+00      -2.00e+01
     33070                 0.00e+00      -2.00e+01
     33071                 0.00e+00      -2.00e+01
     33072                 0.00e+00      -2.00e+01
     33073                 0.00e+00      -2.00e+01
     33074                 0.00e+00      -2.00e+01
     33075                 0.00e+00      -2.00e+01
     33076                 0.00e+00      -2.00e+01
     33077                 0.00e+00      -2.00e+01
     33078                 0.00e+00      -2.00e+01
     33079                 0.00e+00      -2.00e+01
     33080                 0.00e+00      -2.00e+01
     33081                 0.00e+00      -2.00e+01
     33082                 0.00e+00      -2.00e+01
     33083                 0.00e+00      -2.00e+01
     33084                 0.00e+00      -2.00e+01
     33085                 0.00e+00      -2.00e+01
     33086                 0.00e+00      -2.00e+01
     33087                 0.00e+00      -2.00e+01
     33088                 0.00e+00      -2.00e+01
     33089                 0.00e+00      -2.00e+01
     33090                 0.00e+00      -2.00e+01
     33091                 0.00e+00      -2.00e+01
     33092                 0.00e+00      -2.00e+01
     33093                 0.00e+00      -2.00e+01
     33094                 0.00e+00      -2.00e+01
     33095                 0.00e+00      -2.00e+01
     33096                 0.00e+00      -2.00e+01
     33097                 0.00e+00      -2.00e+01
     33098                 0.00e+00      -2.00e+01
     33099                 0.00e+00      -2.00e+01
     33100                 0.00e+00      -2.00e+01
     33101                 0.00e+00      -2.00e+01
     33102                 0.00e+00      -2.00e+01
     33103                 0.00e+00      -2.00e+01
     33104                 0.00e+00      -2.00e+01
     33105                 0.00e+00      -2.00e+01
     33106                 0.00e+00      -2.00e+01
     33107                 0.00e+00      -2.00e+01
     33108                 0.00e+00      -2.00e+01
     33109                 0.00e+00      -2.00e+01
     33110                 0.00e+00      -2.00e+01
     33111                 0.00e+00      -2.00e+01
     33112                 0.00e+00      -2.00e+01
     33113                 0.00e+00      -2.00e+01
     33114                 0.00e+00      -2.00e+01
     33115                 0.00e+00      -2.00e+01
     33116                 0.00e+00      -2.00e+01
     33117                 0.00e+00      -2.00e+01
     33118                 0.00e+00      -2.00e+01
     33119                 0.00e+00      -2.00e+01
     33120                 0.00e+00      -2.00e+01
     33121                 0.00e+00      -2.00e+01
     33122                 0.00e+00      -2.00e+01
     33123                 0.00e+00      -2.00e+01
     33124                 0.00e+00      -2.00e+01
     33125                 0.00e+00      -2.00e+01
     33126                 0.00e+00      -2.00e+01
     33127                 0.00e+00      -2.00e+01
     33128                 0.00e+00      -2.00e+01
     33129                 0.00e+00      -2.00e+01
     33130                 0.00e+00      -2.00e+01
     33131                 0.00e+00      -2.00e+01
     33132                 0.00e+00      -2.00e+01
     33133                 0.00e+00      -2.00e+01
     33134                 0.00e+00      -2.00e+01
     33135                 0.00e+00      -2.00e+01
     33136                 0.00e+00      -2.00e+01
     33137                 0.00e+00      -2.00e+01
     33138                 0.00e+00      -2.00e+01
     33139                 0.00e+00      -2.00e+01
     33140                 0.00e+00      -2.00e+01
     33141                 0.00e+00      -2.00e+01
     33142                 0.00e+00      -2.00e+01
     33143                 0.00e+00      -2.00e+01
     33144                 0.00e+00      -2.00e+01
     33145                 0.00e+00      -2.00e+01
     33146                 0.00e+00      -2.00e+01
     33147                 0.00e+00      -2.00e+01
     33148                 0.00e+00      -2.00e+01
     33149                 0.00e+00      -2.00e+01
     33150                 0.00e+00      -2.00e+01
     33151                 0.00e+00      -2.00e+01
     33152                 0.00e+00      -2.00e+01
     33153                 0.00e+00      -2.00e+01
     33154                 0.00e+00      -2.00e+01
     33155                 0.00e+00      -2.00e+01
     33156                 0.00e+00      -2.00e+01
     33157                 0.00e+00      -2.00e+01
     33158                 0.00e+00      -2.00e+01
     33159                 0.00e+00      -2.00e+01
     33160                 0.00e+00      -2.00e+01
     33161                 0.00e+00      -2.00e+01
     33162                 0.00e+00      -2.00e+01
     33163                 0.00e+00      -2.00e+01
     33164                 0.00e+00      -2.00e+01
     33165                 0.00e+00      -2.00e+01
     33166                 0.00e+00      -2.00e+01
     33167                 0.00e+00      -2.00e+01
     33168                 0.00e+00      -2.00e+01
     33169                 0.00e+00      -2.00e+01
     33170                 0.00e+00      -2.00e+01
     33171                 0.00e+00      -2.00e+01
     33172                 0.00e+00      -2.00e+01
     33173                 0.00e+00      -2.00e+01
     33174                 0.00e+00      -2.00e+01
     33175                 0.00e+00      -2.00e+01
     33176                 0.00e+00      -2.00e+01
     33177                 0.00e+00      -2.00e+01
     33178                 0.00e+00      -2.00e+01
     33179                 0.00e+00      -2.00e+01
     33180                 0.00e+00      -2.00e+01
     33181                 0.00e+00      -2.00e+01
     33182                 0.00e+00      -2.00e+01
     33183                 0.00e+00      -2.00e+01
     33184                 0.00e+00      -2.00e+01
     33185                 0.00e+00      -2.00e+01
     33186                 0.00e+00      -2.00e+01
     33187                 0.00e+00      -2.00e+01
     33188                 0.00e+00      -2.00e+01
     33189                 0.00e+00      -2.00e+01
     33190                 0.00e+00      -2.00e+01
     33191                 0.00e+00      -2.00e+01
     33192                 0.00e+00      -2.00e+01
     33193                 0.00e+00      -1.00e+01
         0
}
*ntype{
         1
}
*numat{
         1
}
*nen{
         4
}
*nicode{
         9
}
*material_properties{
         1       1.00e+00  1.00e+08  1.00e+08
}
*constant_body_forces{
       0.0     -10.0       0.0
}
*include{
mesh_rsrv_outsburden.inc
}
*conectividades_ladais{
         1         1         1       242       482       241         1
       240         1         1        64       240       481
         0
}
*include{
layer_reference.inc
}
*include{
elmnt_geoformation.inc
}
*include{
data.inc
}
*include{
randfiles.inc
}
*include{
geomechLayers.inc
}
*include{
NumericParam.inc
}
*include{
mcmc.inc
}
*include{
SimulatorParam.inc
}
