   3.00000000E-01
   3.00000000E-01
   3.00000000E-01
   3.00000000E-01
   3.00000000E-01
   3.00000000E-01
   3.00000000E-01
   3.00000000E-01
   3.00000000E-01
   3.00000000E-01
   3.00000000E-01
   3.00000000E-01
   3.00000000E-01
   3.00000000E-01
   3.00000000E-01
   3.00000000E-01
   3.00000000E-01
   3.00000000E-01
   3.00000000E-01
   3.00000000E-01
   3.00000000E-01
   3.00000000E-01
   3.00000000E-01
   3.00000000E-01
   3.00000000E-01
   3.00000000E-01
   3.00000000E-01
   3.00000000E-01
   3.00000000E-01
   3.00000000E-01
   3.00000000E-01
   3.00000000E-01
   3.00000000E-01
   3.00000000E-01
   3.00000000E-01
   3.00000000E-01
   3.00000000E-01
   3.00000000E-01
   3.00000000E-01
   3.00000000E-01
   3.00000000E-01
   3.00000000E-01
   3.00000000E-01
   3.00000000E-01
   3.00000000E-01
   3.00000000E-01
   3.00000000E-01
   3.00000000E-01
   3.00000000E-01
   3.00000000E-01
   3.00000000E-01
   3.00000000E-01
   3.00000000E-01
   3.00000000E-01
   3.00000000E-01
   3.00000000E-01
   3.00000000E-01
   3.00000000E-01
   3.00000000E-01
   3.00000000E-01
   3.00000000E-01
   3.00000000E-01
   3.00000000E-01
   3.00000000E-01
