  -3.90184747E-01
  -3.39678097E-01
  -2.32141620E-01
  -3.80555361E-02
  -3.82478249E-01
  -3.26070764E-01
  -2.14645326E-01
  -7.68656611E-02
  -3.67142595E-01
  -3.17916454E-01
  -2.25032647E-01
  -8.99683042E-02
  -3.63902600E-01
  -3.18505204E-01
  -2.27450401E-01
  -9.02017951E-02
  -3.64157143E-01
  -3.18575589E-01
  -2.27239737E-01
  -9.00875308E-02
  -3.64295283E-01
  -3.18586736E-01
  -2.27167989E-01
  -9.00099916E-02
  -3.64310065E-01
  -3.18592176E-01
  -2.27154597E-01
  -9.00031619E-02
  -3.64308698E-01
  -3.18590640E-01
  -2.27155852E-01
  -9.00048088E-02
  -3.64307699E-01
  -3.18590550E-01
  -2.27156387E-01
  -9.00053641E-02
  -3.64307502E-01
  -3.18590630E-01
  -2.27156478E-01
  -9.00053906E-02
  -3.64306834E-01
  -3.18589867E-01
  -2.27157397E-01
  -9.00059020E-02
  -3.64301242E-01
  -3.18592431E-01
  -2.27157871E-01
  -9.00084557E-02
  -3.64313976E-01
  -3.18577052E-01
  -2.27165791E-01
  -9.00031810E-02
  -3.64476807E-01
  -3.18614420E-01
  -2.26969721E-01
  -8.99990526E-02
  -3.64701596E-01
  -3.18961665E-01
  -2.27219796E-01
  -8.91769425E-02
  -3.63744964E-01
  -3.18207724E-01
  -2.27268389E-01
  -9.08389220E-02
