   7.24999571E-01
   2.17195399E+00
   3.60554170E+00
   4.90464246E+00
   6.71483581E-01
   2.00876543E+00
   3.32167941E+00
   4.62671017E+00
   6.18385169E-01
   1.85247508E+00
   3.08516778E+00
   4.32014974E+00
   5.71093056E-01
   1.71379380E+00
   2.85707322E+00
   4.00066924E+00
   5.25688497E-01
   1.57710555E+00
   2.62867810E+00
   3.68031150E+00
   4.80024883E-01
   1.44008405E+00
   2.40014598E+00
   3.36020196E+00
   4.34313878E-01
   1.30293928E+00
   2.17156152E+00
   3.04017896E+00
   3.88595201E-01
   1.16578522E+00
   1.94297399E+00
   2.72016258E+00
   3.42877690E-01
   1.02863313E+00
   1.71438850E+00
   2.40014405E+00
   2.97160780E-01
   8.91481840E-01
   1.48580345E+00
   2.08012484E+00
   2.51443467E-01
   7.54332101E-01
   1.25721804E+00
   1.76010542E+00
   2.05731344E-01
   6.17183548E-01
   1.02863769E+00
   1.44008117E+00
   1.60009997E-01
   4.80047769E-01
   8.00043027E-01
   1.12006450E+00
   1.14206654E-01
   3.42711469E-01
   5.71520488E-01
   8.00083804E-01
   6.83938886E-02
   2.05171756E-01
   3.42126487E-01
   4.80760782E-01
   2.28135025E-02
   6.83472312E-02
   1.13836353E-01
   1.60090272E-01
