   2.19947862E-01
   6.58425373E-01
   1.09110778E+00
   1.47656327E+00
   1.99906862E-01
   5.97962809E-01
   9.88825111E-01
   1.38481629E+00
   1.84743200E-01
   5.53973913E-01
   9.24825668E-01
   1.29623281E+00
   1.71279562E-01
   5.14159117E-01
   8.57135531E-01
   1.20017290E+00
   1.57741168E-01
   4.73177285E-01
   7.88636676E-01
   1.10410393E+00
   1.44009500E-01
   4.32035558E-01
   7.20051604E-01
   1.00806124E+00
   1.30294662E-01
   3.90881608E-01
   6.51468221E-01
   9.12053717E-01
   1.16578323E-01
   3.49735240E-01
   5.82891889E-01
   8.16048692E-01
   1.02863273E-01
   3.08589886E-01
   5.14316496E-01
   7.20043240E-01
   8.91482643E-02
   2.67444428E-01
   4.45741104E-01
   6.24037319E-01
   7.54327280E-02
   2.26299518E-01
   3.77164597E-01
   5.28032153E-01
   6.17187797E-02
   1.85152786E-01
   3.08592886E-01
   4.32021457E-01
   4.80093244E-02
   1.44025203E-01
   2.40006289E-01
   3.36033580E-01
   3.42853081E-02
   1.02879700E-01
   1.71536371E-01
   2.39954207E-01
   2.04969993E-02
   6.15316307E-02
   1.02747934E-01
   1.44731117E-01
   6.71053097E-03
   1.99693142E-02
   3.28705564E-02
   4.54385120E-02
