   8.15996905E-03
   2.27972564E-02
   3.14842460E-02
   1.72350944E-02
  -5.12737300E-03
  -1.55560693E-02
  -2.55957107E-02
  -1.06558770E-02
  -2.57450215E-03
  -5.89536490E-03
  -2.41555445E-03
   6.26306765E-04
  -1.61181017E-04
   6.99222174E-05
   4.52158918E-05
  -9.28951418E-05
   1.15395943E-04
   1.52072213E-04
   1.10822910E-04
   3.49196701E-05
   6.78328310E-06
   3.44756265E-05
   2.60363998E-05
   2.17823924E-06
   1.66098698E-06
  -5.82170828E-07
  -7.80464797E-07
   9.69717637E-08
  -7.90391218E-07
  -1.08572391E-06
  -1.02225940E-06
  -2.77484565E-07
  -1.12615032E-07
  -1.76890849E-07
  -1.83675072E-07
   8.37238132E-08
   1.01444897E-07
  -4.12938699E-07
   2.27861235E-07
  -4.40450007E-07
  -1.04030066E-06
  -3.74406927E-07
  -2.71396785E-06
   1.75579946E-06
  -2.07800463E-06
  -7.59514210E-06
   5.26732920E-06
  -9.64567979E-06
   2.10838506E-05
   3.62409931E-05
  -2.20619061E-05
   4.74370296E-05
   7.77062768E-05
   2.20864754E-04
   2.67414449E-04
  -2.36445744E-04
  -7.05574631E-05
  -6.63204123E-05
   3.66628092E-04
   1.67627407E-03
  -4.45065894E-04
  -1.78285039E-03
  -4.26783156E-03
  -8.62856511E-03
