*type_process{
HYDRO-GEOMECH-COUPLING
}
*title{
EXPER. RESERVOIR + HIERARCHI MESH
}
*exec{
         1
}
*iprtin{
         0
}
*nsd{
         2
}
*geomech{
         1
}
*irregMesh{
         1
}
*Dirichlet{
         0
}
*Neumann{
         1
}
*I4SeaLoad{
         1
}
*numnp{
      5207
}
*numel{
      5108
}
*nelx{
       120
}
*nely{
        16
}
*numnpReserv{
      2057
}
*numelReserv{
      1920
}
*nelxReserv{
       120
}
*nelyReserv{
        16
}
*nlvectP{
         1
}
*nlvectV{
         1
}
*nlvectD{
         1
}
*include{
coordenadas.inc
}
*codigos_cond_contorno_veloc{
         1       120         1         1
       121      3736       241         1
      3857      3976         1         1
         0
}
*valores_cond_contorno_veloc{
       121         2 9.375e-03
                     9.375e-03
        15       241
         0
}
*codigos_cond_contorno_desloc{
      2398      2398         1         1         1
      2399      2399         1         1         1
      2400      2400         1         1         1
      2401      2401         1         1         1
      2402      2402         1         1         1
      2403      2403         1         1         1
      2404      2404         1         1         1
      2405      2405         1         1         1
      2406      2406         1         1         1
      2407      2407         1         1         1
      2408      2408         1         1         1
      2409      2409         1         1         1
      2410      2410         1         1         1
      2411      2411         1         1         1
      2412      2412         1         1         1
      2413      2413         1         1         1
      2414      2414         1         1         1
      2415      2415         1         1         1
      2416      2416         1         1         1
      2417      2417         1         1         1
      2418      2418         1         1         1
      2419      2419         1         1         1
      2420      2420         1         1         1
      2421      2421         1         1         1
      2422      2422         1         1         1
      2423      2423         1         1         1
      2424      2424         1         1         1
      2425      2425         1         1         1
      2426      2426         1         1         1
      2427      2427         1         1         1
      2428      2428         1         1         1
      2429      2429         1         1         1
      2430      2430         1         1         1
      2431      2431         1         1         1
      2432      2432         1         1         1
      2433      2433         1         1         1
      2434      2434         1         1         1
      2435      2435         1         1         1
      2436      2436         1         1         1
      2437      2437         1         1         1
      2438      2438         1         1         1
      2439      2439         1         1         1
      2440      2440         1         1         1
      2441      2441         1         1         1
      2442      2442         1         1         1
      2443      2443         1         1         1
      2444      2444         1         1         1
      2445      2445         1         1         1
      2446      2446         1         1         1
      2447      2447         1         1         1
      2448      2448         1         1         1
      2449      2449         1         1         1
      2450      2450         1         1         1
      2451      2451         1         1         1
      2452      2452         1         1         1
      2453      2453         1         1         1
      2454      2454         1         1         1
      2455      2455         1         1         1
      2456      2456         1         1         1
      2457      2457         1         1         1
      2458      2458         1         1         1
      2459      2459         1         1         1
      2460      2460         1         1         1
      2461      2461         1         1         1
      2462      2462         1         1         1
      2463      2463         1         1         1
      2464      2464         1         1         1
      2465      2465         1         1         1
      2466      2466         1         1         1
      2467      2467         1         1         1
      2468      2468         1         1         1
      2105      2105         1         1         0
      2177      2177         1         1         0
      2251      2251         1         1         0
      2323      2323         1         1         0
      2397      2397         1         1         0
      2539      2539         1         1         0
      2610      2610         1         1         0
      2681      2681         1         1         0
      2752      2752         1         1         0
      2823      2823         1         1         0
      2984      2984         1         1         0
      3160      3160         1         1         0
      3981      3981         1         1         0
      4159      4159         1         1         0
      4284      4284         1         1         0
      4355      4355         1         1         0
      4426      4426         1         1         0
      4497      4497         1         1         0
      4568      4568         1         1         0
      4639      4639         1         1         0
      4710      4710         1         1         0
      4781      4781         1         1         0
      4852      4852         1         1         0
      4923      4923         1         1         0
      4994      4994         1         1         0
      5065      5065         1         1         0
      5136      5136         1         1         0
      5207      5207         1         1         0
      2058      2058         1         1         0
      2132      2132         1         1         0
      2204      2204         1         1         0
      2278      2278         1         1         0
      2350      2350         1         1         0
      2500      2500         1         1         0
      2571      2571         1         1         0
      2642      2642         1         1         0
      2713      2713         1         1         0
      2784      2784         1         1         0
      2939      2939         1         1         0
      3117      3117         1         1         0
      3938      3938         1         1         0
      4114      4114         1         1         0
      4245      4245         1         1         0
      4316      4316         1         1         0
      4387      4387         1         1         0
      4458      4458         1         1         0
      4529      4529         1         1         0
      4600      4600         1         1         0
      4671      4671         1         1         0
      4742      4742         1         1         0
      4813      4813         1         1         0
      4884      4884         1         1         0
      4955      4955         1         1         0
      5026      5026         1         1         0
      5097      5097         1         1         0
      5168      5168         1         1         0
      5137      5137         1         0         0
      5138      5138         1         0         0
      5139      5139         1         0         0
      5140      5140         1         0         0
      5141      5141         1         0         0
      5142      5142         1         0         0
      5143      5143         1         0         0
      5144      5144         1         0         0
      5145      5145         1         0         0
      5146      5146         1         0         0
      5147      5147         1         0         0
      5148      5148         1         0         0
      5149      5149         1         0         0
      5150      5150         1         0         0
      5151      5151         1         0         0
      5152      5152         1         0         0
      5153      5153         1         0         0
      5154      5154         1         0         0
      5155      5155         1         0         0
      5156      5156         1         0         0
      5157      5157         1         0         0
      5158      5158         1         0         0
      5159      5159         1         0         0
      5160      5160         1         0         0
      5161      5161         1         0         0
      5162      5162         1         0         0
      5163      5163         1         0         0
      5164      5164         1         0         0
      5165      5165         1         0         0
      5166      5166         1         0         0
      5167      5167         1         0         0
      5168      5168         1         0         0
      5169      5169         1         0         0
      5170      5170         1         0         0
      5171      5171         1         0         0
      5172      5172         1         0         0
      5173      5173         1         0         0
      5174      5174         1         0         0
      5175      5175         1         0         0
      5176      5176         1         0         0
      5177      5177         1         0         0
      5178      5178         1         0         0
      5179      5179         1         0         0
      5180      5180         1         0         0
      5181      5181         1         0         0
      5182      5182         1         0         0
      5183      5183         1         0         0
      5184      5184         1         0         0
      5185      5185         1         0         0
      5186      5186         1         0         0
      5187      5187         1         0         0
      5188      5188         1         0         0
      5189      5189         1         0         0
      5190      5190         1         0         0
      5191      5191         1         0         0
      5192      5192         1         0         0
      5193      5193         1         0         0
      5194      5194         1         0         0
      5195      5195         1         0         0
      5196      5196         1         0         0
      5197      5197         1         0         0
      5198      5198         1         0         0
      5199      5199         1         0         0
      5200      5200         1         0         0
      5201      5201         1         0         0
      5202      5202         1         0         0
      5203      5203         1         0         0
      5204      5204         1         0         0
      5205      5205         1         0         0
      5206      5206         1         0         0
      5207      5207         1         0         0
         0
}
*valores_cond_contorno_desloc{
      5137                 0.00e+00      -2.00e+01
      5138                 0.00e+00      -4.00e+01
      5139                 0.00e+00      -4.00e+01
      5140                 0.00e+00      -4.00e+01
      5141                 0.00e+00      -4.00e+01
      5142                 0.00e+00      -4.00e+01
      5143                 0.00e+00      -4.00e+01
      5144                 0.00e+00      -4.00e+01
      5145                 0.00e+00      -4.00e+01
      5146                 0.00e+00      -4.00e+01
      5147                 0.00e+00      -4.00e+01
      5148                 0.00e+00      -4.00e+01
      5149                 0.00e+00      -4.00e+01
      5150                 0.00e+00      -4.00e+01
      5151                 0.00e+00      -4.00e+01
      5152                 0.00e+00      -4.00e+01
      5153                 0.00e+00      -4.00e+01
      5154                 0.00e+00      -4.00e+01
      5155                 0.00e+00      -4.00e+01
      5156                 0.00e+00      -4.00e+01
      5157                 0.00e+00      -4.00e+01
      5158                 0.00e+00      -4.00e+01
      5159                 0.00e+00      -4.00e+01
      5160                 0.00e+00      -4.00e+01
      5161                 0.00e+00      -4.00e+01
      5162                 0.00e+00      -4.00e+01
      5163                 0.00e+00      -4.00e+01
      5164                 0.00e+00      -4.00e+01
      5165                 0.00e+00      -4.00e+01
      5166                 0.00e+00      -4.00e+01
      5167                 0.00e+00      -4.00e+01
      5168                 0.00e+00      -4.00e+01
      5169                 0.00e+00      -4.00e+01
      5170                 0.00e+00      -4.00e+01
      5171                 0.00e+00      -4.00e+01
      5172                 0.00e+00      -4.00e+01
      5173                 0.00e+00      -4.00e+01
      5174                 0.00e+00      -4.00e+01
      5175                 0.00e+00      -4.00e+01
      5176                 0.00e+00      -4.00e+01
      5177                 0.00e+00      -4.00e+01
      5178                 0.00e+00      -4.00e+01
      5179                 0.00e+00      -4.00e+01
      5180                 0.00e+00      -4.00e+01
      5181                 0.00e+00      -4.00e+01
      5182                 0.00e+00      -4.00e+01
      5183                 0.00e+00      -4.00e+01
      5184                 0.00e+00      -4.00e+01
      5185                 0.00e+00      -4.00e+01
      5186                 0.00e+00      -4.00e+01
      5187                 0.00e+00      -4.00e+01
      5188                 0.00e+00      -4.00e+01
      5189                 0.00e+00      -4.00e+01
      5190                 0.00e+00      -4.00e+01
      5191                 0.00e+00      -4.00e+01
      5192                 0.00e+00      -4.00e+01
      5193                 0.00e+00      -4.00e+01
      5194                 0.00e+00      -4.00e+01
      5195                 0.00e+00      -4.00e+01
      5196                 0.00e+00      -4.00e+01
      5197                 0.00e+00      -4.00e+01
      5198                 0.00e+00      -4.00e+01
      5199                 0.00e+00      -4.00e+01
      5200                 0.00e+00      -4.00e+01
      5201                 0.00e+00      -4.00e+01
      5202                 0.00e+00      -4.00e+01
      5203                 0.00e+00      -4.00e+01
      5204                 0.00e+00      -4.00e+01
      5205                 0.00e+00      -4.00e+01
      5206                 0.00e+00      -4.00e+01
      5207                 0.00e+00      -2.00e+01
         0
}
*ntype{
         1
}
*numat{
         1
}
*nen{
         4
}
*nicode{
         9
}
*material_properties{
         1       1.00e+00  1.00e+08  1.00e+08
}
*constant_body_forces{
       0.0     -10.0       0.0
}
*include{
mesh_rsrv_outsburden.inc
}
*conectividades_ladais{
         1         1         1       122       242       121         1
       120         1         1        16       120       241
         0
}
*include{
layer_reference.inc
}
*include{
elmnt_geoformation.inc
}
*include{
data.inc
}
*include{
randfiles.inc
}
*include{
geomechLayers.inc
}
*include{
NumericParam.inc
}
*uinclude{
mcmc.inc
}
*include{
SimulatorParam.inc
}
*include{
CreepParameters.inc
}
