   4.75000000E-01
   4.75000000E-01
   4.75000000E-01
   4.75000000E-01
   4.75000000E-01
   4.75000000E-01
   4.75000000E-01
   4.75000000E-01
   4.75000000E-01
   4.75000000E-01
   4.75000000E-01
   4.75000000E-01
   4.75000000E-01
   4.75000000E-01
   4.75000000E-01
   4.75000000E-01
   4.75000000E-01
   4.75000000E-01
   4.75000000E-01
   4.75000000E-01
   4.75000000E-01
   4.75000000E-01
   4.75000000E-01
   4.75000000E-01
   4.75000000E-01
   4.75000000E-01
   4.75000000E-01
   4.75000000E-01
   4.75000000E-01
   4.75000000E-01
   4.75000000E-01
   4.75000000E-01
   4.75000000E-01
   4.75000000E-01
   4.75000000E-01
   4.75000000E-01
   4.75000000E-01
   4.75000000E-01
   4.75000000E-01
   4.75000000E-01
   4.75000000E-01
   4.75000000E-01
   4.75000000E-01
   4.75000000E-01
   4.75000000E-01
   4.75000000E-01
   4.75000000E-01
   4.75000000E-01
   4.75000000E-01
   4.75000000E-01
   4.75000000E-01
   4.75000000E-01
   4.75000000E-01
   4.75000000E-01
   4.75000000E-01
   4.75000000E-01
   4.75000000E-01
   4.75000000E-01
   4.75000000E-01
   4.75000000E-01
   4.75000000E-01
   4.75000000E-01
   4.75000000E-01
   4.75000000E-01
