   2.75053472E-03
   7.56506363E-03
   1.21307619E-02
   7.67700444E-03
  -1.84011375E-03
  -4.91761693E-03
  -1.15039202E-02
  -5.87813365E-03
  -6.76548643E-04
  -2.56227907E-03
   1.50605034E-03
   1.75411338E-03
  -1.32959948E-04
   1.15437421E-03
  -4.47637506E-04
  -5.76659410E-04
   3.27937844E-04
  -4.23962950E-04
   2.67178569E-04
   1.98723954E-04
  -2.51088300E-04
   2.38768512E-04
  -1.27591251E-04
  -5.77152611E-05
   1.69444996E-04
  -1.43107129E-04
   6.84133686E-05
   1.42049216E-05
  -1.07733360E-04
   8.21060275E-05
  -3.65767401E-05
  -7.03829072E-06
   6.34190703E-05
  -4.09591839E-05
   9.08687076E-06
   1.58196858E-05
  -3.33889375E-05
   9.45435889E-06
   2.13083322E-05
  -3.83209655E-05
   1.57233597E-05
   1.65948206E-05
  -6.02503637E-05
   8.32561650E-05
  -9.83491391E-06
  -3.51629579E-05
   1.11836081E-04
  -1.75295758E-04
  -5.03986498E-06
  -1.38067760E-06
  -1.89416219E-04
   3.71453997E-04
   1.04395553E-04
   2.18030955E-04
   2.61966594E-04
  -8.21996294E-04
  -5.33279537E-05
   5.14011274E-05
   5.10712878E-04
   2.01870727E-03
  -3.21419872E-04
  -1.21132474E-03
  -2.52192266E-03
  -4.57812418E-03
