  -3.71769043E-01
  -3.24633068E-01
  -2.29111863E-01
  -7.45460259E-02
  -3.72473810E-01
  -3.22841703E-01
  -2.22294184E-01
  -8.24503034E-02
  -3.67120224E-01
  -3.18984599E-01
  -2.26111422E-01
  -8.78437551E-02
  -3.66050659E-01
  -3.20075247E-01
  -2.27143604E-01
  -8.67904906E-02
  -3.66533381E-01
  -3.19857928E-01
  -2.26609687E-01
  -8.70590040E-02
  -3.66475322E-01
  -3.19893075E-01
  -2.26768435E-01
  -8.69231678E-02
  -3.66482389E-01
  -3.19903786E-01
  -2.26697680E-01
  -8.69761451E-02
  -3.66482854E-01
  -3.19888672E-01
  -2.26733986E-01
  -8.69544876E-02
  -3.66481155E-01
  -3.19897138E-01
  -2.26715451E-01
  -8.69662556E-02
  -3.66480470E-01
  -3.19897660E-01
  -2.26722896E-01
  -8.69589735E-02
  -3.66484722E-01
  -3.19886145E-01
  -2.26727942E-01
  -8.69611905E-02
  -3.66478433E-01
  -3.19910616E-01
  -2.26698756E-01
  -8.69721947E-02
  -3.66450979E-01
  -3.19877848E-01
  -2.26801797E-01
  -8.69293757E-02
  -3.66608452E-01
  -3.19856262E-01
  -2.26504332E-01
  -8.70909545E-02
  -3.66808825E-01
  -3.20231621E-01
  -2.26754092E-01
  -8.62654612E-02
  -3.66059282E-01
  -3.19604631E-01
  -2.26843872E-01
  -8.75522148E-02
