   7.26777453E-01
   2.17828507E+00
   3.63288722E+00
   5.03514920E+00
   6.77904731E-01
   2.03431134E+00
   3.37805823E+00
   4.72457993E+00
   6.29662499E-01
   1.88567121E+00
   3.14437315E+00
   4.40293438E+00
   5.81649253E-01
   1.74716310E+00
   2.91149757E+00
   4.07647166E+00
   5.36106372E-01
   1.60700947E+00
   2.67884030E+00
   3.75019393E+00
   4.88939452E-01
   1.46764439E+00
   2.44572076E+00
   3.42413669E+00
   4.42712151E-01
   1.32761514E+00
   2.21292272E+00
   3.09799507E+00
   3.95902752E-01
   1.18802289E+00
   1.97989768E+00
   2.77191549E+00
   3.49445158E-01
   1.04816774E+00
   1.74701248E+00
   2.44579687E+00
   3.02795842E-01
   9.08444229E-01
   1.51407559E+00
   2.11968471E+00
   2.56223395E-01
   7.68701027E-01
   1.28109381E+00
   1.79360799E+00
   2.09654250E-01
   6.28868475E-01
   1.04828232E+00
   1.46743418E+00
   1.63055744E-01
   4.89267844E-01
   8.15114266E-01
   1.14144671E+00
   1.16417550E-01
   3.49255973E-01
   5.82646292E-01
   8.15091570E-01
   6.97114436E-02
   2.09205550E-01
   3.48698136E-01
   4.89890719E-01
   2.32750241E-02
   6.96629247E-02
   1.15969723E-01
   1.63290427E-01
