   3.46525794E-01
   1.03827881E+00
   1.73138354E+00
   2.39534245E+00
   3.21130693E-01
   9.63962020E-01
   1.59911330E+00
   2.24138335E+00
   2.98768326E-01
   8.94476744E-01
   1.49429262E+00
   2.09222704E+00
   2.76220239E-01
   8.30450801E-01
   1.38274872E+00
   1.93605012E+00
   2.54806297E-01
   7.63128116E-01
   1.27257605E+00
   1.78143651E+00
   2.32126973E-01
   6.97244498E-01
   1.16165675E+00
   1.62643751E+00
   2.10368758E-01
   6.30549213E-01
   1.05117079E+00
   1.47155441E+00
   1.88002634E-01
   5.64349874E-01
   9.40434024E-01
   1.31665651E+00
   1.66016574E-01
   4.97860219E-01
   8.29835244E-01
   1.16176103E+00
   1.43812165E-01
   4.31515499E-01
   7.19196025E-01
   1.00683203E+00
   1.21713581E-01
   3.65140870E-01
   6.08490941E-01
   8.52003342E-01
   9.95810972E-02
   2.98695823E-01
   4.97987226E-01
   6.96947971E-01
   7.74490843E-02
   2.32401570E-01
   3.87089304E-01
   5.42363627E-01
   5.53479243E-02
   1.66000152E-01
   2.76881423E-01
   3.86778047E-01
   3.30876049E-02
   9.93970518E-02
   1.65874203E-01
   2.33656978E-01
   1.09029620E-02
   3.25145100E-02
   5.38877053E-02
   7.53883440E-02
