 0.10000000E+02  -0.21259001E-01  -0.23343941E-01  -0.25691229E-01  -0.27380414E-01  -0.30047034E-01  -0.32782177E-01  -0.35455737E-01  -0.37127437E-01  -0.39343506E-01  -0.41071962E-01
 0.20000000E+02  -0.24575610E-01  -0.27593678E-01  -0.30979125E-01  -0.33406968E-01  -0.37223229E-01  -0.41111551E-01  -0.44877538E-01  -0.47207652E-01  -0.50251488E-01  -0.52563715E-01
 0.30000000E+02  -0.27554566E-01  -0.31299315E-01  -0.35483671E-01  -0.38473530E-01  -0.43152726E-01  -0.47888984E-01  -0.52435112E-01  -0.55219029E-01  -0.58803739E-01  -0.61456762E-01
 0.40000000E+02  -0.30369429E-01  -0.34745652E-01  -0.39618632E-01  -0.43089132E-01  -0.48499368E-01  -0.53943529E-01  -0.59127150E-01  -0.62271965E-01  -0.66268644E-01  -0.69155555E-01
 0.50000000E+02  -0.33059879E-01  -0.38005731E-01  -0.43496022E-01  -0.47394722E-01  -0.53451280E-01  -0.59513835E-01  -0.65244527E-01  -0.68692037E-01  -0.73021440E-01  -0.76078713E-01
 0.60000000E+02  -0.35642273E-01  -0.41111166E-01  -0.47165324E-01  -0.51453069E-01  -0.58092902E-01  -0.64707556E-01  -0.70918896E-01  -0.74626858E-01  -0.79232540E-01  -0.82416440E-01
 0.70000000E+02  -0.38128696E-01  -0.44083334E-01  -0.50658749E-01  -0.55304408E-01  -0.62477512E-01  -0.69591876E-01  -0.76231752E-01  -0.80167362E-01  -0.85006199E-01  -0.88284289E-01
 0.80000000E+02  -0.40530019E-01  -0.46939672E-01  -0.54001334E-01  -0.58979377E-01  -0.66644810E-01  -0.74216115E-01  -0.81242234E-01  -0.85379109E-01  -0.90416898E-01  -0.93764112E-01
 0.90000000E+02  -0.42856181E-01  -0.49695093E-01  -0.57213708E-01  -0.62502795E-01  -0.70626367E-01  -0.78618976E-01  -0.85996288E-01  -0.90312739E-01  -0.95521708E-01  -0.98918160E-01
 0.10000000E+03  -0.45116124E-01  -0.52362434E-01  -0.60313157E-01  -0.65895196E-01  -0.74447938E-01  -0.82831710E-01  -0.90530716E-01  -0.95008619E-01  -0.10036583E+00  -0.10379543E+00
 0.11000000E+03  -0.47317769E-01  -0.54952724E-01  -0.63314245E-01  -0.69173719E-01  -0.78130786E-01  -0.86879915E-01  -0.94875469E-01  -0.99499482E-01  -0.10498571E+00  -0.10843527E+00
 0.12000000E+03  -0.49468056E-01  -0.57475419E-01  -0.66229280E-01  -0.72352739E-01  -0.81692601E-01  -0.90784755E-01  -0.99055187E-01  -0.10381217E+00  -0.10941112E+00  -0.11286964E+00
 0.13000000E+03  -0.51573031E-01  -0.59938620E-01  -0.69068686E-01  -0.75444366E-01  -0.85148186E-01  -0.94563852E-01  -0.10309031E+00  -0.10796891E+00  -0.11366661E+00  -0.11712484E+00
 0.14000000E+03  -0.53637945E-01  -0.62349272E-01  -0.71841318E-01  -0.78458841E-01  -0.88509997E-01  -0.98231981E-01  -0.10699791E+00  -0.11198821E+00  -0.11777259E+00  -0.12122264E+00
 0.15000000E+03  -0.55667353E-01  -0.64713340E-01  -0.74554729E-01  -0.81404865E-01  -0.91788573E-01  -0.10180160E+00  -0.11079237E+00  -0.11588563E+00  -0.12174614E+00  -0.12518126E+00
 0.16000000E+03  -0.57665213E-01  -0.67035961E-01  -0.77215382E-01  -0.84289864E-01  -0.94992877E-01  -0.10528329E+00  -0.11448584E+00  -0.11967435E+00  -0.12560170E+00  -0.12901602E+00
 0.17000000E+03  -0.59634970E-01  -0.69321575E-01  -0.79828837E-01  -0.87120205E-01  -0.98130579E-01  -0.10868608E+00  -0.11808871E+00  -0.12336555E+00  -0.12935153E+00  -0.13273993E+00
 0.18000000E+03  -0.61579632E-01  -0.71574033E-01  -0.82399893E-01  -0.89901379E-01  -0.10120827E+00  -0.11201771E+00  -0.12160986E+00  -0.12696884E+00  -0.13300612E+00  -0.13636408E+00
 0.19000000E+03  -0.63501829E-01  -0.73796686E-01  -0.84932714E-01  -0.92638139E-01  -0.10423165E+00  -0.11528488E+00  -0.12505697E+00  -0.13049248E+00  -0.13657449E+00  -0.13989803E+00
 0.20000000E+03  -0.65403873E-01  -0.75992466E-01  -0.87430928E-01  -0.95334621E-01  -0.10720568E+00  -0.11849341E+00  -0.12843668E+00  -0.13394366E+00  -0.14006445E+00  -0.14335001E+00
 0.21000000E+03  -0.67287801E-01  -0.78163945E-01  -0.89897714E-01  -0.97994442E-01  -0.11013468E+00  -0.12164836E+00  -0.13175482E+00  -0.13732862E+00  -0.14348282E+00  -0.14672720E+00
 0.22000000E+03  -0.69155412E-01  -0.80313390E-01  -0.92335862E-01  -0.10062078E+00  -0.11302245E+00  -0.12475417E+00  -0.13501645E+00  -0.14065284E+00  -0.14683555E+00  -0.15003588E+00
 0.23000000E+03  -0.71008302E-01  -0.82442802E-01  -0.94747836E-01  -0.10321643E+00  -0.11587232E+00  -0.12781478E+00  -0.13822608E+00  -0.14392114E+00  -0.15012789E+00  -0.15328156E+00
 0.24000000E+03  -0.72847892E-01  -0.84553960E-01  -0.97135820E-01  -0.10578388E+00  -0.11868728E+00  -0.13083365E+00  -0.14138765E+00  -0.14713779E+00  -0.15336446E+00  -0.15646911E+00
 0.25000000E+03  -0.74675447E-01  -0.86648446E-01  -0.99501754E-01  -0.10832532E+00  -0.12146993E+00  -0.13381386E+00  -0.14450470E+00  -0.15030659E+00  -0.15654939E+00  -0.15960286E+00
 0.26000000E+03  -0.76492099E-01  -0.88727673E-01  -0.10184737E+00  -0.11084274E+00  -0.12422265E+00  -0.13675817E+00  -0.14758038E+00  -0.15343091E+00  -0.15968634E+00  -0.16268666E+00
 0.27000000E+03  -0.78298865E-01  -0.90792907E-01  -0.10417422E+00  -0.11333788E+00  -0.12694752E+00  -0.13966905E+00  -0.15061750E+00  -0.15651378E+00  -0.16277860E+00  -0.16572395E+00
 0.28000000E+03  -0.80096656E-01  -0.92845283E-01  -0.10648370E+00  -0.11581233E+00  -0.12964644E+00  -0.14254870E+00  -0.15361860E+00  -0.15955794E+00  -0.16582912E+00  -0.16871782E+00
 0.29000000E+03  -0.81886296E-01  -0.94885827E-01  -0.10877705E+00  -0.11826752E+00  -0.13232112E+00  -0.14539913E+00  -0.15658597E+00  -0.16256583E+00  -0.16884056E+00  -0.17167107E+00
 0.30000000E+03  -0.83668528E-01  -0.96915461E-01  -0.11105542E+00  -0.12070474E+00  -0.13497310E+00  -0.14822215E+00  -0.15952166E+00  -0.16553969E+00  -0.17181533E+00  -0.17458620E+00
 0.31000000E+03  -0.85444022E-01  -0.98935024E-01  -0.11331984E+00  -0.12312514E+00  -0.13760377E+00  -0.15101940E+00  -0.16242757E+00  -0.16848152E+00  -0.17475561E+00  -0.17746552E+00
 0.32000000E+03  -0.87213389E-01  -0.10094527E+00  -0.11557122E+00  -0.12552980E+00  -0.14021441E+00  -0.15379238E+00  -0.16530541E+00  -0.17139318E+00  -0.17766340E+00  -0.18031110E+00
 0.33000000E+03  -0.88977182E-01  -0.10294690E+00  -0.11781043E+00  -0.12791968E+00  -0.14280618E+00  -0.15654246E+00  -0.16815673E+00  -0.17427633E+00  -0.18054051E+00  -0.18312483E+00
 0.34000000E+03  -0.90735903E-01  -0.10494053E+00  -0.12003823E+00  -0.13029566E+00  -0.14538014E+00  -0.15927088E+00  -0.17098298E+00  -0.17713253E+00  -0.18338861E+00  -0.18590846E+00
 0.35000000E+03  -0.92490013E-01  -0.10692675E+00  -0.12225534E+00  -0.13265856E+00  -0.14793727E+00  -0.16197879E+00  -0.17378546E+00  -0.17996317E+00  -0.18620921E+00  -0.18866357E+00
 0.36000000E+03  -0.94239930E-01  -0.10890607E+00  -0.12446240E+00  -0.13500912E+00  -0.15047847E+00  -0.16466726E+00  -0.17656538E+00  -0.18276957E+00  -0.18900373E+00  -0.19139164E+00
 0.37000000E+03  -0.95986037E-01  -0.11087898E+00  -0.12666002E+00  -0.13734802E+00  -0.15300455E+00  -0.16733725E+00  -0.17932387E+00  -0.18555292E+00  -0.19177345E+00  -0.19409401E+00
 0.38000000E+03  -0.97728685E-01  -0.11284592E+00  -0.12884874E+00  -0.13967589E+00  -0.15551629E+00  -0.16998967E+00  -0.18206196E+00  -0.18831432E+00  -0.19451958E+00  -0.19677192E+00
 0.39000000E+03  -0.99468196E-01  -0.11480729E+00  -0.13102907E+00  -0.14199332E+00  -0.15801440E+00  -0.17262535E+00  -0.18478060E+00  -0.19105482E+00  -0.19724323E+00  -0.19942655E+00
 0.40000000E+03  -0.10120486E+00  -0.11676349E+00  -0.13320148E+00  -0.14430084E+00  -0.16049951E+00  -0.17524508E+00  -0.18748068E+00  -0.19377536E+00  -0.19994543E+00  -0.20205895E+00
 0.41000000E+03  -0.10293896E+00  -0.11871484E+00  -0.13536641E+00  -0.14659896E+00  -0.16297226E+00  -0.17784957E+00  -0.19016304E+00  -0.19647684E+00  -0.20262713E+00  -0.20467014E+00
 0.42000000E+03  -0.10467074E+00  -0.12066167E+00  -0.13752426E+00  -0.14888815E+00  -0.16543320E+00  -0.18043950E+00  -0.19282845E+00  -0.19916008E+00  -0.20528924E+00  -0.20726103E+00
 0.43000000E+03  -0.10640042E+00  -0.12260428E+00  -0.13967541E+00  -0.15116883E+00  -0.16788286E+00  -0.18301549E+00  -0.19547764E+00  -0.20182587E+00  -0.20793258E+00  -0.20983251E+00
 0.44000000E+03  -0.10812823E+00  -0.12454294E+00  -0.14182020E+00  -0.15344142E+00  -0.17032176E+00  -0.18557815E+00  -0.19811127E+00  -0.20447493E+00  -0.21055794E+00  -0.21238537E+00
 0.45000000E+03  -0.10985436E+00  -0.12647791E+00  -0.14395896E+00  -0.15570630E+00  -0.17275033E+00  -0.18812802E+00  -0.20072998E+00  -0.20710794E+00  -0.21316606E+00  -0.21492039E+00
 0.46000000E+03  -0.11157898E+00  -0.12840943E+00  -0.14609199E+00  -0.15796381E+00  -0.17516904E+00  -0.19066563E+00  -0.20333438E+00  -0.20972554E+00  -0.21575762E+00  -0.21743829E+00
 0.47000000E+03  -0.11330227E+00  -0.13033772E+00  -0.14821959E+00  -0.16021429E+00  -0.17757828E+00  -0.19319145E+00  -0.20592503E+00  -0.21232834E+00  -0.21833328E+00  -0.21993972E+00
 0.48000000E+03  -0.11502438E+00  -0.13226298E+00  -0.15034202E+00  -0.16245807E+00  -0.17997845E+00  -0.19570597E+00  -0.20850245E+00  -0.21491691E+00  -0.22089365E+00  -0.22242534E+00
 0.49000000E+03  -0.11674545E+00  -0.13418541E+00  -0.15245953E+00  -0.16469542E+00  -0.18236990E+00  -0.19820961E+00  -0.21106716E+00  -0.21749178E+00  -0.22343930E+00  -0.22489574E+00
 0.50000000E+03  -0.11846562E+00  -0.13610518E+00  -0.15457236E+00  -0.16692664E+00  -0.18475299E+00  -0.20070279E+00  -0.21361962E+00  -0.22005347E+00  -0.22597078E+00  -0.22735149E+00
