   1200.0000
    160.0000
    120
     16
      3
      0.2000
      2
      2
      0
     -0.3542     -0.5780     -0.9928     -1.3000     -1.6600     -1.9256     -1.9842     -2.1779     -2.2603     -2.2910     -2.9113     -3.6636     -3.5090     -3.4633     -3.8112     -3.0759     -2.7759     -2.8560     -1.5046     -0.9314     -1.1587     -1.3553     -2.0624     -1.0096      0.2237     -0.1819      0.0586      0.1012      0.2109      0.9808      0.9533      1.4355      1.7186      1.2910      1.6224      1.1313      0.5742      1.1314      1.4438      2.0439      2.3370      1.6758      0.8385     -0.2195     -0.5686     -0.5300     -0.7497     -0.4376     -0.6894     -1.1202     -0.3890     -0.0639     -0.1567      0.1273     -0.1433     -0.0957      0.7555      0.7485      0.4949      0.8194      0.3617     -0.1234      0.4370      0.7483      0.6088      0.4398      0.1893     -0.0626     -0.4706     -0.3074      0.1431     -0.2025     -0.2954     -0.1092     -0.1797      0.5531      1.4068      1.2914      0.6711      0.1030      0.1775      0.4478      0.2604      0.3360      0.7844      0.6445      0.0195      0.2455      0.9824      0.8340      0.5652      0.5809      0.1696     -0.2752     -0.8816     -1.5344     -1.5206     -1.4587     -1.4051     -0.9904     -0.9744     -1.2646     -0.8626     -0.3634     -0.6461     -0.3973      0.3724     -0.0085     -0.9242     -1.9214     -2.4336     -1.5985     -1.4207     -1.5737     -0.7103     -0.6330     -0.5764      0.0827     -0.0983     -0.2958
192837465
      1
      0.3705      0.2210     -0.7736     -1.1662     -0.5608     -0.7804     -1.5354     -1.5593     -1.7475     -2.3086     -2.4127     -2.5468     -2.5288     -2.2371     -2.5626     -2.9124     -2.9149     -2.4883     -1.3080     -0.8452     -1.0124     -0.5300     -0.3074     -0.2885      0.3779      0.8841      0.5537      0.2871      0.8534      1.1837      0.9804      1.1578      1.4953      1.6025      1.2795      0.9547      0.9850      0.6999      0.7526      1.1452      1.0063      1.2067      1.3484      0.7605      0.0644     -0.3725      0.2597      0.9320      0.8106      1.2472      1.0065     -0.0615      0.2648      0.7665      0.4754      0.5837      0.7248      0.4845      0.5604      0.8856      0.8801      1.1687      1.6144      0.9391      0.4860      0.9052      0.4873      0.1239      0.3924      0.3002      0.4304      0.4455      0.0903     -0.0704     -0.3821     -0.0122      0.5181     -0.0143      0.3305      1.2511      0.8298      0.2006      0.0227      0.2007      0.7054      0.7592      0.7377      1.0357      1.1184      0.8153      0.0494     -0.7128     -0.7699     -0.6473     -1.0640     -1.3657     -1.2057     -1.3913     -1.5220     -1.0213     -0.7752     -1.1630     -1.5764     -1.4789     -1.4269     -1.6423     -1.0726     -0.5937     -0.9579     -0.8162     -0.6184     -0.9996     -1.1982     -1.0353     -0.4537     -0.1284     -0.4604     -0.4318     -0.0503      0.0963
192837465
      2
      0.3335     -0.0649      0.2516      0.3632     -0.2002     -0.6102     -0.6957     -0.7793     -0.9547     -1.1677     -1.5709     -1.6789     -1.7861     -2.3230     -2.1171     -1.9960     -1.9321     -0.6190     -0.7103     -1.4352      0.1452      0.8444     -0.2306     -0.2001      0.4952      0.4887      0.3413      1.1062      1.7991      1.5564      1.5660      1.6319      1.4022      1.3490      1.4436      1.6701      0.7898     -0.6372     -0.4524      0.1765      0.5554      1.2744      1.4809      1.1813      0.6776      0.4629      0.7443      0.4043      0.3511      1.0361      0.9688      1.1682      1.4757      0.2351     -0.5836     -0.2206     -0.1321      0.0241     -0.1898     -0.4489      0.6171      1.3584      0.9805      0.4892      0.1581      0.5300      0.6760      0.4278      0.9352      0.6872     -0.2492     -0.2177     -0.1462     -0.6968     -1.3298     -1.1475     -0.2327      0.4070      0.9763      0.8831     -0.0261     -0.4508     -0.4943     -0.3567     -0.2706      0.2085      1.4596      1.4019      0.4687     -0.1111     -1.1476     -1.2905     -0.6327     -0.4050     -0.1358     -0.4758     -0.8108     -0.7964     -1.4945     -1.5408     -0.5881      0.1440      0.1450     -0.7574     -1.2108     -0.9546     -1.0128     -0.8883     -0.6368     -0.9611     -1.5693     -1.6044     -0.8149     -0.2185     -0.2795     -0.5475     -0.7482     -0.4929      0.1326      0.6404
192837465
      3
      0.6763      0.6762     -0.2045     -0.8406     -0.5917     -0.7364     -0.9316     -0.7651     -0.8432     -0.8005     -0.8899     -1.0426     -0.9879     -0.9576     -0.5576     -0.6824     -0.9916     -0.5513     -0.8475     -1.0520     -0.4394     -0.3191     -0.2628     -0.1664      0.2735      0.9203      0.7220      0.7815      1.3299      1.8958      2.3040      1.9150      2.0081      2.0969      1.1258      1.0313      1.3308      0.9616      0.8968      0.9337      1.0524      1.2855      0.6696     -0.4134     -0.5369     -0.2715     -0.3591      0.4150      0.7822     -0.2443     -0.0567      0.5892     -0.0409     -0.3594      0.0117      0.3746      0.4443      0.5177      1.0070      1.3341      1.4818      1.4718      1.3605      1.1727      0.1723     -0.5988     -0.5021     -0.1189      0.6334      0.3670     -0.3574      0.2919      0.5594     -0.0284     -0.1332     -0.0464     -0.0856     -0.1268      0.0755     -0.0102     -0.6425     -0.5323      0.0809     -0.2478     -1.0946     -0.9102      0.2071      0.7628      0.6232      0.1845     -0.1609      0.3162      0.7779      0.4332     -0.1809     -0.6283     -0.7270     -0.6327     -0.4049     -0.4266     -0.5887     -0.1567     -0.4835     -1.3947     -0.8346     -0.6644     -1.8411     -1.4665     -0.0837     -0.5046     -1.2259     -0.5254     -0.5060     -1.2336     -1.0168     -0.4874     -0.1454     -0.2157      0.1144      1.5512
192837465
      4
      0.0790      0.5071      0.1194     -0.4532     -0.6537     -0.7563     -0.5166     -0.7265     -1.1588     -1.0259     -0.9332     -0.6275     -0.5986     -0.9835     -0.5028      0.0235      0.0422     -0.3883     -0.6745      0.2635      0.4053      0.1559      0.8441      0.0370     -1.0250     -1.0764     -1.1010     -0.3447     -0.2340     -0.1494      1.2521      1.3550      0.7286      0.5633      0.2301      0.2362     -0.0033      0.1482      1.1646      1.3091      0.8067      0.6723      0.6940      0.1420     -0.4788     -0.3782     -0.5663     -0.3613      0.0977     -0.8143     -0.6596      0.5345     -0.0135     -0.6322     -0.6356     -0.9987     -0.5589      0.5983      1.2000      1.0627      0.8492      0.9447      0.6420     -0.1328     -0.4449     -0.3899     -0.5855     -0.8062     -0.8139     -0.6108     -0.1252      0.3395      0.6235      0.5062     -0.1387     -0.3865     -0.3034     -0.7762     -1.3482     -1.5283     -1.2358     -0.8259     -0.9199     -0.9799     -0.7047     -0.4833     -0.3898     -0.3387      0.2113      0.7063      0.5422      0.9846      1.1777      0.0152     -0.0206      0.9802      0.5908      0.0284      0.3761      0.5990      0.3991     -0.6249     -1.8527     -1.8682     -1.4772     -1.2952     -1.0105     -1.2421     -1.6859     -1.5347     -1.2396     -1.6274     -2.0143     -0.7407      0.7664      0.7120      0.7690      1.1774      1.4001      2.0313
192837465
      5
      0.4738      0.3160      0.4613     -0.0680     -0.4617     -0.4438     -0.7458     -0.8299     -1.2285     -1.8254     -2.2064     -2.3763     -1.4391     -0.6378     -0.8157     -0.3065      0.7129      1.1948      1.2624      0.9591      0.4596      0.5772      1.0149      0.2159     -1.1996     -1.5530     -1.5193     -1.7411     -1.2282     -0.3675     -0.6120     -0.6789      0.3103      0.1759     -0.5501     -0.2273      0.0149      0.0803      0.1267     -0.0124      0.6083      1.1320      0.6385      0.4846      1.0396      1.0249      0.1636     -0.3995     -0.4449     -0.6784     -0.9308     -1.0333     -1.3572     -1.7798     -1.6502     -1.1459     -1.0943     -0.9123     -0.0919      0.4597      0.6157      0.7391      0.8112      0.7354      0.4194      0.3263      0.1661     -0.2673      0.1467      0.4537     -0.2468     -0.2174      0.1581     -0.3494     -1.1604     -1.9257     -1.7083     -0.9090     -1.1139     -0.9754     -0.2433     -0.5121     -0.4999      0.4289      0.3428     -0.5229     -0.3336     -0.1644     -0.8999     -0.2115      1.1501      0.9338      1.0032      1.4407      0.8348      0.9776      1.7384      1.1233      0.2015     -0.2638     -1.4939     -2.3252     -1.7597     -1.4910     -1.1157     -0.5233     -1.1584     -1.6557     -1.6873     -1.9387     -1.7747     -1.6167     -0.8695      0.0606     -0.2232     -0.2645      0.2486      0.9291      1.5052      1.1138
192837465
      6
      1.2340      1.7976      0.7165     -0.5916     -0.2966     -0.2630     -0.6747     -0.5814     -1.0447     -1.3629     -0.9939     -0.9596     -1.0304     -0.9317     -0.3411      0.4696      0.4358      0.2082      0.2936      0.1117     -0.1932     -0.2625     -0.1551     -0.3634     -1.0507     -1.8408     -2.2072     -1.5025     -0.7613     -1.2954     -1.4745     -0.5817     -0.4280     -0.4198      0.3719      0.3288     -0.1863     -0.0036     -0.0055     -0.1023     -0.0506     -0.0138      0.4376      0.3271     -0.3016     -0.0695     -0.0378     -0.6613     -0.6547     -0.4824     -0.7174     -0.7581     -0.8530     -1.2333     -1.2919     -1.3583     -1.6777     -1.3592     -0.8412     -0.8931     -0.6999     -0.3310     -0.3776     -0.2887     -0.0124      0.3901      0.6553     -0.1863     -0.7117      0.3822      1.0355      0.6581      0.1317     -0.4752     -0.3943     -0.2673     -0.7667     -0.5521     -0.2468     -0.6660     -0.3667      0.3990      0.2974      0.3625      1.1670      1.1153      0.4514      0.0733     -0.2076      0.6321      1.4569      0.7432      0.7461      1.5250      1.5271      1.1655      0.3264     -0.6003     -1.0176     -1.0566     -0.8378     -1.0512     -1.5464     -1.6395     -1.2167     -0.8446     -1.2022     -1.5157     -1.8517     -2.2589     -1.8008     -1.5914     -1.1019      0.4877      0.9402      0.6729      0.9732      1.0720      0.9909      0.9055
192837465
      7
      1.0207      0.8755     -0.3497     -0.4738     -0.3097     -0.9221     -0.9442     -0.7992     -0.4730     -0.3527     -0.9494     -0.7333     -0.2327     -0.1111      0.1415      0.3141      1.0498      1.4088      0.7386      0.4270      0.0345     -0.2179     -0.0992     -0.7570     -1.7161     -2.5368     -2.3769     -1.2523     -1.0762     -1.2206     -1.2414     -1.7693     -1.8148     -1.2330     -0.5535     -0.5744     -1.1379     -1.1496     -1.5306     -1.9866     -1.8002     -1.5956     -0.5408      0.1110     -0.4940     -0.4485     -0.7117     -1.1795     -0.5688     -0.2845      0.0168      0.0694     -0.8153     -0.3298      0.2814     -0.7718     -1.0948     -1.2692     -2.0736     -1.3022     -0.4132     -0.8020     -0.0915      1.1319      0.7709      0.4506      0.8490      0.4031      0.4141      1.0252      0.0163     -0.1813      1.0753      0.4519      0.0506      0.5561     -0.3597     -0.2991      0.2010     -0.7571     -0.6589     -0.0278      0.0797      0.5591      0.5661      0.9338      1.9430      1.6505      0.9503      0.9208      0.6280      0.4073      0.8018      1.0448      1.0470      1.0989      0.6796     -0.0432     -0.8133     -1.6800     -1.5018     -0.6527     -0.9256     -1.4203     -0.8690     -0.3655     -0.5671     -0.5872     -0.2682     -0.4200     -0.9215     -1.0606     -0.4710      0.6831      1.2478      0.7097     -0.0214     -0.2768      0.1878      0.8798
192837465
      8
      0.0875     -0.0904     -0.9789     -1.4135     -1.5499     -1.7330     -0.9322     -0.3641     -1.0532     -0.9113     -0.1129     -0.6397     -0.7766      0.3784      0.1783     -0.5685      0.2823      0.9208      0.5132     -0.2128     -0.7075     -0.1544     -0.1630     -1.0403     -1.2808     -1.9170     -2.1426     -1.4957     -2.0397     -2.2979     -1.2853     -0.7303     -1.0364     -1.7746     -1.7730     -1.2165     -1.1339     -1.1340     -1.5927     -1.8903     -1.2137     -0.7568     -0.2371      0.5558      0.4622     -0.2946     -0.6777     -0.2835      0.2101      0.3790      0.2376     -0.1620     -0.1743     -0.4432     -1.0070     -0.9811     -1.5665     -1.9190     -0.9087     -0.5701     -0.4702      0.2530      0.3929      0.3116      0.4414      0.7193      0.8597      0.2455     -0.3246     -0.4069     -0.0712      0.6875      0.7021      0.2491      0.4522      0.6651      0.5428      0.2843     -0.0949     -0.2783     -0.1250      0.2339      0.2895     -0.0135     -0.0248      0.3010      0.8799      1.4430      1.4412      1.1332      0.7196      0.3852      0.6678      1.1184      1.0665      0.8399      0.8295      0.4243     -0.5335     -0.6994     -0.3054     -0.4708     -0.3233     -0.0282     -0.3732     -0.2515      0.5770      1.3378      1.3942      0.5457      0.2381      0.7856      0.8170      0.5895      0.6773      0.7819      0.7744      0.3644     -0.2650     -0.3832
192837465
      9
     -1.7141     -1.6536     -1.6353     -1.9486     -1.8328     -1.1215     -0.0851      0.1894     -0.4153     -0.1688      0.1129     -0.1771      0.0285     -0.3177     -0.5886      0.2196      0.3908      0.1397      0.1781     -0.0035      0.0585      0.0681     -0.6432     -1.0316     -0.5547     -0.5795     -1.1063     -1.1256     -1.3882     -1.5108     -1.1750     -1.7593     -1.9412     -0.9510     -0.4009      0.0629      0.4156      0.1058     -0.2185     -0.7330     -0.9631     -0.4323     -0.3036     -0.2631      0.2544     -0.0303     -0.5027      0.3398      1.0569      0.8977      0.8958      0.6565      0.2528     -0.1184     -0.9760     -0.9584     -0.0110     -0.0820     -0.7749     -0.9289     -0.6798     -0.5194     -0.3668      0.0537      0.1250      0.0294      0.1710     -0.1480     -0.3959     -0.0593      0.1233     -0.0806     -0.4976     -0.5383      0.2161      1.0996      1.0753      0.6519      1.3276      1.6350      0.3750     -0.4158     -0.3300      0.3223      1.0598      0.7458      0.6809      0.7866      0.1315     -0.1873     -0.4972     -0.5898     -0.3481     -0.3599      0.2332      0.1875     -0.2165      0.4391      0.2311      0.1649      0.8222      0.3487      0.0428      0.1825      0.7665      1.3219      0.3154      0.5477      1.8277      1.4227      1.2050      1.1811      0.7927      0.5340     -0.4450     -0.7054     -0.0970     -0.0476      0.0532      0.1819
192837465
     10
     -1.2709     -2.0264     -1.7729     -1.3448     -1.2152     -1.2185     -1.1677     -0.6373     -0.3226     -0.2467     -0.3707     -0.4417     -0.2125     -0.6660     -0.6084     -0.1354     -0.8757     -0.5413      0.6065      0.0856     -0.7721     -1.2621     -1.6473     -1.4179     -0.8161     -0.4500     -0.6555     -0.7357     -0.8597     -1.4660     -1.1968     -0.7777     -1.0197     -0.1044      0.9010      0.2428     -0.1659      0.0829     -0.5518     -0.8443     -0.0509      0.1855      0.3238      0.7937      0.3977      0.0551      0.3192      0.2242     -0.1561     -0.3965     -0.0131      0.1748     -0.4032      0.0244      0.7380      0.3044      0.2346      0.1563     -0.8181     -0.9550     -0.0824      0.2144     -0.0385     -0.1846     -0.2113      0.0721      0.1197     -0.2113      0.3398      0.7340      0.1419      0.2580      0.6102      0.5274      0.5795      0.6449      1.0758      1.1636      1.1550      1.9533      1.4094      0.3100      0.7177      0.8060      0.6498      0.8878      0.4185     -0.1578     -0.2168     -0.2959     -0.9902     -1.5597     -1.3296     -1.5832     -1.5677     -0.4774     -0.4245     -1.1672     -1.1894     -0.8477     -0.3274      0.3602      0.6798      0.5272      0.8206      1.0826      0.1294     -0.3098      0.4721      0.8341      1.0373      1.6706      1.7518      0.4940     -0.5712     -0.1473      0.0584      0.0168      0.5522      0.6233
192837465
     11
     -1.4898     -1.7790     -1.7365     -1.6712     -1.6794     -1.0931      0.0447      0.3192     -0.1949     -0.2285     -0.5596     -1.0773     -0.9154     -1.0791     -1.0058     -0.3494     -0.1713      0.2633      0.3941     -0.3554     -0.3371     -0.1165     -0.4301     -0.3667     -0.1930     -0.1120     -0.2534     -0.7756     -0.9171     -1.0717     -1.5587     -1.4096     -1.0665     -1.1092     -0.9612     -0.7004     -0.4713     -0.3844     -0.5809     -0.3695     -0.0744     -0.2419      0.0615      0.3921     -0.0529     -0.3644     -0.5212     -0.6268     -0.4767     -0.9233     -1.0319      0.1039      0.5890      0.4430      0.6286     -0.0766     -0.8876     -0.3043      0.1761     -0.1562     -0.1355      0.1786      0.1792      0.0893     -0.1604     -0.4732      0.0526      0.8234      0.8049      0.7095      0.5230      0.0671      0.3320      0.9928      1.1970      0.9267      0.4595      0.4382      0.8793      1.1985      1.2014      1.3670      1.7696      1.3070      0.5409      0.3558     -0.3365     -0.6894     -0.3695     -1.1717     -1.8606     -1.6504     -1.8415     -1.9167     -1.8011     -1.5486     -0.6561     -0.1376     -0.1706     -0.3014     -0.5335      0.1076      1.3377      1.6954      1.2856      0.7191      0.3694      0.7062      1.3416      1.4598      1.3151      1.3895      1.3985      1.2207      0.8328      0.3508     -0.0672     -0.7383     -0.6441      0.5856
192837465
     12
     -0.9870     -0.6562     -1.8154     -1.9232     -0.6671     -0.3664     -0.6259     -0.8974     -0.7037     -0.5557     -0.9493     -0.6819     -0.6610     -1.1237     -0.7776     -0.6882     -0.5315      0.3385      0.6211      0.8628      1.0569      0.3512      0.0795      0.4352      0.2631     -0.0882      0.0617      0.4424      0.2673     -0.7057     -1.7977     -2.1230     -1.5257     -1.1612     -1.5059     -1.2799     -0.7555     -0.9607     -0.5584      0.3734      0.2034     -0.1764     -0.2239     -0.3958     -0.5021     -0.8420     -0.4724      0.4687      0.1954      0.1657      0.6498      0.2240      0.5455      1.0032      0.0371     -0.4149     -0.4212     -0.9565     -0.9020     -0.6705     -0.5464      0.2550      0.3706     -0.2722      0.1911      0.4465     -0.0240      0.6579      0.9637      0.1219     -0.0789     -0.3433     -0.5839      0.0602      0.3661      0.2926      0.0079     -0.5208     -0.1776      0.4018      0.5000      0.8432      1.0910      1.3742      1.7909      0.7037     -1.1517     -1.5041     -1.4204     -1.6666     -1.0570     -0.9495     -1.9872     -2.1573     -1.8591     -1.6512     -0.5674     -0.1114     -1.0637     -1.2775     -0.7396     -0.9261     -1.1101     -0.7678     -0.5685     -0.2410      0.0447     -0.0979      0.0717      0.2770      0.0676     -0.1878     -0.3359      0.1064      0.3235     -0.1241      0.1767      0.1762     -0.3943      0.1825
192837465
     13
      0.2573     -0.0895     -0.8899     -0.9363     -0.4471      0.0255     -0.2164     -1.2388     -1.6036     -1.6161     -1.4731     -0.6554     -0.5313     -0.8431     -0.3409     -0.1484     -0.6148     -0.3171      0.4695      0.4745      0.3193      0.0982     -0.2526      0.4046      0.2452     -0.7545      0.0579      0.3414     -0.4940     -0.6366     -1.4510     -1.7343     -1.3785     -1.9770     -1.6126     -1.1321     -1.2834     -0.3471      0.6358      1.5950      2.0018      0.8669      0.1651     -0.3966     -0.7773     -0.0235     -0.2226     -0.4123      0.5334      0.4982      0.0868     -0.1157     -0.3910     -0.1280     -0.2353     -0.5091     -0.4421     -0.6230     -0.2624      0.0827     -0.1668      0.0037     -0.0767     -0.2162      0.3237      0.8811      1.6454      1.7573      0.7306     -0.0314     -0.6104     -0.4872      0.4420      0.1224     -0.7714     -0.9015     -1.0094     -1.0661     -0.9831     -0.9018     -0.3523      0.5136      1.0103      1.0600      0.7649     -0.1100     -0.7055     -0.6167     -0.9725     -0.9594     -0.4000     -1.0985     -1.7097     -0.9812     -0.6327     -0.9917     -1.3686     -1.5906     -1.3856     -1.0958     -1.1815     -1.5166     -2.1063     -2.6454     -2.2016     -1.0744     -0.2895      0.2154      0.5050      0.5992      0.4103     -0.1523     -0.0084      0.3398     -0.3630     -0.8250     -0.2535      0.7376      1.3415      1.1246
192837465
     14
      0.6156      0.6342      0.0745      0.4541      0.3865     -0.7452     -0.8299     -0.5833     -1.1381     -1.9774     -2.3836     -2.1645     -1.6502     -0.7087      0.1067      0.0196     -0.6777     -0.8764     -0.1972     -0.2145     -0.2733      0.3378     -0.4083     -0.4405      1.0496      0.4798     -0.5538     -0.2234     -0.4171     -0.8734     -1.0091     -1.1591     -1.3474     -1.4460     -1.3361     -1.3464     -0.7272      0.5158      0.9551      1.1385      1.2729      0.7713      0.5259      0.5296      0.5588      0.9010      0.7273      0.4525      0.5977     -0.1526     -0.7706     -0.1344     -0.0539     -0.1266      0.1752     -0.4411     -0.5179      0.2373      0.4383      0.9585      1.1884      0.7909      1.0604      0.9584      0.5977      1.0560      0.9510      0.3457      0.3870      0.0597     -0.8911     -0.9578     -0.1937     -0.0020     -0.7419     -1.6135     -1.5625     -1.0762     -1.3846     -1.7431     -1.4015     -0.8122     -0.1989     -0.0284     -0.3032     -0.5487     -0.9765     -1.1289     -0.2847      0.4183      0.0865     -0.1659     -0.2613     -0.7124     -0.7689     -0.6824     -0.7354     -0.8764     -1.2351     -0.8049     -0.8006     -1.9716     -2.0288     -1.6608     -1.4207     -0.9268     -1.5003     -1.4656     -0.4684     -0.1809      0.2260      0.0519     -0.4437     -0.3005     -0.7378     -0.4621      0.5085      0.2816      0.2704      0.9290
192837465
     15
      0.6790      0.5985      0.5401      0.7266      0.4586     -0.7807     -1.8860     -1.5257     -0.6917     -0.5236     -0.2947     -0.2018     -0.2768      0.2986      0.8434      0.8131      0.4081      0.2541      0.4072     -0.0359     -0.0185      0.2846     -0.3073      0.0643      0.8258      0.4801      0.2911      0.1083     -0.2493     -0.8899     -1.6897     -1.2961     -1.0845     -1.6553     -1.6266     -1.6148     -1.4917     -0.6797      0.5932      1.4021      0.7095      0.5040      1.3490      1.2762      0.9563      0.9250      0.5821     -0.1567     -0.5153      0.5178      0.8145     -0.1479      0.1911      0.3733     -0.3965      0.2255      1.1272      0.7906      0.5004      0.3640     -0.2072     -0.1592      0.5193      0.6419      0.9118      1.3677      0.7239      0.1639      0.5842      0.2066     -1.2100     -1.6578     -1.0091     -0.8870     -0.9046     -0.2962     -0.3060     -1.0744     -1.5224     -1.7104     -1.8449     -1.9274     -1.6882     -0.8456     -0.6179     -1.0470     -0.6268     -0.6122     -1.4171     -0.7969      0.3224      0.3763      0.0254     -0.4705     -0.5064     -0.3901     -0.5520      0.1641      0.5230     -0.4881     -0.9160     -0.4928     -0.3923     -0.6332     -0.7159     -1.1054     -1.7628     -1.1927     -0.5801     -1.1670     -1.0121     -0.2474      0.0227      0.1119      0.1423      0.6023      0.8048      0.1311     -0.2575     -0.1103
192837465
