   3.64006549E-01
   1.09048527E+00
   1.81894064E+00
   2.52033426E+00
   3.37484964E-01
   1.01383671E+00
   1.68201563E+00
   2.35736131E+00
   3.14438921E-01
   9.40486606E-01
   1.57147097E+00
   2.20009131E+00
   2.90210739E-01
   8.73493969E-01
   1.45393409E+00
   2.03589807E+00
   2.68197075E-01
   8.02273447E-01
   1.33832528E+00
   1.87328545E+00
   2.43872706E-01
   7.33387042E-01
   1.22145411E+00
   1.71034119E+00
   2.21406767E-01
   6.62913769E-01
   1.10547414E+00
   1.54742005E+00
   1.97549169E-01
   5.93573808E-01
   9.88862152E-01
   1.38457723E+00
   1.74687984E-01
   5.23450590E-01
   8.72677988E-01
   1.22166434E+00
   1.51154831E-01
   4.53820700E-01
   7.56265481E-01
   1.05875418E+00
   1.28034515E-01
   3.83951320E-01
   6.39863260E-01
   8.95960026E-01
   1.04694423E-01
   3.14093945E-01
   5.23708377E-01
   7.32849558E-01
   8.14520300E-02
   2.44407864E-01
   4.06979631E-01
   5.70409809E-01
   5.82094167E-02
   1.74561401E-01
   2.91265919E-01
   4.06581400E-01
   3.47654711E-02
   1.04488920E-01
   1.74391111E-01
   2.46031881E-01
   1.13927497E-02
   3.39499471E-02
   5.62809973E-02
   7.88912119E-02
