  -3.70824476E-01
  -3.23822773E-01
  -2.28818555E-01
  -7.65941966E-02
  -3.71814291E-01
  -3.22608567E-01
  -2.22902772E-01
  -8.27343698E-02
  -3.67187195E-01
  -3.19130298E-01
  -2.26118005E-01
  -8.76245023E-02
  -3.66196121E-01
  -3.20137132E-01
  -2.27102954E-01
  -8.66237934E-02
  -3.66651085E-01
  -3.19930975E-01
  -2.26579148E-01
  -8.68987928E-02
  -3.66591356E-01
  -3.19958480E-01
  -2.26753598E-01
  -8.67565669E-02
  -3.66596865E-01
  -3.19977801E-01
  -2.26666319E-01
  -8.68190150E-02
  -3.66599980E-01
  -3.19954144E-01
  -2.26718614E-01
  -8.67872621E-02
  -3.66596239E-01
  -3.19969380E-01
  -2.26685408E-01
  -8.68089728E-02
  -3.66596354E-01
  -3.19966486E-01
  -2.26705002E-01
  -8.67921583E-02
  -3.66601392E-01
  -3.19953802E-01
  -2.26702242E-01
  -8.68025639E-02
  -3.66593779E-01
  -3.19984282E-01
  -2.26672664E-01
  -8.68092744E-02
  -3.66556950E-01
  -3.19943632E-01
  -2.26796886E-01
  -8.67625326E-02
  -3.66756342E-01
  -3.19913335E-01
  -2.26434327E-01
  -8.69559962E-02
  -3.67023964E-01
  -3.20384556E-01
  -2.26708585E-01
  -8.59428959E-02
  -3.66053612E-01
  -3.19604358E-01
  -2.26874921E-01
  -8.75271078E-02
