   7.26902683E-01
   2.17845579E+00
   3.63368068E+00
   5.04278054E+00
   6.78045092E-01
   2.03569304E+00
   3.38115356E+00
   4.72978755E+00
   6.30508964E-01
   1.88735390E+00
   3.14769160E+00
   4.40723971E+00
   5.81980984E-01
   1.74915602E+00
   2.91426348E+00
   4.08054630E+00
   5.36895269E-01
   1.60839711E+00
   2.68163181E+00
   3.75388678E+00
   4.89200168E-01
   1.46928809E+00
   2.44804092E+00
   3.42757879E+00
   4.43338748E-01
   1.32878367E+00
   2.21521797E+00
   3.10104663E+00
   3.96151795E-01
   1.18932228E+00
   1.98179504E+00
   2.77469619E+00
   3.49897353E-01
   1.04912765E+00
   1.74879877E+00
   2.44821510E+00
   3.03029264E-01
   9.09396937E-01
   1.51555884E+00
   2.12179827E+00
   2.56514771E-01
   7.69448436E-01
   1.28236356E+00
   1.79539897E+00
   2.09849180E-01
   6.29482143E-01
   1.04936016E+00
   1.46887318E+00
   1.63223332E-01
   4.89795672E-01
   8.15856580E-01
   1.14261807E+00
   1.16525607E-01
   3.49555725E-01
   5.83342266E-01
   8.15832393E-01
   6.97225815E-02
   2.09297235E-01
   3.48851178E-01
   4.90584991E-01
   2.32809601E-02
   6.96413065E-02
   1.15940234E-01
   1.63547943E-01
