   2.56935834E-03
   6.88543679E-03
   1.14909366E-02
   7.98951865E-03
  -1.72251936E-03
  -3.95614323E-03
  -1.03807467E-02
  -5.61658974E-03
  -3.70846663E-04
  -2.61120712E-03
   1.54882210E-03
   1.76090369E-03
  -3.96337434E-04
   1.33289418E-03
  -5.67904780E-04
  -5.90246700E-04
   5.73819937E-04
  -6.34689359E-04
   3.82785694E-04
   1.92280333E-04
  -4.77310615E-04
   4.25421108E-04
  -2.37093974E-04
  -4.13322783E-05
   3.62188359E-04
  -2.99164120E-04
   1.61065188E-04
  -4.44703574E-06
  -2.61675828E-04
   2.04386598E-04
  -1.07361370E-04
   7.67732496E-06
   1.78766908E-04
  -1.28471588E-04
   5.49143551E-05
   1.00246991E-05
  -1.13771780E-04
   6.33838780E-05
   3.24111031E-06
  -4.64080970E-05
   6.74230879E-05
  -6.91265264E-06
  -7.24597078E-05
   1.12105699E-04
  -4.07178149E-05
  -3.53592852E-05
   1.55627341E-04
  -2.36788817E-04
   7.18887491E-06
  -3.54427684E-07
  -2.66138087E-04
   4.87762735E-04
   1.26530890E-04
   2.66721327E-04
   3.56969820E-04
  -1.04000839E-03
  -5.22987182E-05
   9.93980906E-05
   6.30006299E-04
   2.46486997E-03
  -4.49798325E-04
  -1.60534029E-03
  -3.15266386E-03
  -5.44932204E-03
