   4.24347696E-03
   1.17836110E-02
   1.57582072E-02
   5.83622888E-03
  -3.48266350E-03
  -1.07611779E-02
  -1.83305930E-02
  -8.20322620E-03
  -1.51844997E-03
  -3.09168017E-03
   1.10915215E-03
   1.71376147E-03
   2.34973907E-04
   9.36284072E-04
  -1.23483921E-04
  -4.37009732E-04
   7.73492284E-05
  -1.12943847E-04
   1.24308482E-04
   1.44626824E-04
  -4.07741469E-05
   4.69689584E-05
  -2.15656457E-05
  -3.75238120E-05
   1.84355041E-05
  -1.95698200E-05
   2.01797011E-06
   9.17423119E-06
  -8.59360805E-06
   6.32430315E-06
  -1.32980851E-06
  -2.37732690E-06
   3.57488685E-06
  -2.53694401E-06
   1.04952498E-06
   1.08681612E-07
  -1.31413533E-06
   1.24504635E-06
  -1.42798171E-06
   1.39985225E-06
  -4.28542181E-08
  -8.81818020E-07
   2.72222206E-06
  -4.13830447E-06
   3.07879597E-06
   3.41784498E-06
  -3.58009322E-06
   1.17356730E-05
  -3.45420622E-07
   1.10248284E-05
   1.71628273E-05
  -3.00578040E-05
  -5.57649473E-05
  -1.33862827E-04
  -7.57711940E-05
   8.46891011E-05
  -7.73089822E-05
  -2.31583736E-04
  -4.26749971E-04
  -4.23387173E-04
   6.04368290E-04
   1.56536095E-03
   1.96988116E-03
   1.33599564E-03
