   2.19110608E-01
   6.56541911E-01
   1.09185234E+00
   1.49660420E+00
   2.01680004E-01
   6.04105181E-01
   1.00133874E+00
   1.40356958E+00
   1.87029552E-01
   5.60867536E-01
   9.36625888E-01
   1.31197380E+00
   1.73385012E-01
   5.20494088E-01
   8.67179135E-01
   1.21403569E+00
   1.59611391E-01
   4.78668061E-01
   7.97868403E-01
   1.11701862E+00
   1.45674220E-01
   4.37094214E-01
   7.28457418E-01
   1.01983178E+00
   1.31824775E-01
   3.95443905E-01
   6.59084431E-01
   9.22719705E-01
   1.17937864E-01
   3.53826191E-01
   5.89705846E-01
   8.25588536E-01
   1.04067255E-01
   3.12196537E-01
   5.20329738E-01
   7.28460947E-01
   9.01898522E-02
   2.70571784E-01
   4.50951449E-01
   6.31333323E-01
   7.63150941E-02
   2.28944456E-01
   3.81575954E-01
   5.34203260E-01
   6.24401408E-02
   1.87319625E-01
   3.12195635E-01
   4.37080740E-01
   4.85614007E-02
   1.45689908E-01
   2.42826010E-01
   3.39941536E-01
   3.46826399E-02
   1.04040197E-01
   1.73409495E-01
   2.42845409E-01
   2.08417869E-02
   6.24972070E-02
   1.04028820E-01
   1.45448332E-01
   7.16376546E-03
   2.13953305E-02
   3.54096746E-02
   4.88378751E-02
