   7.26125218E-01
   2.17668943E+00
   3.62374961E+00
   4.98284443E+00
   6.75749343E-01
   2.02444511E+00
   3.35612641E+00
   4.68676849E+00
   6.24950289E-01
   1.87265013E+00
   3.12097714E+00
   4.37153223E+00
   5.77715066E-01
   1.73404401E+00
   2.89072060E+00
   4.04722264E+00
   5.31960622E-01
   1.59567315E+00
   2.65943704E+00
   3.72325076E+00
   4.85621507E-01
   1.45693374E+00
   2.42821296E+00
   3.39947680E+00
   4.39397482E-01
   1.31816592E+00
   2.19694608E+00
   3.07572318E+00
   3.93134807E-01
   1.17941431E+00
   1.96568748E+00
   2.75196416E+00
   3.46887274E-01
   1.04065766E+00
   1.73443141E+00
   2.42820305E+00
   3.00634155E-01
   9.01904700E-01
   1.50317292E+00
   2.10444301E+00
   2.54383690E-01
   7.63149069E-01
   1.27191712E+00
   1.78068167E+00
   2.08130724E-01
   6.24395331E-01
   1.04065570E+00
   1.45692406E+00
   1.61871681E-01
   4.85622002E-01
   8.09402870E-01
   1.13316851E+00
   1.15664565E-01
   3.46934519E-01
   5.78107420E-01
   8.09400007E-01
   6.95499318E-02
   2.08555607E-01
   3.47189484E-01
   4.85251160E-01
   2.32748499E-02
   6.97524074E-02
   1.16062367E-01
   1.61456921E-01
