  -3.78794100E-01
  -3.30599783E-01
  -2.31035675E-01
  -5.96304420E-02
  -3.76979635E-01
  -3.24295756E-01
  -2.18134079E-01
  -8.06505295E-02
  -3.66666449E-01
  -3.18102879E-01
  -2.26063014E-01
  -8.92276580E-02
  -3.65052604E-01
  -3.19566890E-01
  -2.27386308E-01
  -8.80541986E-02
  -3.65664626E-01
  -3.19355403E-01
  -2.26825048E-01
  -8.82149228E-02
  -3.65643234E-01
  -3.19395298E-01
  -2.26910224E-01
  -8.81112445E-02
  -3.65645806E-01
  -3.19395051E-01
  -2.26880399E-01
  -8.81387429E-02
  -3.65643981E-01
  -3.19390529E-01
  -2.26891806E-01
  -8.81336830E-02
  -3.65643369E-01
  -3.19393051E-01
  -2.26888374E-01
  -8.81352053E-02
  -3.65643883E-01
  -3.19391631E-01
  -2.26889895E-01
  -8.81345916E-02
  -3.65643321E-01
  -3.19393050E-01
  -2.26888281E-01
  -8.81353476E-02
  -3.65646161E-01
  -3.19390799E-01
  -2.26890847E-01
  -8.81321936E-02
  -3.65656316E-01
  -3.19396694E-01
  -2.26871823E-01
  -8.81351670E-02
  -3.65566838E-01
  -3.19402584E-01
  -2.26971119E-01
  -8.81194590E-02
  -3.65280075E-01
  -3.19204038E-01
  -2.27042464E-01
  -8.85334228E-02
  -3.66069603E-01
  -3.19566563E-01
  -2.26670642E-01
  -8.77531920E-02
