   4.99000000E-01
   4.99000000E-01
   4.99000000E-01
   4.99000000E-01
   4.99000000E-01
   4.99000000E-01
   4.99000000E-01
   4.99000000E-01
   4.99000000E-01
   4.99000000E-01
   4.99000000E-01
   4.99000000E-01
   4.99000000E-01
   4.99000000E-01
   4.99000000E-01
   4.99000000E-01
   4.99000000E-01
   4.99000000E-01
   4.99000000E-01
   4.99000000E-01
   4.99000000E-01
   4.99000000E-01
   4.99000000E-01
   4.99000000E-01
   4.99000000E-01
   4.99000000E-01
   4.99000000E-01
   4.99000000E-01
   4.99000000E-01
   4.99000000E-01
   4.99000000E-01
   4.99000000E-01
   4.99000000E-01
   4.99000000E-01
   4.99000000E-01
   4.99000000E-01
   4.99000000E-01
   4.99000000E-01
   4.99000000E-01
   4.99000000E-01
   4.99000000E-01
   4.99000000E-01
   4.99000000E-01
   4.99000000E-01
   4.99000000E-01
   4.99000000E-01
   4.99000000E-01
   4.99000000E-01
   4.99000000E-01
   4.99000000E-01
   4.99000000E-01
   4.99000000E-01
   4.99000000E-01
   4.99000000E-01
   4.99000000E-01
   4.99000000E-01
   4.99000000E-01
   4.99000000E-01
   4.99000000E-01
   4.99000000E-01
   4.99000000E-01
   4.99000000E-01
   4.99000000E-01
   4.99000000E-01
