   4.43215730E-01
   1.27249763E+00
   1.90841784E+00
   1.91356057E+00
   3.30622222E-01
   9.52417907E-01
   1.42032572E+00
   1.87542278E+00
   2.62349316E-01
   7.61524131E-01
   1.23355748E+00
   1.67447737E+00
   2.20078998E-01
   6.57290008E-01
   1.08125818E+00
   1.49799487E+00
   1.93439609E-01
   5.78443641E-01
   9.61249119E-01
   1.34237781E+00
   1.71314281E-01
   5.14189801E-01
   8.57640391E-01
   1.20319689E+00
   1.52095914E-01
   4.56935652E-01
   7.63880908E-01
   1.07431251E+00
   1.34160525E-01
   4.03420819E-01
   6.75368390E-01
   9.51468717E-01
   1.16779970E-01
   3.51442653E-01
   5.89222726E-01
   8.31613128E-01
   9.93791245E-02
   2.99455246E-01
   5.03260225E-01
   7.12421064E-01
   8.14377813E-02
   2.46076145E-01
   4.15469138E-01
   5.91745269E-01
   6.25321835E-02
   1.89696160E-01
   3.23594105E-01
   4.67008023E-01
   4.18102825E-02
   1.29017282E-01
   2.24270833E-01
   3.34401707E-01
   2.12068091E-02
   6.20293846E-02
   1.14337048E-01
   1.85892939E-01
   2.35063060E-03
   2.90826861E-03
  -1.93171759E-02
   6.05863324E-03
  -9.46865033E-03
  -3.82721312E-02
  -1.00492245E-01
  -3.06298603E-01
