  -5.86126634E-01
  -4.55465702E-01
  -1.87576415E-01
   2.29108751E-01
  -5.25249294E-01
  -4.15384487E-01
  -1.94739424E-01
   1.35313206E-01
  -4.71348830E-01
  -3.81842358E-01
  -2.04522999E-01
   5.76541879E-02
  -4.27668795E-01
  -3.55589085E-01
  -2.13278922E-01
  -3.52319821E-03
  -3.93628893E-01
  -3.35353617E-01
  -2.20323605E-01
  -5.07538847E-02
  -3.67657626E-01
  -3.19979964E-01
  -2.25767698E-01
  -8.66547122E-02
  -3.48138406E-01
  -3.08443690E-01
  -2.29876239E-01
  -1.13601666E-01
  -3.33652578E-01
  -2.99884822E-01
  -2.32925431E-01
  -1.33597170E-01
  -3.23017262E-01
  -2.93600737E-01
  -2.35160552E-01
  -1.48281449E-01
  -3.15253802E-01
  -2.89017901E-01
  -2.36793936E-01
  -1.58994361E-01
  -3.09524093E-01
  -2.85652192E-01
  -2.38015995E-01
  -1.66867720E-01
  -3.05044850E-01
  -2.83057802E-01
  -2.39014274E-01
  -1.72943074E-01
  -3.00981157E-01
  -2.80760304E-01
  -2.39992618E-01
  -1.78325920E-01
  -2.96342729E-01
  -2.78162742E-01
  -2.41171946E-01
  -1.84382583E-01
  -2.90038594E-01
  -2.74370928E-01
  -2.42621488E-01
  -1.93028990E-01
  -2.81566459E-01
  -2.68673669E-01
  -2.43458458E-01
  -2.06361415E-01
