   1.66497597E-01
   4.66470959E-01
   6.51029937E-01
   3.60094897E-01
   6.33944179E-02
   1.73781284E-01
   2.03212466E-01
   3.50541642E-01
   1.31270088E-02
   3.36365118E-02
   8.71625099E-02
   2.11280978E-01
  -8.12818768E-03
  -1.16682230E-02
   1.84434108E-02
   1.19367368E-01
  -1.32784192E-02
  -2.97387087E-02
  -1.26744589E-02
   6.17584699E-02
  -1.43881801E-02
  -3.39261328E-02
  -2.61109041E-02
   2.79849047E-02
  -1.33837037E-02
  -3.28500055E-02
  -3.03985407E-02
   8.22693258E-03
  -1.19642997E-02
  -3.00963463E-02
  -3.10719038E-02
  -3.98730055E-03
  -1.08427127E-02
  -2.79248339E-02
  -3.14588329E-02
  -1.31183669E-02
  -1.05782505E-02
  -2.79134903E-02
  -3.40699621E-02
  -2.25459583E-02
  -1.17358712E-02
  -3.16276344E-02
  -4.13928182E-02
  -3.54675056E-02
  -1.49015063E-02
  -4.11776345E-02
  -5.65670018E-02
  -5.58351730E-02
  -2.12749085E-02
  -5.88768447E-02
  -8.45750218E-02
  -8.95588593E-02
  -2.95039663E-02
  -8.85053434E-02
  -1.31384096E-01
  -1.48137799E-01
  -3.87048805E-02
  -1.18426083E-01
  -2.14868794E-01
  -2.53004963E-01
  -4.43341377E-02
  -1.41157475E-01
  -2.65275989E-01
  -5.17599267E-01
