   3.04246950E-01
   8.67745324E-01
   1.27716444E+00
   1.13455408E+00
   1.96614304E-01
   5.61973397E-01
   8.10145554E-01
   1.11075625E+00
   1.37462686E-01
   3.96785161E-01
   6.59039277E-01
   9.40993418E-01
   1.05763454E-01
   3.22165271E-01
   5.48751094E-01
   8.07063757E-01
   8.99004336E-02
   2.73803761E-01
   4.73338756E-01
   7.00664005E-01
   7.83061243E-02
   2.39651570E-01
   4.14933214E-01
   6.14359717E-01
   6.92173929E-02
   2.11618738E-01
   3.66007701E-01
   5.40187182E-01
   6.09759164E-02
   1.86288912E-01
   3.21503947E-01
   4.72793227E-01
   5.28626913E-02
   1.61435392E-01
   2.78324183E-01
   4.08428886E-01
   4.43116361E-02
   1.35499336E-01
   2.34125941E-01
   3.44247678E-01
   3.47812532E-02
   1.07009807E-01
   1.86664084E-01
   2.77582604E-01
   2.37677079E-02
   7.41107441E-02
   1.33246524E-01
   2.05175252E-01
   1.02471517E-02
   3.50000780E-02
   6.97082098E-02
   1.22176581E-01
  -4.14028145E-03
  -1.32115035E-02
  -8.50647664E-03
   1.88398151E-02
  -1.81407707E-02
  -5.76433896E-02
  -1.16858799E-01
  -1.23226218E-01
  -2.68475912E-02
  -8.95353734E-02
  -1.82518349E-01
  -4.11125037E-01
