 0.50000000E+02  -0.41296361E-01  -0.46997891E-01  -0.53212645E-01  -0.57597662E-01  -0.64421877E-01  -0.71304693E-01  -0.77845858E-01  -0.81765039E-01  -0.86593971E-01  -0.89825593E-01
 0.10000000E+03  -0.53615796E-01  -0.61462696E-01  -0.69970109E-01  -0.75934276E-01  -0.85134056E-01  -0.94283129E-01  -0.10281423E+00  -0.10781764E+00  -0.11379901E+00  -0.11755512E+00
 0.15000000E+03  -0.63568281E-01  -0.72928497E-01  -0.83015708E-01  -0.90038998E-01  -0.10077347E+00  -0.11129783E+00  -0.12092837E+00  -0.12645983E+00  -0.13287911E+00  -0.13664905E+00
 0.20000000E+03  -0.72951699E-01  -0.83623094E-01  -0.95053353E-01  -0.10295744E+00  -0.11492978E+00  -0.12650648E+00  -0.13690858E+00  -0.14276190E+00  -0.14935301E+00  -0.15294458E+00
 0.25000000E+03  -0.82147164E-01  -0.94032041E-01  -0.10668739E+00  -0.11538168E+00  -0.12843956E+00  -0.14090311E+00  -0.15191109E+00  -0.15798403E+00  -0.16461780E+00  -0.16794010E+00
 0.30000000E+03  -0.91233714E-01  -0.10426302E+00  -0.11805986E+00  -0.12748054E+00  -0.14151829E+00  -0.15475707E+00  -0.16626334E+00  -0.17249190E+00  -0.17909079E+00  -0.18209264E+00
 0.35000000E+03  -0.10022515E+00  -0.11433926E+00  -0.12920640E+00  -0.13930006E+00  -0.15423128E+00  -0.16815710E+00  -0.18007999E+00  -0.18641743E+00  -0.19292741E+00  -0.19557595E+00
 0.40000000E+03  -0.10912262E+00  -0.12426632E+00  -0.14013885E+00  -0.15085765E+00  -0.16660665E+00  -0.18114443E+00  -0.19341664E+00  -0.19982573E+00  -0.20620548E+00  -0.20847761E+00
 0.45000000E+03  -0.11792589E+00  -0.13404711E+00  -0.15086467E+00  -0.16216478E+00  -0.17866335E+00  -0.19374703E+00  -0.20631091E+00  -0.21276052E+00  -0.21897672E+00  -0.22085530E+00
 0.50000000E+03  -0.12663554E+00  -0.14368506E+00  -0.16139124E+00  -0.17323220E+00  -0.19041831E+00  -0.20598886E+00  -0.21879392E+00  -0.22525743E+00  -0.23128238E+00  -0.23275425E+00
 0.55000000E+03  -0.13525298E+00  -0.15318443E+00  -0.17172658E+00  -0.18407100E+00  -0.20188794E+00  -0.21789223E+00  -0.23089383E+00  -0.23734807E+00  -0.24315834E+00  -0.24421321E+00
 0.60000000E+03  -0.14378030E+00  -0.16255012E+00  -0.18187920E+00  -0.19469252E+00  -0.21308841E+00  -0.22947843E+00  -0.24263678E+00  -0.24906145E+00  -0.25463699E+00  -0.25526675E+00
 0.65000000E+03  -0.15221997E+00  -0.17178741E+00  -0.19185785E+00  -0.20510818E+00  -0.22403550E+00  -0.24076776E+00  -0.25404729E+00  -0.26042448E+00  -0.26574800E+00  -0.26594622E+00
 0.70000000E+03  -0.16057471E+00  -0.18090177E+00  -0.20167128E+00  -0.21532923E+00  -0.23474448E+00  -0.25177951E+00  -0.26514828E+00  -0.27146213E+00  -0.27651865E+00  -0.27628026E+00
 0.75000000E+03  -0.16884737E+00  -0.18989868E+00  -0.21132812E+00  -0.22536659E+00  -0.24522994E+00  -0.26253190E+00  -0.27596122E+00  -0.28219762E+00  -0.28697411E+00  -0.28629512E+00
 0.80000000E+03  -0.17704080E+00  -0.19878351E+00  -0.22083671E+00  -0.23523079E+00  -0.25550575E+00  -0.27304207E+00  -0.28650607E+00  -0.29265248E+00  -0.29713758E+00  -0.29601489E+00
 0.85000000E+03  -0.18515785E+00  -0.20756151E+00  -0.23020505E+00  -0.24493182E+00  -0.26558502E+00  -0.28332608E+00  -0.29680145E+00  -0.30284667E+00  -0.30703044E+00  -0.30546171E+00
 0.90000000E+03  -0.19320128E+00  -0.21623770E+00  -0.23944077E+00  -0.25447917E+00  -0.27548006E+00  -0.29339891E+00  -0.30686460E+00  -0.31279863E+00  -0.31667241E+00  -0.31465588E+00
 0.95000000E+03  -0.20117377E+00  -0.22481687E+00  -0.24855106E+00  -0.26388174E+00  -0.28520238E+00  -0.30327449E+00  -0.31671153E+00  -0.32252542E+00  -0.32608164E+00  -0.32361607E+00
 0.10000000E+04  -0.20907789E+00  -0.23330356E+00  -0.25754271E+00  -0.27314791E+00  -0.29476272E+00  -0.31296581E+00  -0.32635702E+00  -0.33204280E+00  -0.33527483E+00  -0.33235944E+00
 0.10500000E+04  -0.20449802E+00  -0.22985953E+00  -0.25538668E+00  -0.27188421E+00  -0.29480856E+00  -0.31420570E+00  -0.32861164E+00  -0.33485741E+00  -0.33874994E+00  -0.33629458E+00
 0.11000000E+04  -0.20104018E+00  -0.22733316E+00  -0.25393809E+00  -0.27119441E+00  -0.29524727E+00  -0.31568476E+00  -0.33097875E+00  -0.33771373E+00  -0.34217872E+00  -0.34011420E+00
 0.11500000E+04  -0.19778112E+00  -0.22489044E+00  -0.25245806E+00  -0.27040246E+00  -0.29549302E+00  -0.31690149E+00  -0.33303521E+00  -0.34023754E+00  -0.34525505E+00  -0.34357344E+00
 0.12000000E+04  -0.19456729E+00  -0.22240583E+00  -0.25084732E+00  -0.26942437E+00  -0.29548090E+00  -0.31780609E+00  -0.33474353E+00  -0.34239847E+00  -0.34795799E+00  -0.34665947E+00
 0.12500000E+04  -0.19137633E+00  -0.21987165E+00  -0.24911141E+00  -0.26827288E+00  -0.29523153E+00  -0.31842386E+00  -0.33613131E+00  -0.34422480E+00  -0.35031599E+00  -0.34940031E+00
 0.13000000E+04  -0.18821539E+00  -0.21730498E+00  -0.24727650E+00  -0.26697909E+00  -0.29478121E+00  -0.31879371E+00  -0.33723800E+00  -0.34575547E+00  -0.35236645E+00  -0.35183125E+00
 0.13500000E+04  -0.18508979E+00  -0.21471931E+00  -0.24536382E+00  -0.26556867E+00  -0.29416068E+00  -0.31894930E+00  -0.33809823E+00  -0.34702496E+00  -0.35414278E+00  -0.35398405E+00
 0.14000000E+04  -0.18201052E+00  -0.21213176E+00  -0.24339645E+00  -0.26406817E+00  -0.29340046E+00  -0.31892340E+00  -0.33874545E+00  -0.34806644E+00  -0.35567696E+00  -0.35588897E+00
 0.14500000E+04  -0.17897868E+00  -0.20954934E+00  -0.24138734E+00  -0.26249412E+00  -0.29252148E+00  -0.31873994E+00  -0.33920514E+00  -0.34890575E+00  -0.35699462E+00  -0.35757079E+00
 0.15000000E+04  -0.17600595E+00  -0.20698765E+00  -0.23935592E+00  -0.26086830E+00  -0.29154833E+00  -0.31842524E+00  -0.33950426E+00  -0.34956973E+00  -0.35812181E+00  -0.35905431E+00
 0.15500000E+04  -0.17309191E+00  -0.20445059E+00  -0.23731063E+00  -0.25920197E+00  -0.29049597E+00  -0.31799702E+00  -0.33966224E+00  -0.35007843E+00  -0.35907887E+00  -0.36035959E+00
 0.16000000E+04  -0.17023368E+00  -0.20193988E+00  -0.23525787E+00  -0.25750452E+00  -0.28937766E+00  -0.31747148E+00  -0.33969724E+00  -0.35045080E+00  -0.35988530E+00  -0.36150610E+00
 0.16500000E+04  -0.16744133E+00  -0.19946783E+00  -0.23321229E+00  -0.25579207E+00  -0.28821144E+00  -0.31686801E+00  -0.33962936E+00  -0.35070705E+00  -0.36056100E+00  -0.36251302E+00
 0.17000000E+04  -0.16471693E+00  -0.19703922E+00  -0.23118151E+00  -0.25407406E+00  -0.28700922E+00  -0.31620049E+00  -0.33947380E+00  -0.35086293E+00  -0.36112207E+00  -0.36339636E+00
 0.17500000E+04  -0.16206765E+00  -0.19466261E+00  -0.22917565E+00  -0.25236171E+00  -0.28578372E+00  -0.31548286E+00  -0.33924527E+00  -0.35093339E+00  -0.36158350E+00  -0.36417079E+00
 0.18000000E+04  -0.15949169E+00  -0.19233859E+00  -0.22719791E+00  -0.25065994E+00  -0.28454227E+00  -0.31472444E+00  -0.33895464E+00  -0.35093005E+00  -0.36195757E+00  -0.36484886E+00
 0.18500000E+04  -0.15698794E+00  -0.19006842E+00  -0.22525204E+00  -0.24897413E+00  -0.28329250E+00  -0.31393477E+00  -0.33861282E+00  -0.35086445E+00  -0.36225645E+00  -0.36544294E+00
 0.19000000E+04  -0.15455541E+00  -0.18785329E+00  -0.22334160E+00  -0.24730939E+00  -0.28204168E+00  -0.31312287E+00  -0.33823019E+00  -0.35074763E+00  -0.36249173E+00  -0.36596483E+00
 0.19500000E+04  -0.15219182E+00  -0.18569311E+00  -0.22146881E+00  -0.24566947E+00  -0.28079568E+00  -0.31229643E+00  -0.33781581E+00  -0.35058929E+00  -0.36267379E+00  -0.36642523E+00
 0.20000000E+04  -0.14989734E+00  -0.18358981E+00  -0.21963753E+00  -0.24405952E+00  -0.27956143E+00  -0.31146386E+00  -0.33737922E+00  -0.35039952E+00  -0.36281316E+00  -0.36683479E+00
 0.20500000E+04  -0.14753703E+00  -0.18138246E+00  -0.21765863E+00  -0.24227064E+00  -0.27809948E+00  -0.31035509E+00  -0.33662129E+00  -0.34986178E+00  -0.36257184E+00  -0.36684109E+00
 0.21000000E+04  -0.14515092E+00  -0.17912118E+00  -0.21559350E+00  -0.24037233E+00  -0.27649219E+00  -0.30906584E+00  -0.33565104E+00  -0.34909348E+00  -0.36207848E+00  -0.36658153E+00
 0.21500000E+04  -0.14277362E+00  -0.17684916E+00  -0.21349488E+00  -0.23842412E+00  -0.27480977E+00  -0.30767717E+00  -0.33455994E+00  -0.34819242E+00  -0.36143870E+00  -0.36616713E+00
 0.22000000E+04  -0.14041238E+00  -0.17457693E+00  -0.21137695E+00  -0.23644279E+00  -0.27307300E+00  -0.30621388E+00  -0.33337657E+00  -0.34718940E+00  -0.36068605E+00  -0.36563325E+00
 0.22500000E+04  -0.13806988E+00  -0.17230884E+00  -0.20924595E+00  -0.23443596E+00  -0.27129167E+00  -0.30468791E+00  -0.33211484E+00  -0.34609948E+00  -0.35983693E+00  -0.36499712E+00
 0.23000000E+04  -0.13574560E+00  -0.17004499E+00  -0.20710297E+00  -0.23240553E+00  -0.26946912E+00  -0.30310417E+00  -0.33078117E+00  -0.34492997E+00  -0.35889974E+00  -0.36426788E+00
 0.23500000E+04  -0.13344180E+00  -0.16778886E+00  -0.20495274E+00  -0.23035711E+00  -0.26761224E+00  -0.30147070E+00  -0.32938458E+00  -0.34369039E+00  -0.35788451E+00  -0.36345581E+00
 0.24000000E+04  -0.13115866E+00  -0.16554187E+00  -0.20279805E+00  -0.22829441E+00  -0.26572610E+00  -0.29979384E+00  -0.32793244E+00  -0.34238868E+00  -0.35679977E+00  -0.36256972E+00
 0.24500000E+04  -0.12889224E+00  -0.16329998E+00  -0.20063513E+00  -0.22621407E+00  -0.26380822E+00  -0.29807220E+00  -0.32642454E+00  -0.34102533E+00  -0.35564694E+00  -0.36161178E+00
 0.25000000E+04  -0.12664750E+00  -0.16106806E+00  -0.19846874E+00  -0.22412082E+00  -0.26186342E+00  -0.29631076E+00  -0.32486605E+00  -0.33960563E+00  -0.35443143E+00  -0.36058738E+00
 0.25500000E+04  -0.12442605E+00  -0.15884814E+00  -0.19630139E+00  -0.22201749E+00  -0.25989497E+00  -0.29451329E+00  -0.32326116E+00  -0.33813402E+00  -0.35315791E+00  -0.35950131E+00
 0.26000000E+04  -0.12223446E+00  -0.15664736E+00  -0.19414060E+00  -0.21991178E+00  -0.25791077E+00  -0.29268773E+00  -0.32161776E+00  -0.33661829E+00  -0.35183394E+00  -0.35836077E+00
 0.26500000E+04  -0.12007496E+00  -0.15446915E+00  -0.19199099E+00  -0.21780902E+00  -0.25591703E+00  -0.29084095E+00  -0.31994314E+00  -0.33506587E+00  -0.35046700E+00  -0.35717317E+00
 0.27000000E+04  -0.11794821E+00  -0.15231484E+00  -0.18985462E+00  -0.21571176E+00  -0.25391701E+00  -0.28897680E+00  -0.31824164E+00  -0.33348134E+00  -0.34906191E+00  -0.35594337E+00
 0.27500000E+04  -0.11585610E+00  -0.15018532E+00  -0.18773140E+00  -0.21361938E+00  -0.25190952E+00  -0.28709385E+00  -0.31651180E+00  -0.33186330E+00  -0.34761740E+00  -0.35467029E+00
 0.28000000E+04  -0.11380290E+00  -0.14808442E+00  -0.18562473E+00  -0.21153498E+00  -0.24989727E+00  -0.28519453E+00  -0.31475581E+00  -0.33021383E+00  -0.34613540E+00  -0.35335570E+00
 0.28500000E+04  -0.11179164E+00  -0.14601673E+00  -0.18354064E+00  -0.20946544E+00  -0.24788813E+00  -0.28328729E+00  -0.31298239E+00  -0.32854167E+00  -0.34462448E+00  -0.35200783E+00
 0.29000000E+04  -0.10982206E+00  -0.14398287E+00  -0.18148072E+00  -0.20741297E+00  -0.24588516E+00  -0.28137584E+00  -0.31119573E+00  -0.32685118E+00  -0.34308918E+00  -0.35063125E+00
 0.29500000E+04  -0.10789530E+00  -0.14198513E+00  -0.17944841E+00  -0.20538171E+00  -0.24389336E+00  -0.27946581E+00  -0.30940180E+00  -0.32514846E+00  -0.34153559E+00  -0.34923195E+00
 0.30000000E+04  -0.10601589E+00  -0.14002795E+00  -0.17744792E+00  -0.20337568E+00  -0.24191644E+00  -0.27756064E+00  -0.30760379E+00  -0.32343655E+00  -0.33996651E+00  -0.34781246E+00
 0.30500000E+04  -0.10418258E+00  -0.13811077E+00  -0.17547950E+00  -0.20139568E+00  -0.23995596E+00  -0.27566250E+00  -0.30580431E+00  -0.32171826E+00  -0.33838498E+00  -0.34637594E+00
 0.31000000E+04  -0.10239132E+00  -0.13623229E+00  -0.17354481E+00  -0.19944527E+00  -0.23801800E+00  -0.27377938E+00  -0.30401263E+00  -0.32000341E+00  -0.33680123E+00  -0.34493268E+00
 0.31500000E+04  -0.10063971E+00  -0.13439160E+00  -0.17164458E+00  -0.19752632E+00  -0.23610598E+00  -0.27191596E+00  -0.30223438E+00  -0.31829803E+00  -0.33522165E+00  -0.34348925E+00
 0.32000000E+04  -0.98927045E-01  -0.13258841E+00  -0.16977908E+00  -0.19563946E+00  -0.23422115E+00  -0.27007411E+00  -0.30047188E+00  -0.31660469E+00  -0.33364910E+00  -0.34204860E+00
 0.32500000E+04  -0.97249943E-01  -0.13081966E+00  -0.16794574E+00  -0.19378258E+00  -0.23236214E+00  -0.26825320E+00  -0.29872523E+00  -0.31492392E+00  -0.33208461E+00  -0.34061218E+00
 0.33000000E+04  -0.95606804E-01  -0.12908314E+00  -0.16614185E+00  -0.19195275E+00  -0.23052593E+00  -0.26645035E+00  -0.29699183E+00  -0.31325335E+00  -0.33052616E+00  -0.33917829E+00
 0.33500000E+04  -0.93994740E-01  -0.12737549E+00  -0.16436377E+00  -0.19014630E+00  -0.22870900E+00  -0.26466241E+00  -0.29526902E+00  -0.31159066E+00  -0.32897195E+00  -0.33774560E+00
 0.34000000E+04  -0.92419400E-01  -0.12570142E+00  -0.16261509E+00  -0.18836597E+00  -0.22691289E+00  -0.26288993E+00  -0.29355660E+00  -0.30993528E+00  -0.32742101E+00  -0.33631287E+00
 0.34500000E+04  -0.90889449E-01  -0.12406790E+00  -0.16090048E+00  -0.18661477E+00  -0.22513807E+00  -0.26113108E+00  -0.29185099E+00  -0.30828277E+00  -0.32586800E+00  -0.33487421E+00
 0.35000000E+04  -0.89409915E-01  -0.12248087E+00  -0.15922676E+00  -0.18489993E+00  -0.22339216E+00  -0.25939355E+00  -0.29015962E+00  -0.30664029E+00  -0.32431958E+00  -0.33343573E+00
 0.35500000E+04  -0.87977077E-01  -0.12093900E+00  -0.15759524E+00  -0.18322456E+00  -0.22168066E+00  -0.25768471E+00  -0.28849111E+00  -0.30501695E+00  -0.32278524E+00  -0.33200699E+00
 0.36000000E+04  -0.86596686E-01  -0.11944753E+00  -0.15601047E+00  -0.18159266E+00  -0.22000675E+00  -0.25600695E+00  -0.28684717E+00  -0.30341409E+00  -0.32126580E+00  -0.33058838E+00
 0.36500000E+04  -0.85266467E-01  -0.11800322E+00  -0.15446838E+00  -0.17999976E+00  -0.21836566E+00  -0.25435550E+00  -0.28522322E+00  -0.30182731E+00  -0.31975721E+00  -0.32917621E+00
 0.37000000E+04  -0.83980645E-01  -0.11660182E+00  -0.15296670E+00  -0.17844511E+00  -0.21675891E+00  -0.25273395E+00  -0.28362447E+00  -0.30026262E+00  -0.31826627E+00  -0.32777769E+00
 0.37500000E+04  -0.82736026E-01  -0.11524061E+00  -0.15150334E+00  -0.17692708E+00  -0.21518569E+00  -0.25114228E+00  -0.28205162E+00  -0.29872111E+00  -0.31679452E+00  -0.32639468E+00
 0.38000000E+04  -0.81525804E-01  -0.11391483E+00  -0.15007599E+00  -0.17544512E+00  -0.21364801E+00  -0.24958478E+00  -0.28051075E+00  -0.29720976E+00  -0.31534987E+00  -0.32503561E+00
 0.38500000E+04  -0.80351741E-01  -0.11262673E+00  -0.14868728E+00  -0.17400206E+00  -0.21214890E+00  -0.24806463E+00  -0.27900515E+00  -0.29573190E+00  -0.31393570E+00  -0.32370384E+00
 0.39000000E+04  -0.79212076E-01  -0.11137446E+00  -0.14733525E+00  -0.17259584E+00  -0.21068622E+00  -0.24657969E+00  -0.27753283E+00  -0.29428571E+00  -0.31255048E+00  -0.32239816E+00
 0.39500000E+04  -0.78106238E-01  -0.11015670E+00  -0.14601772E+00  -0.17122370E+00  -0.20925642E+00  -0.24512585E+00  -0.27608937E+00  -0.29286674E+00  -0.31118985E+00  -0.32111439E+00
 0.40000000E+04  -0.77036803E-01  -0.10897525E+00  -0.14473554E+00  -0.16988581E+00  -0.20785869E+00  -0.24370142E+00  -0.27467248E+00  -0.29147239E+00  -0.30985096E+00  -0.31984961E+00
 0.40500000E+04  -0.76007020E-01  -0.10783245E+00  -0.14348997E+00  -0.16858264E+00  -0.20649228E+00  -0.24230463E+00  -0.27327954E+00  -0.29009964E+00  -0.30853040E+00  -0.31860017E+00
 0.41000000E+04  -0.75018174E-01  -0.10672875E+00  -0.14228045E+00  -0.16731292E+00  -0.20515486E+00  -0.24093217E+00  -0.27190651E+00  -0.28874412E+00  -0.30722345E+00  -0.31736125E+00
 0.41500000E+04  -0.74072697E-01  -0.10566579E+00  -0.14110764E+00  -0.16607660E+00  -0.20384530E+00  -0.23958193E+00  -0.27055045E+00  -0.28740243E+00  -0.30592627E+00  -0.31612873E+00
 0.42000000E+04  -0.73175664E-01  -0.10464742E+00  -0.13997392E+00  -0.16487494E+00  -0.20256319E+00  -0.23825189E+00  -0.26920800E+00  -0.28607051E+00  -0.30463398E+00  -0.31489721E+00
 0.42500000E+04  -0.72335666E-01  -0.10368264E+00  -0.13888860E+00  -0.16371741E+00  -0.20131797E+00  -0.23695122E+00  -0.26788775E+00  -0.28475643E+00  -0.30335377E+00  -0.31367295E+00
 0.43000000E+04  -0.71549639E-01  -0.10276927E+00  -0.13785055E+00  -0.16260361E+00  -0.20011036E+00  -0.23568153E+00  -0.26659194E+00  -0.28346271E+00  -0.30208838E+00  -0.31245880E+00
 0.43500000E+04  -0.70815582E-01  -0.10190663E+00  -0.13686066E+00  -0.16153550E+00  -0.19894378E+00  -0.23444744E+00  -0.26532601E+00  -0.28219510E+00  -0.30084381E+00  -0.31126076E+00
 0.44000000E+04  -0.70130261E-01  -0.10109285E+00  -0.13591858E+00  -0.16051382E+00  -0.19782054E+00  -0.23325259E+00  -0.26409458E+00  -0.28095870E+00  -0.29962557E+00  -0.31008451E+00
 0.44500000E+04  -0.69493533E-01  -0.10032797E+00  -0.13502447E+00  -0.15953869E+00  -0.19674054E+00  -0.23209653E+00  -0.26289682E+00  -0.27975242E+00  -0.29843232E+00  -0.30892857E+00
 0.45000000E+04  -0.68908899E-01  -0.99616087E-01  -0.13418296E+00  -0.15861505E+00  -0.19570909E+00  -0.23098474E+00  -0.26173820E+00  -0.27858168E+00  -0.29726921E+00  -0.30779774E+00
 0.45500000E+04  -0.68377949E-01  -0.98958743E-01  -0.13339548E+00  -0.15774421E+00  -0.19472724E+00  -0.22991798E+00  -0.26061917E+00  -0.27744669E+00  -0.29613622E+00  -0.30669179E+00
 0.46000000E+04  -0.67905257E-01  -0.98360128E-01  -0.13266561E+00  -0.15692920E+00  -0.19379704E+00  -0.22889723E+00  -0.25953967E+00  -0.27634682E+00  -0.29503196E+00  -0.30560881E+00
 0.46500000E+04  -0.67500141E-01  -0.97829707E-01  -0.13200276E+00  -0.15617928E+00  -0.19292732E+00  -0.22793064E+00  -0.25850702E+00  -0.27528874E+00  -0.29396213E+00  -0.30455354E+00
 0.47000000E+04  -0.67167654E-01  -0.97372868E-01  -0.13141264E+00  -0.15550035E+00  -0.19212419E+00  -0.22702441E+00  -0.25752729E+00  -0.27427834E+00  -0.29293221E+00  -0.30353097E+00
 0.47500000E+04  -0.66907215E-01  -0.96989126E-01  -0.13089495E+00  -0.15489231E+00  -0.19138795E+00  -0.22617928E+00  -0.25660167E+00  -0.27331704E+00  -0.29194389E+00  -0.30254298E+00
 0.48000000E+04  -0.66716539E-01  -0.96676149E-01  -0.13044742E+00  -0.15435300E+00  -0.19071675E+00  -0.22539387E+00  -0.25572928E+00  -0.27240433E+00  -0.29099714E+00  -0.30158988E+00
 0.48500000E+04  -0.66601011E-01  -0.96439469E-01  -0.13007561E+00  -0.15388790E+00  -0.19011580E+00  -0.22467298E+00  -0.25491442E+00  -0.27154413E+00  -0.29009533E+00  -0.30067455E+00
 0.49000000E+04  -0.66566085E-01  -0.96284466E-01  -0.12978463E+00  -0.15350187E+00  -0.18958943E+00  -0.22402025E+00  -0.25416003E+00  -0.27073893E+00  -0.28924032E+00  -0.29979833E+00
 0.49500000E+04  -0.66617382E-01  -0.96216618E-01  -0.12957968E+00  -0.15319979E+00  -0.18914194E+00  -0.22343931E+00  -0.25346900E+00  -0.26999113E+00  -0.28843382E+00  -0.29896230E+00
 0.50000000E+04  -0.66755320E-01  -0.96236148E-01  -0.12946078E+00  -0.15298160E+00  -0.18877318E+00  -0.22292998E+00  -0.25284115E+00  -0.26930056E+00  -0.28767568E+00  -0.29816631E+00
 0.50500000E+04  -0.66974394E-01  -0.96336941E-01  -0.12942131E+00  -0.15284042E+00  -0.18847611E+00  -0.22248535E+00  -0.25226995E+00  -0.26866103E+00  -0.28696028E+00  -0.29740538E+00
 0.51000000E+04  -0.67266119E-01  -0.96510276E-01  -0.12945257E+00  -0.15276780E+00  -0.18824296E+00  -0.22209867E+00  -0.25174995E+00  -0.26806801E+00  -0.28628446E+00  -0.29667749E+00
 0.51500000E+04  -0.67638740E-01  -0.96765765E-01  -0.12956560E+00  -0.15277566E+00  -0.18808681E+00  -0.22178389E+00  -0.25129546E+00  -0.26753584E+00  -0.28566223E+00  -0.29599614E+00
 0.52000000E+04  -0.68096137E-01  -0.97107876E-01  -0.12976542E+00  -0.15286932E+00  -0.18801332E+00  -0.22154669E+00  -0.25091201E+00  -0.26706977E+00  -0.28509841E+00  -0.29536557E+00
 0.52500000E+04  -0.68630888E-01  -0.97528907E-01  -0.13004418E+00  -0.15304098E+00  -0.18801487E+00  -0.22137994E+00  -0.25059312E+00  -0.26666388E+00  -0.28458787E+00  -0.29478149E+00
 0.53000000E+04  -0.69240094E-01  -0.98026352E-01  -0.13039992E+00  -0.15328910E+00  -0.18809074E+00  -0.22128377E+00  -0.25033975E+00  -0.26631963E+00  -0.28413275E+00  -0.29424652E+00
 0.53500000E+04  -0.69922265E-01  -0.98599224E-01  -0.13083230E+00  -0.15361382E+00  -0.18824178E+00  -0.22125975E+00  -0.25015413E+00  -0.26603958E+00  -0.28373596E+00  -0.29376378E+00
 0.54000000E+04  -0.70676337E-01  -0.99246875E-01  -0.13134115E+00  -0.15401535E+00  -0.18846878E+00  -0.22130916E+00  -0.25003788E+00  -0.26582554E+00  -0.28339946E+00  -0.29333530E+00
 0.54500000E+04  -0.71495992E-01  -0.99962963E-01  -0.13192028E+00  -0.15448768E+00  -0.18876617E+00  -0.22142709E+00  -0.24998689E+00  -0.26567392E+00  -0.28312046E+00  -0.29295899E+00
 0.55000000E+04  -0.72373514E-01  -0.10073971E+00  -0.13256206E+00  -0.15502343E+00  -0.18912719E+00  -0.22160765E+00  -0.24999634E+00  -0.26558072E+00  -0.28289613E+00  -0.29263307E+00
 0.55500000E+04  -0.73308427E-01  -0.10157712E+00  -0.13326705E+00  -0.15562357E+00  -0.18955342E+00  -0.22185298E+00  -0.25006882E+00  -0.26554869E+00  -0.28272941E+00  -0.29236058E+00
 0.56000000E+04  -0.74298203E-01  -0.10247288E+00  -0.13403325E+00  -0.15628633E+00  -0.19004350E+00  -0.22216212E+00  -0.25020376E+00  -0.26557754E+00  -0.28262032E+00  -0.29214178E+00
 0.56500000E+04  -0.75340116E-01  -0.10342443E+00  -0.13485835E+00  -0.15700962E+00  -0.19059570E+00  -0.22253376E+00  -0.25040025E+00  -0.26566659E+00  -0.28256853E+00  -0.29197661E+00
 0.57000000E+04  -0.76431008E-01  -0.10442874E+00  -0.13573952E+00  -0.15779082E+00  -0.19120775E+00  -0.22296605E+00  -0.25065690E+00  -0.26581477E+00  -0.28257338E+00  -0.29186479E+00
 0.57500000E+04  -0.77568320E-01  -0.10548327E+00  -0.13667433E+00  -0.15862757E+00  -0.19187751E+00  -0.22345709E+00  -0.25097209E+00  -0.26602064E+00  -0.28263373E+00  -0.29180546E+00
 0.58000000E+04  -0.78750173E-01  -0.10658613E+00  -0.13766089E+00  -0.15951802E+00  -0.19260316E+00  -0.22400519E+00  -0.25134430E+00  -0.26628283E+00  -0.28274847E+00  -0.29179774E+00
 0.58500000E+04  -0.79973775E-01  -0.10773460E+00  -0.13869665E+00  -0.16045976E+00  -0.19338266E+00  -0.22460874E+00  -0.25177243E+00  -0.26660059E+00  -0.28291733E+00  -0.29184181E+00
 0.59000000E+04  -0.81237705E-01  -0.10892738E+00  -0.13978046E+00  -0.16145182E+00  -0.19421524E+00  -0.22526714E+00  -0.25225600E+00  -0.26697351E+00  -0.28313996E+00  -0.29193733E+00
 0.59500000E+04  -0.82540041E-01  -0.11016254E+00  -0.14091044E+00  -0.16249231E+00  -0.19509909E+00  -0.22597870E+00  -0.25279347E+00  -0.26740013E+00  -0.28341504E+00  -0.29208317E+00
 0.60000000E+04  -0.83878428E-01  -0.11143762E+00  -0.14208407E+00  -0.16357873E+00  -0.19603173E+00  -0.22674105E+00  -0.25338265E+00  -0.26787843E+00  -0.28374085E+00  -0.29227786E+00
 0.60500000E+04  -0.85251610E-01  -0.11275140E+00  -0.14330017E+00  -0.16470993E+00  -0.19701211E+00  -0.22755321E+00  -0.25402260E+00  -0.26840749E+00  -0.28411646E+00  -0.29252049E+00
 0.61000000E+04  -0.86658510E-01  -0.11410284E+00  -0.14455776E+00  -0.16588497E+00  -0.19803937E+00  -0.22841438E+00  -0.25471254E+00  -0.26898652E+00  -0.28454105E+00  -0.29281020E+00
 0.61500000E+04  -0.88097363E-01  -0.11549013E+00  -0.14585504E+00  -0.16710211E+00  -0.19911181E+00  -0.22932296E+00  -0.25545106E+00  -0.26961424E+00  -0.28501360E+00  -0.29314621E+00
 0.62000000E+04  -0.89565864E-01  -0.11691087E+00  -0.14718952E+00  -0.16835881E+00  -0.20022694E+00  -0.23027663E+00  -0.25623609E+00  -0.27028884E+00  -0.28553268E+00  -0.29352750E+00
 0.62500000E+04  -0.91060898E-01  -0.11836173E+00  -0.14855776E+00  -0.16965158E+00  -0.20138129E+00  -0.23127203E+00  -0.25706450E+00  -0.27100734E+00  -0.28609563E+00  -0.29395174E+00
 0.63000000E+04  -0.92580087E-01  -0.11984025E+00  -0.14995721E+00  -0.17097787E+00  -0.20257233E+00  -0.23230671E+00  -0.25793394E+00  -0.27176751E+00  -0.28670035E+00  -0.29441696E+00
 0.63500000E+04  -0.94120753E-01  -0.12134362E+00  -0.15138498E+00  -0.17233477E+00  -0.20379718E+00  -0.23337787E+00  -0.25884178E+00  -0.27256684E+00  -0.28734457E+00  -0.29492113E+00
 0.64000000E+04  -0.95681070E-01  -0.12286987E+00  -0.15283901E+00  -0.17372013E+00  -0.20505361E+00  -0.23448325E+00  -0.25978571E+00  -0.27340302E+00  -0.28802599E+00  -0.29546202E+00
 0.64500000E+04  -0.97259606E-01  -0.12441746E+00  -0.15431761E+00  -0.17513222E+00  -0.20633978E+00  -0.23562090E+00  -0.26076374E+00  -0.27427403E+00  -0.28874259E+00  -0.29603763E+00
 0.65000000E+04  -0.98855654E-01  -0.12598571E+00  -0.15582016E+00  -0.17657045E+00  -0.20765519E+00  -0.23679046E+00  -0.26177566E+00  -0.27517978E+00  -0.28949447E+00  -0.29664825E+00
 0.65500000E+04  -0.10046800E+00  -0.12757324E+00  -0.15734513E+00  -0.17803318E+00  -0.20899807E+00  -0.23799001E+00  -0.26281943E+00  -0.27611817E+00  -0.29027948E+00  -0.29729169E+00
 0.66000000E+04  -0.10209524E+00  -0.12917798E+00  -0.15888966E+00  -0.17951696E+00  -0.21036393E+00  -0.23921390E+00  -0.26388815E+00  -0.27708149E+00  -0.29108877E+00  -0.29795827E+00
 0.66500000E+04  -0.10374056E+00  -0.13080321E+00  -0.16045702E+00  -0.18102498E+00  -0.21175571E+00  -0.24046467E+00  -0.26498376E+00  -0.27807118E+00  -0.29192304E+00  -0.29864795E+00
 0.67000000E+04  -0.10540841E+00  -0.13245415E+00  -0.16205327E+00  -0.18256387E+00  -0.21318095E+00  -0.24175070E+00  -0.26611550E+00  -0.27909699E+00  -0.29279263E+00  -0.29937143E+00
 0.67500000E+04  -0.10709977E+00  -0.13413230E+00  -0.16368050E+00  -0.18413623E+00  -0.21464306E+00  -0.24307645E+00  -0.26728894E+00  -0.28016529E+00  -0.29370501E+00  -0.30013707E+00
 0.68000000E+04  -0.10881265E+00  -0.13583508E+00  -0.16533552E+00  -0.18573837E+00  -0.21613766E+00  -0.24443674E+00  -0.26849817E+00  -0.28126969E+00  -0.29465321E+00  -0.30093748E+00
 0.68500000E+04  -0.11054897E+00  -0.13756473E+00  -0.16702088E+00  -0.18737310E+00  -0.21766789E+00  -0.24583514E+00  -0.26974714E+00  -0.28241437E+00  -0.29564171E+00  -0.30177735E+00
 0.69000000E+04  -0.11230869E+00  -0.13932078E+00  -0.16873559E+00  -0.18903899E+00  -0.21923163E+00  -0.24726868E+00  -0.27103195E+00  -0.28359482E+00  -0.29666511E+00  -0.30265058E+00
 0.69500000E+04  -0.11409655E+00  -0.14110855E+00  -0.17048556E+00  -0.19074236E+00  -0.22083571E+00  -0.24874461E+00  -0.27236020E+00  -0.28481879E+00  -0.29773128E+00  -0.30356497E+00
 0.70000000E+04  -0.11591548E+00  -0.14293148E+00  -0.17227476E+00  -0.19248753E+00  -0.22248503E+00  -0.25026845E+00  -0.27373799E+00  -0.28609275E+00  -0.29884713E+00  -0.30452774E+00
 0.70500000E+04  -0.11776534E+00  -0.14478889E+00  -0.17410186E+00  -0.19427268E+00  -0.22417692E+00  -0.25183653E+00  -0.27516054E+00  -0.28741113E+00  -0.30000601E+00  -0.30553131E+00
 0.71000000E+04  -0.11965561E+00  -0.14669163E+00  -0.17597915E+00  -0.19611105E+00  -0.22592596E+00  -0.25346462E+00  -0.27664458E+00  -0.28879114E+00  -0.30122548E+00  -0.30659324E+00
 0.71500000E+04  -0.12159695E+00  -0.14865176E+00  -0.17792006E+00  -0.19801696E+00  -0.22774771E+00  -0.25516931E+00  -0.27820736E+00  -0.29025025E+00  -0.30252302E+00  -0.30773063E+00
 0.72000000E+04  -0.12359675E+00  -0.15067800E+00  -0.17993476E+00  -0.20000159E+00  -0.22965493E+00  -0.25696496E+00  -0.27986492E+00  -0.29180554E+00  -0.30391710E+00  -0.30896293E+00
 0.72500000E+04  -0.12565089E+00  -0.15276549E+00  -0.18201761E+00  -0.20205879E+00  -0.23164077E+00  -0.25884421E+00  -0.28160953E+00  -0.29344923E+00  -0.30540000E+00  -0.31028274E+00
 0.73000000E+04  -0.12776107E+00  -0.15491593E+00  -0.18417032E+00  -0.20419024E+00  -0.23370685E+00  -0.26080856E+00  -0.28344257E+00  -0.29518253E+00  -0.30697269E+00  -0.31169071E+00
 0.73500000E+04  -0.12993368E+00  -0.15713649E+00  -0.18640079E+00  -0.20640434E+00  -0.23586224E+00  -0.26286767E+00  -0.28537412E+00  -0.29701573E+00  -0.30864556E+00  -0.31319710E+00
 0.74000000E+04  -0.13216844E+00  -0.15942667E+00  -0.18870831E+00  -0.20870022E+00  -0.23810590E+00  -0.26502034E+00  -0.28740294E+00  -0.29894759E+00  -0.31041749E+00  -0.31480102E+00
 0.74500000E+04  -0.13446145E+00  -0.16178178E+00  -0.19108733E+00  -0.21107176E+00  -0.24043079E+00  -0.26725877E+00  -0.28952056E+00  -0.30096937E+00  -0.31227949E+00  -0.31649347E+00
 0.75000000E+04  -0.13680796E+00  -0.16419609E+00  -0.19353106E+00  -0.21351144E+00  -0.24282838E+00  -0.26957340E+00  -0.29171662E+00  -0.30307024E+00  -0.31422028E+00  -0.31826301E+00
 0.75500000E+04  -0.13920695E+00  -0.16666822E+00  -0.19603772E+00  -0.21601718E+00  -0.24529609E+00  -0.27196122E+00  -0.29398765E+00  -0.30524647E+00  -0.31623582E+00  -0.32010533E+00
 0.76000000E+04  -0.14165683E+00  -0.16919620E+00  -0.19860494E+00  -0.21858633E+00  -0.24783089E+00  -0.27441881E+00  -0.29632994E+00  -0.30749420E+00  -0.31832210E+00  -0.32201645E+00
 0.76500000E+04  -0.14416103E+00  -0.17178404E+00  -0.20123734E+00  -0.22122395E+00  -0.25043846E+00  -0.27695253E+00  -0.29875045E+00  -0.30982077E+00  -0.32048687E+00  -0.32400429E+00
 0.77000000E+04  -0.14672128E+00  -0.17443364E+00  -0.20393699E+00  -0.22393223E+00  -0.25312121E+00  -0.27956492E+00  -0.30125187E+00  -0.31222894E+00  -0.32273301E+00  -0.32607182E+00
 0.77500000E+04  -0.14933687E+00  -0.17714410E+00  -0.20670279E+00  -0.22670991E+00  -0.25587760E+00  -0.28225424E+00  -0.30383228E+00  -0.31471670E+00  -0.32505842E+00  -0.32821695E+00
 0.78000000E+04  -0.15200872E+00  -0.17991640E+00  -0.20953577E+00  -0.22955805E+00  -0.25870879E+00  -0.28502172E+00  -0.30649300E+00  -0.31728543E+00  -0.32746460E+00  -0.33044129E+00
 0.78500000E+04  -0.15473791E+00  -0.18275177E+00  -0.21243729E+00  -0.23247812E+00  -0.26161637E+00  -0.28786911E+00  -0.30923594E+00  -0.31993715E+00  -0.32995372E+00  -0.33274711E+00
 0.79000000E+04  -0.15753343E+00  -0.18566096E+00  -0.21542004E+00  -0.23548416E+00  -0.26461650E+00  -0.29081467E+00  -0.31208140E+00  -0.32269342E+00  -0.33254890E+00  -0.33515866E+00
 0.79500000E+04  -0.16043808E+00  -0.18869492E+00  -0.21854379E+00  -0.23864207E+00  -0.26778447E+00  -0.29394296E+00  -0.31512249E+00  -0.32565231E+00  -0.33535411E+00  -0.33778350E+00
 0.80000000E+04  -0.16341026E+00  -0.19180288E+00  -0.22174762E+00  -0.24188374E+00  -0.27104087E+00  -0.29716299E+00  -0.31825698E+00  -0.32870469E+00  -0.33825146E+00  -0.34049756E+00
 0.80500000E+04  -0.16641619E+00  -0.19494440E+00  -0.22498390E+00  -0.24515652E+00  -0.27432533E+00  -0.30040683E+00  -0.32140996E+00  -0.33177164E+00  -0.34115736E+00  -0.34321451E+00
 0.81000000E+04  -0.16944319E+00  -0.19810484E+00  -0.22823596E+00  -0.24844238E+00  -0.27761793E+00  -0.30365292E+00  -0.32455871E+00  -0.33482994E+00  -0.34404829E+00  -0.34591105E+00
 0.81500000E+04  -0.17249644E+00  -0.20129100E+00  -0.23151249E+00  -0.25175141E+00  -0.28093109E+00  -0.30691626E+00  -0.32772092E+00  -0.33789908E+00  -0.34694622E+00  -0.34861111E+00
 0.82000000E+04  -0.17557343E+00  -0.20450029E+00  -0.23481085E+00  -0.25508102E+00  -0.28426238E+00  -0.31019472E+00  -0.33089492E+00  -0.34097774E+00  -0.34985039E+00  -0.35131450E+00
 0.82500000E+04  -0.17866559E+00  -0.20772290E+00  -0.23811996E+00  -0.25841927E+00  -0.28759865E+00  -0.31347411E+00  -0.33406565E+00  -0.34405042E+00  -0.35274491E+00  -0.35400521E+00
 0.83000000E+04  -0.18176805E+00  -0.21095352E+00  -0.24143413E+00  -0.26176028E+00  -0.29093384E+00  -0.31674827E+00  -0.33722706E+00  -0.34711122E+00  -0.35562420E+00  -0.35667810E+00
 0.83500000E+04  -0.18487896E+00  -0.21419050E+00  -0.24475201E+00  -0.26510295E+00  -0.29426728E+00  -0.32001714E+00  -0.34037973E+00  -0.35016119E+00  -0.35848997E+00  -0.35933545E+00
 0.84000000E+04  -0.18799390E+00  -0.21742906E+00  -0.24806849E+00  -0.26844197E+00  -0.29759349E+00  -0.32327511E+00  -0.34351803E+00  -0.35319474E+00  -0.36133677E+00  -0.36197201E+00
 0.84500000E+04  -0.19111093E+00  -0.22066740E+00  -0.25138197E+00  -0.27177595E+00  -0.30091139E+00  -0.32652152E+00  -0.34664179E+00  -0.35621201E+00  -0.36416522E+00  -0.36458883E+00
 0.85000000E+04  -0.19422923E+00  -0.22390495E+00  -0.25469223E+00  -0.27510493E+00  -0.30422151E+00  -0.32975739E+00  -0.34975255E+00  -0.35921489E+00  -0.36697764E+00  -0.36718858E+00
 0.85500000E+04  -0.19734658E+00  -0.22713946E+00  -0.25799702E+00  -0.27842668E+00  -0.30752170E+00  -0.33298071E+00  -0.35284841E+00  -0.36220157E+00  -0.36977238E+00  -0.36976973E+00
 0.86000000E+04  -0.20046000E+00  -0.23036777E+00  -0.26129304E+00  -0.28173783E+00  -0.31080845E+00  -0.33618790E+00  -0.35592577E+00  -0.36516842E+00  -0.37254582E+00  -0.37232874E+00
 0.86500000E+04  -0.20356733E+00  -0.23358768E+00  -0.26457808E+00  -0.28503617E+00  -0.31407966E+00  -0.33937694E+00  -0.35898274E+00  -0.36811370E+00  -0.37529639E+00  -0.37486420E+00
 0.87000000E+04  -0.20666692E+00  -0.23679761E+00  -0.26785067E+00  -0.28832036E+00  -0.31733418E+00  -0.34254695E+00  -0.36201872E+00  -0.37103694E+00  -0.37802389E+00  -0.37737618E+00
 0.87500000E+04  -0.20975747E+00  -0.23999638E+00  -0.27110983E+00  -0.29158958E+00  -0.32057146E+00  -0.34569768E+00  -0.36503377E+00  -0.37393847E+00  -0.38072895E+00  -0.37986554E+00
 0.88000000E+04  -0.21283834E+00  -0.24318359E+00  -0.27435544E+00  -0.29484391E+00  -0.32379195E+00  -0.34882997E+00  -0.36802914E+00  -0.37681977E+00  -0.38341341E+00  -0.38233440E+00
 0.88500000E+04  -0.21590903E+00  -0.24635892E+00  -0.27758742E+00  -0.29808345E+00  -0.32699604E+00  -0.35194453E+00  -0.37100587E+00  -0.37968206E+00  -0.38607873E+00  -0.38478443E+00
 0.89000000E+04  -0.21896884E+00  -0.24952177E+00  -0.28080529E+00  -0.30130785E+00  -0.33018357E+00  -0.35504140E+00  -0.37396416E+00  -0.38252569E+00  -0.38872542E+00  -0.38721626E+00
 0.89500000E+04  -0.22201676E+00  -0.25267118E+00  -0.28400815E+00  -0.30451624E+00  -0.33335376E+00  -0.35811989E+00  -0.37690345E+00  -0.38535015E+00  -0.39135307E+00  -0.38962956E+00
 0.90000000E+04  -0.22505175E+00  -0.25580608E+00  -0.28719498E+00  -0.30770762E+00  -0.33650565E+00  -0.36117911E+00  -0.37982287E+00  -0.38815460E+00  -0.39396086E+00  -0.39202355E+00
 0.90500000E+04  -0.22807287E+00  -0.25892556E+00  -0.29036485E+00  -0.31088110E+00  -0.33963840E+00  -0.36421824E+00  -0.38272167E+00  -0.39093831E+00  -0.39654811E+00  -0.39439759E+00
 0.91000000E+04  -0.23107925E+00  -0.26202875E+00  -0.29351693E+00  -0.31403587E+00  -0.34275123E+00  -0.36723656E+00  -0.38559917E+00  -0.39370063E+00  -0.39911420E+00  -0.39675108E+00
 0.91500000E+04  -0.23406991E+00  -0.26511463E+00  -0.29665020E+00  -0.31717089E+00  -0.34584312E+00  -0.37023305E+00  -0.38845432E+00  -0.39644052E+00  -0.40165812E+00  -0.39908304E+00
 0.92000000E+04  -0.23704388E+00  -0.26818220E+00  -0.29976360E+00  -0.32028511E+00  -0.34891298E+00  -0.37320661E+00  -0.39128605E+00  -0.39915691E+00  -0.40417876E+00  -0.40139237E+00
 0.92500000E+04  -0.24000034E+00  -0.27123063E+00  -0.30285633E+00  -0.32337773E+00  -0.35196007E+00  -0.37615653E+00  -0.39409367E+00  -0.40184911E+00  -0.40667550E+00  -0.40367848E+00
 0.93000000E+04  -0.24293872E+00  -0.27425937E+00  -0.30592789E+00  -0.32644829E+00  -0.35498398E+00  -0.37908250E+00  -0.39687696E+00  -0.40451697E+00  -0.40914825E+00  -0.40594135E+00
 0.93500000E+04  -0.24585870E+00  -0.27726821E+00  -0.30897815E+00  -0.32949675E+00  -0.35798481E+00  -0.38198475E+00  -0.39963629E+00  -0.40716095E+00  -0.41159758E+00  -0.40818161E+00
 0.94000000E+04  -0.24876006E+00  -0.28025699E+00  -0.31200710E+00  -0.33252317E+00  -0.36096277E+00  -0.38486365E+00  -0.40237218E+00  -0.40978166E+00  -0.41402422E+00  -0.41040009E+00
 0.94500000E+04  -0.25164236E+00  -0.28322534E+00  -0.31501442E+00  -0.33552731E+00  -0.36391771E+00  -0.38771915E+00  -0.40508468E+00  -0.41237921E+00  -0.41642835E+00  -0.41259703E+00
 0.95000000E+04  -0.25450510E+00  -0.28617278E+00  -0.31799967E+00  -0.33850875E+00  -0.36684930E+00  -0.39055097E+00  -0.40777358E+00  -0.41495342E+00  -0.41880985E+00  -0.41477236E+00
 0.95500000E+04  -0.25734775E+00  -0.28909883E+00  -0.32096243E+00  -0.34146711E+00  -0.36975719E+00  -0.39335887E+00  -0.41043870E+00  -0.41750417E+00  -0.42116864E+00  -0.41692603E+00
 0.96000000E+04  -0.26016972E+00  -0.29200288E+00  -0.32390210E+00  -0.34440183E+00  -0.37264087E+00  -0.39614236E+00  -0.41307962E+00  -0.42003106E+00  -0.42350441E+00  -0.41905780E+00
 0.96500000E+04  -0.26297060E+00  -0.29488456E+00  -0.32681835E+00  -0.34731260E+00  -0.37550011E+00  -0.39890131E+00  -0.41569627E+00  -0.42253410E+00  -0.42581723E+00  -0.42116780E+00
 0.97000000E+04  -0.26575034E+00  -0.29774391E+00  -0.32971134E+00  -0.35019965E+00  -0.37833527E+00  -0.40163620E+00  -0.41828930E+00  -0.42501402E+00  -0.42810794E+00  -0.42325696E+00
 0.97500000E+04  -0.26850900E+00  -0.30058110E+00  -0.33258135E+00  -0.35306339E+00  -0.38114689E+00  -0.40434772E+00  -0.42085954E+00  -0.42747172E+00  -0.43037758E+00  -0.42532638E+00
 0.98000000E+04  -0.27124666E+00  -0.30339628E+00  -0.33542864E+00  -0.35590410E+00  -0.38393539E+00  -0.40703642E+00  -0.42340763E+00  -0.42990792E+00  -0.43262691E+00  -0.42737691E+00
 0.98500000E+04  -0.27396340E+00  -0.30618960E+00  -0.33825344E+00  -0.35872211E+00  -0.38670117E+00  -0.40970279E+00  -0.42593416E+00  -0.43232325E+00  -0.43485664E+00  -0.42940928E+00
 0.99000000E+04  -0.27665971E+00  -0.30896173E+00  -0.34105657E+00  -0.36151833E+00  -0.38944533E+00  -0.41234812E+00  -0.42844058E+00  -0.43471928E+00  -0.43706845E+00  -0.43142523E+00
 0.99500000E+04  -0.27933606E+00  -0.31171321E+00  -0.34383872E+00  -0.36429357E+00  -0.39216882E+00  -0.41497345E+00  -0.43092805E+00  -0.43709721E+00  -0.43926361E+00  -0.43342609E+00
 0.10000000E+05  -0.28199288E+00  -0.31444461E+00  -0.34660055E+00  -0.36704854E+00  -0.39487246E+00  -0.41757975E+00  -0.43339761E+00  -0.43945813E+00  -0.44144325E+00  -0.43541298E+00
