*type_process{
SOLID_ONLY
}
*title{
Creep: Circular Geometry for Theorical Test: Mesh 100x50
}
*exec{
         1
}
*iprtin{
         0
}
*nsd{
         2
}
*geomech{
         1
}
*irregMesh{
         0
}
*Dirichlet{
         0
}
*Neumann{
         0
}
*I4SeaLoad{
         0
}
*numnp{
      5151
}
*numel{
      5000
}
*nelx{
       100
}
*nely{
        50
}
*numnpReserv{
      5151
}
*numelReserv{
      5000
}
*nelxReserv{
       100
}
*nelyReserv{
        50
}
*nlvectP{
         1
}
*nlvectV{
         1
}
*nlvectD{
         1
}
*coordenadas_nodais{
         1         8            0.0          100.0
                              100.0            0.0
                              200.0            0.0
                                0.0          200.0
                          70.710678      70.710678
                              150.0            0.0
                          141.42135      141.42135
                                0.0          150.0
       100         1        50       101
         0
}
*codigos_cond_contorno_veloc{
         1       100         1         1
       101      9950       201         1
       201     10050       201         1
         0
}
*valores_cond_contorno_veloc{
         0
}
*codigos_cond_contorno_desloc{
         1      5051       101         1         0
       101      5151       101         0         1
      5052      5150         1         0         0
         1       101         1         0         0
         0
}
*valores_cond_contorno_desloc{
         1                0.000E+00      9.145E-01
         2                3.316E-02      1.818E+00
         3                6.548E-02      1.800E+00
         4                9.698E-02      1.782E+00
         5                1.277E-01      1.764E+00
         6                1.576E-01      1.745E+00
         7                1.868E-01      1.727E+00
         8                2.152E-01      1.709E+00
         9                2.429E-01      1.690E+00
        10                2.699E-01      1.672E+00
        11                2.962E-01      1.653E+00
        12                3.218E-01      1.635E+00
        13                3.467E-01      1.617E+00
        14                3.711E-01      1.599E+00
        15                3.948E-01      1.580E+00
        16                4.179E-01      1.562E+00
        17                4.404E-01      1.544E+00
        18                4.624E-01      1.526E+00
        19                4.839E-01      1.508E+00
        20                5.048E-01      1.491E+00
        21                5.252E-01      1.473E+00
        22                5.451E-01      1.455E+00
        23                5.646E-01      1.438E+00
        24                5.836E-01      1.420E+00
        25                6.023E-01      1.403E+00
        26                6.205E-01      1.386E+00
        27                6.383E-01      1.369E+00
        28                6.558E-01      1.352E+00
        29                6.729E-01      1.335E+00
        30                6.897E-01      1.319E+00
        31                7.062E-01      1.302E+00
        32                7.224E-01      1.286E+00
        33                7.383E-01      1.270E+00
        34                7.540E-01      1.254E+00
        35                7.694E-01      1.238E+00
        36                7.847E-01      1.222E+00
        37                7.998E-01      1.206E+00
        38                8.146E-01      1.191E+00
        39                8.294E-01      1.175E+00
        40                8.440E-01      1.160E+00
        41                8.584E-01      1.145E+00
        42                8.728E-01      1.130E+00
        43                8.871E-01      1.115E+00
        44                9.013E-01      1.101E+00
        45                9.155E-01      1.086E+00
        46                9.296E-01      1.071E+00
        47                9.437E-01      1.057E+00
        48                9.577E-01      1.043E+00
        49                9.718E-01      1.028E+00
        50                9.859E-01      1.014E+00
        51                1.000E+00      1.000E+00
        52                1.014E+00      9.859E-01
        53                1.028E+00      9.718E-01
        54                1.043E+00      9.577E-01
        55                1.057E+00      9.437E-01
        56                1.071E+00      9.296E-01
        57                1.086E+00      9.155E-01
        58                1.101E+00      9.013E-01
        59                1.115E+00      8.871E-01
        60                1.130E+00      8.728E-01
        61                1.145E+00      8.584E-01
        62                1.160E+00      8.440E-01
        63                1.175E+00      8.294E-01
        64                1.191E+00      8.146E-01
        65                1.206E+00      7.998E-01
        66                1.222E+00      7.847E-01
        67                1.238E+00      7.694E-01
        68                1.254E+00      7.540E-01
        69                1.270E+00      7.383E-01
        70                1.286E+00      7.224E-01
        71                1.302E+00      7.062E-01
        72                1.319E+00      6.897E-01
        73                1.335E+00      6.729E-01
        74                1.352E+00      6.558E-01
        75                1.369E+00      6.383E-01
        76                1.386E+00      6.205E-01
        77                1.403E+00      6.023E-01
        78                1.420E+00      5.836E-01
        79                1.438E+00      5.646E-01
        80                1.455E+00      5.451E-01
        81                1.473E+00      5.252E-01
        82                1.491E+00      5.048E-01
        83                1.508E+00      4.839E-01
        84                1.526E+00      4.624E-01
        85                1.544E+00      4.404E-01
        86                1.562E+00      4.179E-01
        87                1.580E+00      3.948E-01
        88                1.599E+00      3.711E-01
        89                1.617E+00      3.467E-01
        90                1.635E+00      3.218E-01
        91                1.653E+00      2.962E-01
        92                1.672E+00      2.699E-01
        93                1.690E+00      2.429E-01
        94                1.709E+00      2.152E-01
        95                1.727E+00      1.868E-01
        96                1.745E+00      1.576E-01
        97                1.764E+00      1.277E-01
        98                1.782E+00      9.698E-02
        99                1.800E+00      6.548E-02
       100                1.818E+00      3.316E-02
       101                9.145E-01      0.000E+00 
         0
}
*ntype{
         1
}
*numat{
         1
}
*nen{
         4
}
*nicode{
         9
}
*material_properties{
         1       1.00d+00  0.00     1.00d+0   
}
*constant_body_forces{
       0.0    0.0E+0       0.0
}
*conectividades_nodais{
         1         1         1         2       103       102        1
       100         1         1        50       100       101
         0
}
*conectividades_ladais{
         1         1         1       102       202       101        1 
       100         1         1        50       100       201
         0
}
*include{
layer_reference.inc
}
*include{
data.inc
}
*include{
randfiles.inc
}
*include{
geomechLayers.inc
}
*include{
NumericParam.inc
}
*include{
mcmc.inc
}
*include{
SimulatorParam.inc
}
*include{
CreepParameters.inc
}
