   4.90000000E-01
   4.90000000E-01
   4.90000000E-01
   4.90000000E-01
   4.90000000E-01
   4.90000000E-01
   4.90000000E-01
   4.90000000E-01
   4.90000000E-01
   4.90000000E-01
   4.90000000E-01
   4.90000000E-01
   4.90000000E-01
   4.90000000E-01
   4.90000000E-01
   4.90000000E-01
   4.90000000E-01
   4.90000000E-01
   4.90000000E-01
   4.90000000E-01
   4.90000000E-01
   4.90000000E-01
   4.90000000E-01
   4.90000000E-01
   4.90000000E-01
   4.90000000E-01
   4.90000000E-01
   4.90000000E-01
   4.90000000E-01
   4.90000000E-01
   4.90000000E-01
   4.90000000E-01
   4.90000000E-01
   4.90000000E-01
   4.90000000E-01
   4.90000000E-01
   4.90000000E-01
   4.90000000E-01
   4.90000000E-01
   4.90000000E-01
   4.90000000E-01
   4.90000000E-01
   4.90000000E-01
   4.90000000E-01
   4.90000000E-01
   4.90000000E-01
   4.90000000E-01
   4.90000000E-01
   4.90000000E-01
   4.90000000E-01
   4.90000000E-01
   4.90000000E-01
   4.90000000E-01
   4.90000000E-01
   4.90000000E-01
   4.90000000E-01
   4.90000000E-01
   4.90000000E-01
   4.90000000E-01
   4.90000000E-01
   4.90000000E-01
   4.90000000E-01
   4.90000000E-01
   4.90000000E-01
