   2.63241536E-03
   7.14646791E-03
   1.17346495E-02
   7.87059823E-03
  -1.75104963E-03
  -4.33085808E-03
  -1.08045543E-02
  -5.71368074E-03
  -5.10622239E-04
  -2.57432877E-03
   1.52572863E-03
   1.76024613E-03
  -2.66762935E-04
   1.24228358E-03
  -5.09180962E-04
  -5.88310326E-04
   4.48185389E-04
  -5.28670182E-04
   3.22957288E-04
   1.98860326E-04
  -3.58900338E-04
   3.27897613E-04
  -1.78833148E-04
  -5.21754255E-05
   2.58326585E-04
  -2.14676804E-04
   1.09939829E-04
   7.24613238E-06
  -1.75919310E-04
   1.35561399E-04
  -6.63726761E-05
  -2.07733880E-06
   1.11953992E-04
  -7.65713592E-05
   2.59701940E-05
   1.56082545E-05
  -6.48666689E-05
   2.83623731E-05
   1.86545413E-05
  -4.56881947E-05
   3.38957083E-05
   1.24678225E-05
  -7.32570302E-05
   1.02304228E-04
  -1.90915232E-05
  -4.21268389E-05
   1.41482159E-04
  -2.13311978E-04
  -3.98089605E-06
   3.40187694E-06
  -2.37081256E-04
   4.42220666E-04
   1.22001268E-04
   2.45954682E-04
   3.19826054E-04
  -9.54882084E-04
  -5.45305267E-05
   8.24071126E-05
   5.85910864E-04
   2.29362677E-03
  -4.01054236E-04
  -1.45757234E-03
  -2.91583971E-03
  -5.12058466E-03
