   7.26851402E-01
   2.17839425E+00
   3.63339798E+00
   5.03990430E+00
   6.78009752E-01
   2.03516507E+00
   3.37999315E+00
   4.72783401E+00
   6.30165414E-01
   1.88674124E+00
   3.14643505E+00
   4.40562814E+00
   5.81887876E-01
   1.74838252E+00
   2.91324139E+00
   4.07901238E+00
   5.36565154E-01
   1.60790469E+00
   2.68056662E+00
   3.75250686E+00
   4.89136237E-01
   1.46864318E+00
   2.44718824E+00
   3.42628124E+00
   4.43072206E-01
   1.32837132E+00
   2.21433997E+00
   3.09990721E+00
   3.96085779E-01
   1.18881193E+00
   1.98109769E+00
   2.77364786E+00
   3.49705079E-01
   1.04878608E+00
   1.74811667E+00
   2.44731165E+00
   3.02959161E-01
   9.09025319E-01
   1.51501096E+00
   2.12100237E+00
   2.56392830E-01
   7.69177689E-01
   1.28188166E+00
   1.79472855E+00
   2.09784440E-01
   6.29246174E-01
   1.04895806E+00
   1.46833280E+00
   1.63155274E-01
   4.89600125E-01
   8.15578407E-01
   1.14217781E+00
   1.16487829E-01
   3.49442360E-01
   5.83078809E-01
   8.15556284E-01
   6.97174243E-02
   2.09263418E-01
   3.48795919E-01
   4.90322380E-01
   2.32786808E-02
   6.96495680E-02
   1.15951947E-01
   1.63451141E-01
