  -3.71178063E-01
  -3.24126977E-01
  -2.28928685E-01
  -7.58262742E-02
  -3.72063219E-01
  -3.22696206E-01
  -2.22674669E-01
  -8.26259065E-02
  -3.67161603E-01
  -3.19075236E-01
  -2.26114512E-01
  -8.77086491E-02
  -3.66141317E-01
  -3.20113992E-01
  -2.27119222E-01
  -8.66854682E-02
  -3.66607024E-01
  -3.19903488E-01
  -2.26590288E-01
  -8.69591998E-02
  -3.66547728E-01
  -3.19934166E-01
  -2.26758945E-01
  -8.68191611E-02
  -3.66554044E-01
  -3.19949661E-01
  -2.26678661E-01
  -8.68776343E-02
  -3.66555874E-01
  -3.19930021E-01
  -2.26723584E-01
  -8.68505216E-02
  -3.66553206E-01
  -3.19941826E-01
  -2.26697587E-01
  -8.68673812E-02
  -3.66552748E-01
  -3.19941045E-01
  -2.26710809E-01
  -8.68553981E-02
  -3.66557704E-01
  -3.19928131E-01
  -2.26712697E-01
  -8.68614687E-02
  -3.66550384E-01
  -3.19956839E-01
  -2.26681850E-01
  -8.68709271E-02
  -3.66517464E-01
  -3.19918716E-01
  -2.26799014E-01
  -8.68248059E-02
  -3.66700538E-01
  -3.19892427E-01
  -2.26460453E-01
  -8.70065826E-02
  -3.66943247E-01
  -3.20326420E-01
  -2.26726105E-01
  -8.60642280E-02
  -3.66055837E-01
  -3.19604850E-01
  -2.26862919E-01
  -8.75363935E-02
