   3.57447071E-01
   1.07091495E+00
   1.78611499E+00
   2.47340970E+00
   3.31366764E-01
   9.95108765E-01
   1.65090241E+00
   2.31383896E+00
   3.08530848E-01
   9.23241784E-01
   1.54250078E+00
   2.15962031E+00
   2.84994345E-01
   8.57316155E-01
   1.42723878E+00
   1.99842779E+00
   2.63136536E-01
   7.87614250E-01
   1.31363589E+00
   1.83882580E+00
   2.39500895E-01
   7.19795827E-01
   1.19903461E+00
   1.67885224E+00
   2.17231961E-01
   6.50796756E-01
   1.08508045E+00
   1.51895808E+00
   1.93995831E-01
   5.82584272E-01
   9.70705347E-01
   1.35908643E+00
   1.71410346E-01
   5.13867660E-01
   8.56589895E-01
   1.19919036E+00
   1.48418204E-01
   4.45436304E-01
   7.42364512E-01
   1.03926877E+00
   1.25649095E-01
   3.76903177E-01
   6.28086119E-01
   8.79467120E-01
   1.02785021E-01
   3.08309983E-01
   5.14058776E-01
   7.19378551E-01
   7.99441334E-02
   2.39905728E-01
   3.99517249E-01
   5.59883816E-01
   5.71388168E-02
   1.71347274E-01
   2.85865331E-01
   3.99154687E-01
   3.41348179E-02
   1.02579454E-01
   1.71197097E-01
   2.41381843E-01
   1.12100370E-02
   3.34140779E-02
   5.53876924E-02
   7.75819724E-02
