16
1.1975000e+03 -7.9750000e+02 0.0000000e+00
1.1975000e+03 -7.8750000e+02 0.0000000e+00
1.1975000e+03 -7.7750000e+02 0.0000000e+00
1.1975000e+03 -7.6750000e+02 0.0000000e+00
1.1975000e+03 -7.5750000e+02 0.0000000e+00
1.1975000e+03 -7.4750000e+02 0.0000000e+00
1.1975000e+03 -7.3750000e+02 0.0000000e+00
1.1975000e+03 -7.2750000e+02 0.0000000e+00
1.1975000e+03 -7.1750000e+02 0.0000000e+00
1.1975000e+03 -7.0750000e+02 0.0000000e+00
1.1975000e+03 -6.9750000e+02 0.0000000e+00
1.1975000e+03 -6.8750000e+02 0.0000000e+00
1.1975000e+03 -6.7750000e+02 0.0000000e+00
1.1975000e+03 -6.6750000e+02 0.0000000e+00
1.1975000e+03 -6.5750000e+02 0.0000000e+00
1.1975000e+03 -6.4750000e+02 0.0000000e+00
