   7.15687769E-01
   2.13563298E+00
   3.50841937E+00
   4.56138183E+00
   6.48418880E-01
   1.93131609E+00
   3.14615002E+00
   4.35579568E+00
   5.88192358E-01
   1.75477835E+00
   2.91609234E+00
   4.07206863E+00
   5.38740601E-01
   1.61725663E+00
   2.69513907E+00
   3.77478731E+00
   4.95557860E-01
   1.48686654E+00
   2.47945652E+00
   3.47268643E+00
   4.52600614E-01
   1.35809930E+00
   2.26403327E+00
   3.17032513E+00
   4.09658934E-01
   1.22903203E+00
   2.04856676E+00
   2.86818317E+00
   3.66584416E-01
   1.09976980E+00
   1.83297863E+00
   2.56620500E+00
   3.23473468E-01
   9.70416383E-01
   1.61735113E+00
   2.26428028E+00
   2.80353614E-01
   8.41045690E-01
   1.40171422E+00
   1.96236336E+00
   2.37222418E-01
   7.11667490E-01
   1.18606833E+00
   1.66044709E+00
   1.94050042E-01
   5.82147487E-01
   9.70376603E-01
   1.35858157E+00
   1.50506999E-01
   4.52141193E-01
   7.54338545E-01
   1.05704614E+00
   1.06578117E-01
   3.20221668E-01
   5.37566747E-01
   7.56317110E-01
   6.26312979E-02
   1.88462511E-01
   3.14969780E-01
   4.58121641E-01
   2.09865469E-02
   6.29036346E-02
   1.05440047E-01
   1.38821180E-01
