   3.55621272E-01
   1.05990228E+00
   1.73762292E+00
   2.20800231E+00
   3.06234402E-01
   9.11362592E-01
   1.47553639E+00
   2.08140074E+00
   2.75459770E-01
   8.21843778E-01
   1.37551996E+00
   1.93591332E+00
   2.53622084E-01
   7.63531640E-01
   1.27623716E+00
   1.79330396E+00
   2.34809824E-01
   7.04866732E-01
   1.17668525E+00
   1.64944335E+00
   2.14871493E-01
   6.44871912E-01
   1.07520794E+00
   1.50583505E+00
   1.94596214E-01
   5.83798442E-01
   9.73065353E-01
   1.36235447E+00
   1.74139801E-01
   5.22417611E-01
   8.70680245E-01
   1.21893787E+00
   1.53656930E-01
   4.60962837E-01
   7.68252571E-01
   1.07553238E+00
   1.33179542E-01
   3.99520833E-01
   6.65833686E-01
   9.32124478E-01
   1.12718318E-01
   3.38131010E-01
   5.63448471E-01
   7.88709893E-01
   9.22889835E-02
   2.76758889E-01
   4.61127134E-01
   6.45287614E-01
   7.16134304E-02
   2.15194228E-01
   3.58651323E-01
   5.01917811E-01
   5.04584251E-02
   1.51618243E-01
   2.55312826E-01
   3.58234111E-01
   2.82392592E-02
   8.51404350E-02
   1.42265420E-01
   2.12593532E-01
   4.33112172E-03
   1.24134815E-02
   1.94175099E-02
   1.66795986E-02
