   3.29885932E-02
   9.57402389E-02
   1.49734139E-01
   8.70440845E-02
  -3.71487576E-03
  -1.26579996E-02
  -3.97576215E-02
   2.61006102E-02
  -8.27705345E-03
  -2.45809177E-02
  -2.02608381E-02
   3.53835741E-03
  -4.79937282E-03
  -9.82160287E-03
  -8.32400655E-03
   5.89442952E-04
  -1.22138905E-03
  -2.93657482E-03
  -2.22441765E-03
  -1.74109806E-04
  -2.39575164E-04
  -4.74220979E-04
  -4.37601769E-04
  -1.46076048E-04
   1.73060549E-05
   1.73183104E-05
  -8.12539299E-06
  -6.84909806E-05
   2.56918317E-05
   5.67508817E-05
   3.24140308E-05
  -2.00187512E-05
   1.48049474E-05
   3.16955641E-05
   2.27061294E-05
  -1.57776002E-06
   2.43686735E-05
   5.08001055E-05
   4.09118193E-05
   3.96390877E-06
   7.93036338E-05
   1.87266772E-04
   1.38978212E-04
  -5.21051924E-06
   2.42555253E-04
   5.02804415E-04
   4.17363799E-04
  -8.13343218E-05
   2.58117880E-04
   8.99288081E-04
   7.16870878E-04
  -3.77059899E-04
  -3.49853356E-04
  -1.02536753E-03
  -6.60606445E-05
  -2.14003397E-03
  -3.18022595E-03
  -9.21949026E-03
  -1.54636331E-02
  -1.05563111E-02
  -1.18683959E-02
  -3.67699894E-02
  -6.45610788E-02
  -1.03706236E-01
