  -4.37063396E-01
  -3.72033746E-01
  -2.27663398E-01
   3.67005397E-02
  -4.05997655E-01
  -3.39674311E-01
  -2.09875029E-01
  -4.45130051E-02
  -3.75796175E-01
  -3.20952512E-01
  -2.19937470E-01
  -8.33738437E-02
  -3.62215318E-01
  -3.16004249E-01
  -2.26319352E-01
  -9.55210812E-02
  -3.58321420E-01
  -3.14858037E-01
  -2.28250370E-01
  -9.86301723E-02
  -3.57665069E-01
  -3.14673857E-01
  -2.28570342E-01
  -9.91507317E-02
  -3.57703171E-01
  -3.14678647E-01
  -2.28532222E-01
  -9.91459597E-02
  -3.57783675E-01
  -3.14696256E-01
  -2.28482572E-01
  -9.90974971E-02
  -3.57819262E-01
  -3.14704528E-01
  -2.28461515E-01
  -9.90746952E-02
  -3.57836996E-01
  -3.14709144E-01
  -2.28452158E-01
  -9.90617013E-02
  -3.57898067E-01
  -3.14726345E-01
  -2.28420103E-01
  -9.90154859E-02
  -3.58146704E-01
  -3.14802978E-01
  -2.28292754E-01
  -9.88175635E-02
  -3.58845211E-01
  -3.15079196E-01
  -2.27957455E-01
  -9.81781386E-02
  -3.59985157E-01
  -3.15872612E-01
  -2.27603257E-01
  -9.65989742E-02
  -3.59805787E-01
  -3.16270324E-01
  -2.28645213E-01
  -9.53386765E-02
  -3.52356938E-01
  -3.11503259E-01
  -2.29776790E-01
  -1.06423014E-01
