   1200.0000
    160.0000
    120
     16
      3
      0.2000
      2
      2
      0
     -0.4341      0.4609     -0.2409     -1.3339     -0.6447      0.2195      0.1983      0.2399     -0.0703     -0.6993     -1.0232     -1.4261     -1.2228     -0.8871     -1.5882     -1.6663     -0.8086     -0.1125      0.1462     -0.3687     -0.1781      0.4372      0.1915      1.1518      1.9925      0.8831      0.5832      0.4002     -0.6207     -0.1190      0.6246      0.2509      0.3585      0.6420      0.3932      0.3423      0.4644      0.0493     -0.6733     -0.5370      0.0895     -0.2243     -0.8767     -0.8118     -0.0549      0.6937      0.4252      0.2175      0.7371      0.5674      0.2318     -0.0240     -0.6550     -0.7053     -0.5996     -0.2793      0.1878     -0.3250     -0.2572      0.1706     -0.1867      0.3192      0.8311      0.8998      1.5876      1.6535      1.5764      1.9021      1.5753      0.9508      0.1080     -0.3381      0.1966      0.3403     -0.1225     -0.2516      0.1229      0.2951     -0.0313      0.0950      0.4637      0.5281      0.6412      0.4275      0.4098      1.0467      0.9204     -0.0310     -0.6643     -0.6884     -0.1397     -0.1097     -1.3036     -1.7730     -0.7799     -0.2732     -0.4481     -0.2645      0.0703     -0.2091     -1.1575     -1.1491     -0.4512     -0.8919     -0.9394     -0.3076     -0.4823     -0.3219      0.0635      0.0971      0.0267     -0.5167     -0.3528     -0.0881     -0.5847     -0.0773      0.1711     -0.6444     -0.9727     -1.1359
192837465
      1
     -1.0065     -1.2071     -0.8104     -0.2991      0.0912      0.4504     -0.3438     -0.8162     -0.2922     -1.0519     -1.4847     -1.1555     -1.5986     -1.0281     -0.2046     -0.3290     -0.4957     -0.8937     -0.6626     -0.3652     -0.8544     -0.7522     -0.5719     -0.4572      0.2803      0.6432      0.1494     -0.5389     -0.3741     -0.1176     -0.8158     -1.0199     -0.7375     -0.5231      0.3545      0.6020     -0.0106      0.1617      0.2328     -0.2032      0.0905      0.1826     -0.3453     -0.3567      0.0311      0.7912      1.1583      0.4699      0.4002      0.4273     -0.6286     -1.3190     -1.6949     -2.2023     -2.0568     -1.4579     -1.0409     -0.9870     -0.8586     -0.6854     -0.7064     -0.3103      0.4131      0.9622      1.1279      1.2509      1.5941      1.1027      0.3883      0.1440     -0.7270     -0.8067      0.2034      0.2978      0.2386      0.3738      0.1348      0.1250      0.0849      0.1208      0.5063      0.4069     -0.1262     -0.3463     -0.1454      0.2021      0.3136     -0.3265     -1.2513     -1.0206     -0.1381     -0.1153     -0.2605      0.0406     -0.3148     -0.7971     -0.0852      0.2480     -0.1732      0.2745     -0.0168     -0.8571     -0.0974      0.0804     -0.3501     -0.0072     -0.6573     -0.7522      0.3199      0.0588     -0.1666      0.1767     -0.0670     -0.2977     -0.8808     -0.8424      0.4352      0.3788     -0.5065     -0.3593
192837465
      2
     -0.2741     -0.5293     -0.8676      0.3266      1.2169      1.0748      1.0176      0.5681      0.2837      0.1473     -0.2356     -0.8367     -1.1804     -0.4855     -0.3027     -0.6511     -0.7672     -1.4736     -1.4564     -1.1502     -1.4074     -0.6881     -0.1189     -0.2511      0.0710      0.3445      0.1826     -0.3062     -0.6123     -0.7163     -1.2840     -1.8254     -1.6412     -1.0966     -0.8358     -0.3393      0.3063      0.2572      0.3442      0.1374     -0.4910     -0.0164     -0.0352     -0.7360     -0.1940      0.1908      0.0041      0.1399     -0.0538     -0.2796     -0.5003     -1.4247     -2.1975     -2.1480     -1.9373     -1.9451     -1.9379     -1.1843     -0.0027      0.0550     -0.1433      0.3830      0.4635      0.3461     -0.1237     -0.6654      0.3609      0.8106     -0.1686     -0.3390     -0.3904     -0.4553     -0.1311     -0.1337      0.4044      0.8208      0.2448      0.1302      0.2207     -0.3789     -0.8987     -0.8731     -0.8657     -1.0827     -1.0009     -0.7006     -0.1502      0.4291     -0.1004     -0.6706     -0.0744      0.3148      0.2037      0.0656     -0.3851     -0.6834     -0.2788      0.5671      0.8305      0.3608      0.2053      0.1029     -0.0875      0.0229     -0.1702     -0.0338      0.5899      0.5055      0.4831      0.7484      0.5168      0.4089      0.3772      0.2059      0.0932     -0.2247     -0.1394      0.2299     -0.1090     -0.5952
192837465
      3
     -0.0374     -0.2435      0.0166      0.2981      0.1210      0.9153      1.2830      0.6658      0.9707      0.6833      0.0813     -0.0219     -1.1058     -1.5101     -1.2700     -1.8473     -1.9175     -1.7213     -1.6543     -1.2355     -1.1044     -1.2157     -0.9255     -0.3507      0.2495      1.2006      1.6963      0.9731      0.3716      0.1304      0.0887      0.4301      0.0278     -0.3495      0.2814      0.6790      0.7276      0.5754     -0.1446     -0.4780     -0.0984      0.0098      0.0402      0.2995      0.3013      0.3582      0.2471     -0.0036      0.2340      0.1744      0.3482      0.5861     -0.6946     -1.5831     -1.4072     -1.4963     -1.1019     -0.1805      0.9485      1.2852      0.4595      0.4919      0.3665     -0.7855     -1.1596     -1.3265     -1.1381     -0.2078     -0.2044     -0.2565      0.6233      0.5516     -0.7226     -0.8930      0.1888      0.0825     -0.9748     -1.0770     -0.7020     -0.3291      0.1575      0.2534      0.1028     -0.1535     -0.1607      0.5731      0.7455     -0.1218     -0.4261      0.0976      0.3988      0.1264      0.1323      0.8649      1.3074      1.5662      1.7822      0.7621     -0.5087     -0.7569     -0.5913     -0.2980     -0.2927     -0.2546      0.3417      0.4718      0.2820      0.1725     -0.0619      0.4876      0.9070      0.1655      0.0432      0.5597      0.4272      0.2756      0.3381      0.1310     -0.2427     -0.5327
192837465
      4
      0.1291      0.9061      0.6451      0.8039      0.9821      0.3020      0.2309      0.4821      0.7035      0.8148      0.2809     -0.2516     -0.8683     -1.8443     -2.0105     -1.4502     -1.4654     -1.8342     -1.8908     -1.5625     -0.8533     -0.4737     -0.4188     -0.1331     -0.0693      0.1159      0.7602      1.2404      1.2629      0.5486     -0.0255      0.5267      0.8251      0.0901     -0.1923      0.2194      0.1305     -0.0301     -0.0816     -0.4703     -0.0218      0.7755      0.6776      0.4334      0.3686      0.7997      1.1576      0.6975      0.6320      0.5862      0.1920      0.1541     -0.1396     -0.2614     -0.2864     -0.5328      0.1229      0.6862      0.6803      1.0378      1.0851      0.9469      0.5411     -0.5673     -1.0132     -0.8989     -0.9340     -0.2350      0.8149      1.2007      0.9071      0.4255      0.4357      0.5802      0.4216     -0.2498     -1.5055     -1.3021      0.1821      0.3967      0.2922      0.0409     -0.7289     -0.1420      0.2136     -0.6715     -0.9122     -0.7726     -0.1023      0.5158      0.2293      0.8605      1.4352      0.6803      0.4363      0.3597     -0.3710     -0.9163     -1.3346     -1.8499     -1.8814     -1.5110     -1.6762     -1.5750     -0.4604      0.0074      0.0033      0.3080      0.0329      0.2249      1.0043      0.8276      0.6896      1.1482      1.5186      1.7826      1.4657      0.9254      0.6717      0.3586
192837465
      5
      0.5993      0.8618      0.9102      0.2746      0.1764      0.5127      0.0730      0.1384      0.6386      0.0852     -0.9455     -1.5916     -1.4525     -1.6680     -2.7509     -2.3256     -1.0431     -0.9759     -1.1345     -1.1967     -1.1099     -0.5599     -0.2757     -0.0454      0.4756      0.7454      0.4599      0.2846      0.5869      0.2682     -0.1613      0.1486     -0.1150     -0.4130     -0.1756     -0.6781     -0.6679      0.3950      0.5228      0.1772      0.2605      0.3427      0.6803      0.5203     -0.4013     -0.5478     -0.1234      0.0747      0.4106      0.8704      1.0579      0.5219     -0.1445     -0.1360     -0.1408     -0.1323      0.1991      0.4307      1.1653      1.7276      0.7245      0.1443      0.9880      0.8827      0.0503      0.0516      0.1417      0.2860      0.8176      1.0942      1.2308      1.5955      1.7114      0.7679     -0.2208     -0.0556     -0.0762     -0.3043      0.0902      0.5281      0.9361      0.3852     -0.4290      0.3784      0.6483     -0.4342     -0.8566     -0.5909     -0.1757     -0.1623     -0.4174     -0.3864     -0.5667     -0.4453     -0.2863     -1.1322     -1.4511     -1.1648     -1.8767     -2.3064     -2.2182     -2.7807     -2.2642     -1.0901     -1.3022     -1.0317     -0.0472      0.4148      1.2457      1.7840      2.1132      2.3225      1.2019      1.0559      1.9951      1.9307      2.4035      2.4919      1.6019      1.7946
192837465
      6
      1.1772      1.1478      1.4427      0.7580      0.2859      0.8499      0.7773      0.9150      1.0386     -0.1781     -0.8907     -1.1458     -1.9557     -2.1084     -2.2837     -2.9800     -2.7604     -1.9732     -1.6158     -1.2565     -0.3874      0.1913     -0.2895     -0.7358     -0.4374     -0.3000     -0.4439     -0.3072     -0.2154     -0.6698     -1.1802     -0.8991     -0.2999     -0.3274     -0.3899     -0.1538     -0.1740      0.2464      0.7939      0.2248     -0.0898      0.2484      0.0064      0.1994      0.5451     -0.0762     -0.2383     -0.1129     -0.3539     -0.3224     -0.8765     -1.3013     -1.0917     -1.5797     -0.8609      0.7288      0.4462      0.2345      0.4195     -0.2329     -0.0091      0.3606     -0.2062     -0.1912      0.3446      0.5292      0.8250      1.5008      1.5643      0.9267      0.8665      1.0287      0.4689     -0.0364      0.0400     -0.1564     -0.4867     -0.2500     -0.1003      0.3067      1.0024      0.5205     -0.2882     -0.4085     -0.2765     -0.4510     -1.0622     -0.5993     -0.0237     -0.4440      0.0783      0.0972     -0.6843      0.0764      0.3489     -0.8870     -2.0605     -2.8817     -2.9688     -2.3580     -2.1580     -2.8903     -2.7061     -1.3144     -1.0170     -0.6178      0.6131      1.1535      1.8197      2.2190      1.8784      1.9991      2.2025      2.3093      2.2914      2.3192      3.2323      3.5211      2.4632      1.8448
192837465
      7
      2.0537      2.4831      2.2225      0.6221     -0.2637      0.3709      0.4185     -0.1332     -0.3426     -0.6025     -0.9751     -1.3531     -1.5933     -1.6731     -1.8034     -1.7069     -1.5008     -1.2595     -0.7954     -0.8661     -1.1767     -0.7242     -0.6136     -1.3107     -1.3988     -1.1742     -1.4721     -1.3951     -1.0700     -1.3549     -1.2580     -0.4812     -0.3748     -0.7998     -0.7497     -0.4757     -0.4464     -0.3368      0.0091     -0.1174     -0.5487     -0.2538      0.0897      0.1409      0.7319      0.7777     -0.2070     -1.0394     -1.4314     -1.3055     -1.5002     -2.3475     -2.2577     -1.4159     -0.9299     -0.6724     -0.2570      0.1536     -0.1869     -0.6208     -0.7756     -0.9865     -0.2717      0.2597     -0.1113      0.1344      0.3595      0.5634      0.8317      0.2149      0.1899      0.3899     -0.4180     -0.4855     -0.0682     -0.2836     -0.3553     -0.5317     -0.7558     -0.3999     -0.1092      0.1960      0.3245     -0.1556      0.0087     -0.0297     -0.7539     -0.4880     -0.5703     -0.8036     -0.3859     -1.1402     -1.0758      0.1421      0.0932     -0.0825     -0.2530     -0.5995     -1.2687     -2.6562     -2.6550     -1.9533     -1.8703     -1.5109     -1.0615     -0.1388      0.6012      1.0677      2.1259      2.3069      2.1887      2.2425      1.8693      2.3544      2.4333      1.7547      2.0320      1.9827      1.6285      1.9826
192837465
      8
      1.1953      0.8362      0.2303     -0.2807     -0.4637     -0.2539     -0.0003     -0.2976     -0.6001     -0.6581     -1.1514     -1.4022     -1.1725     -1.3299     -1.2821     -0.9078     -0.8441     -0.6617     -0.6054     -0.7711     -0.4266     -0.0130      0.0774     -0.1718     -0.8727     -0.9583     -0.5750     -1.1775     -1.4493     -0.5609     -0.5586     -1.0442     -0.6170     -0.2714     -0.5112     -1.0852     -1.1865     -0.4576     -0.3900     -0.6852     -0.4815     -0.2985      0.3412      0.9053      0.7439      0.4044     -0.4869     -1.4345     -1.8915     -2.2910     -2.6337     -3.1284     -3.1708     -2.5435     -1.9611     -1.0310     -0.3422     -0.6213     -0.9684     -0.9181     -0.3129      0.3674      0.0466     -0.7211     -0.7004     -0.1878     -0.0745     -0.2499     -0.0738      0.5689      0.8345      0.4815      0.3343      0.2005      0.0751      0.1609     -0.1452     -0.4520     -0.6595     -0.5057      0.2268      0.1897      0.2524      0.6555      0.0653      0.0685      0.2099     -0.5030     -0.1914      0.2198     -0.2129     -0.1079      0.2787      0.1950     -0.2097     -0.3301     -0.0447     -0.0651     -0.2402     -0.4486     -1.3541     -1.8261     -0.8608     -0.1016      0.2028      0.5137      0.2759      0.6633      1.1321      0.7313      1.1936      1.7923      1.6392      1.3019      0.7430      0.9168      1.1011      0.7545      0.8334      0.7555
192837465
      9
      1.5807      1.2192      0.7654      0.6991      0.3301     -0.5792     -1.2850     -1.5838     -1.4397     -1.1937     -1.3593     -1.4333     -1.2329     -0.8115     -0.4258     -0.5764     -0.0017      0.8403      0.1802     -0.3500     -0.2566     -0.3578     -0.4305     -1.0224     -0.7329     -0.2798     -1.9059     -1.8604      0.0893     -0.1959     -0.9497     -0.8640     -1.4211     -1.5394     -0.6377     -0.1795     -0.5547     -0.8148     -0.5625      0.2569      0.7065     -0.0541     -0.0544      0.4622     -0.5146     -1.2316     -1.0232     -1.0232     -0.9598     -1.2111     -1.8888     -2.1444     -1.7806     -1.6311     -1.7385     -1.0945     -0.6920     -0.8185     -0.3037     -0.2188     -0.3795      0.2427      0.2713     -0.4451     -0.8387     -0.8135     -0.4282      0.0459      0.3271      0.2416     -0.2911     -0.3659     -0.0240     -0.9159     -1.9395     -1.4707     -1.2260     -1.2877     -0.7159     -0.4542     -0.2270     -0.0032     -0.3393     -0.4140      0.0688      0.4851      0.3042      0.0770      0.1525      0.0109      0.0417     -0.0582     -0.1422      0.4896      0.3974     -0.1804     -0.2207     -0.5659     -1.0156     -1.1622     -0.6329      0.2059      0.1915      0.3772      0.6890      0.2477      0.4278      0.9129      1.0597      1.4270      1.1778      0.7300      0.8614      0.4921      0.2211      0.5654      0.3101      0.2820      0.7342      0.4008
192837465
     10
      1.2235      1.9883      1.8529      1.1863      0.7803      0.2095     -0.5680     -1.5344     -2.0452     -1.6925     -1.5387     -1.7441     -1.8713     -1.5550     -0.7961     -0.9120     -0.9822     -0.0126      0.1674      0.0861      0.4439      0.4109      0.4270     -0.0212     -0.6549     -0.8914     -1.3263     -0.9582     -0.3218     -0.3615     -0.2898     -0.1529      0.2605      0.0186     -0.6090     -0.2819     -1.0842     -1.9767     -1.3265     -1.0311     -0.4260     -0.0930     -0.5460     -0.1766     -0.2186     -0.2814      0.1338     -0.3362     -0.6860     -0.6640     -0.7017     -1.2181     -2.1807     -1.8381     -1.3239     -1.6421     -1.1960     -0.3463     -0.0651     -0.6430     -0.8344      0.0814     -0.0561     -0.4859      0.3834      1.0063      1.2538      1.1706      0.3145     -0.1900     -0.2777     -0.2230      0.2674      0.3623     -0.1321     -0.7653     -1.4017     -0.9046      0.2764      0.2707     -0.0758     -0.0725     -0.0442      0.8185      1.5117      1.2434      0.9672      0.2565     -0.1160      0.3748     -0.0958     -0.2630      0.8795      0.8328      0.1870      0.3514      0.0691     -0.3870     -0.5732     -0.4862      0.6000      1.3062      1.2808      1.8973      1.7543      0.8263      1.4004      2.4780      2.1927      1.3727      1.0294      0.8576      0.6296      0.3918      0.0535     -0.1481     -0.1567     -0.1342     -0.1409     -0.2658
192837465
     11
      1.6625      1.5374      0.8751      0.5153      0.9844      1.1041     -0.1780     -1.1893     -0.6064     -0.6974     -1.2394     -0.4925     -0.6535     -1.3066     -0.3476     -0.1647     -0.9365     -0.3088      0.6476      0.8071      0.4289     -0.3366     -0.8540     -0.9087     -0.6677     -0.7035     -1.0589     -0.6668     -0.1166     -0.1133     -0.0593      0.0421      0.0790     -0.2412     -0.3008      0.0888     -0.5003     -0.8468     -0.5517     -1.2083     -1.5586     -1.0544     -0.2920     -0.0322     -0.8755     -0.7459     -0.2898     -1.1932     -1.5443     -1.1751     -1.0206     -1.2687     -1.3399     -0.5250     -0.4425     -0.4962      0.2031     -0.2129     -0.9021     -0.8748     -0.2948      0.5451      0.3357      0.1209      0.0740     -0.3968      0.2910      0.8135      0.2656      0.2531      0.2851      0.1549      0.3550      0.4819      0.1381     -0.4506     -0.5397     -0.2289      0.1900     -0.0876     -1.0567     -0.7627     -0.1972     -0.2382      0.6608      1.5243      1.7508      1.3503      0.4801      0.5129      0.1484     -0.1428      0.7392      0.4460      0.2734      0.9310      0.8592      0.9597      0.1782     -0.6633     -0.1529     -0.0726      0.7231      1.2987      0.4745      1.0219      1.7146      1.9950      2.6856      2.2203      1.6286      0.9198     -0.0003      0.6021      1.0495      0.4010     -0.0435      0.1988      0.6433      0.3835
192837465
     12
      3.6221      3.1055      2.5170      1.9439      1.6041      1.6047      0.5232     -0.3579     -0.2931     -0.9399     -0.5382      0.3660     -0.5189     -0.6782     -0.1493     -0.1746      0.5883      0.7956      0.0180     -0.0767      0.2820      0.4644      0.2635     -0.0201     -0.0984     -0.0467      0.0415     -0.2580     -0.3923      0.0288      0.5812      1.0788      0.6343     -0.2217     -0.4527     -0.6088     -0.3529     -0.2370     -0.4749      0.0359     -0.2124     -0.6425     -0.1076     -0.7327     -0.7576      0.3818      0.1057      0.2843      0.4552     -0.5191     -0.3977     -0.6889     -1.0981     -0.3208     -0.8031     -0.8003      0.3429      0.1225      0.0877      0.3353      0.1402      0.3278      0.0499     -0.2133     -0.2657     -0.4730      0.0972      0.3320      0.3231      1.1512      1.1663      0.3506      0.1797      0.5131      0.3726     -0.0690      0.3269      0.2337     -0.6239     -0.2963     -0.0790     -0.1328      1.0909      1.9408      1.7840      1.6736      1.8435      2.0967      1.7159      0.8996      0.1772     -0.1000      0.1481      0.0508     -0.1193     -0.0306      0.2948      0.8774      0.7049      0.6139      0.6352      0.1386      1.0462      1.4310      0.0768      0.0155      0.8508      2.0450      2.8411      1.9242      1.5510      1.8033      1.5491      1.2365      0.8437      0.8573      0.6578      0.8294      1.6521      1.2498
192837465
     13
      2.5831      3.0172      2.3533      1.7517      2.0208      1.7504      0.7382      0.0158     -0.2188     -0.2145      0.2671      0.6713      0.3680      0.1416      0.2684      0.3089      0.2784      0.3621      0.3093     -0.0339      0.3600      1.0518      0.6097     -0.0167     -0.3584     -0.4816     -0.1105     -0.3420     -0.4350      0.6038      1.3820      1.4160      0.7652     -0.0412     -0.3371     -0.3807      0.0247      0.0032     -0.3068      0.2545      0.0578     -0.3776      0.2367      0.2733      0.1932      0.5358      0.8291      1.0866      0.4400      0.1237      0.4889      0.0183      0.1858      0.8923      0.5247      0.1488      0.6415      1.5788      1.6633      0.7340      0.1423     -0.0053     -0.0222     -0.2766     -0.3295      0.2435      0.0503      0.0737      0.9796      0.4138     -0.5994     -0.3921     -0.2828     -0.4346     -0.2648     -0.0862     -0.2628     -0.6073     -0.5091     -0.1618     -0.2117     -0.1114      0.8328      1.5513      1.5156      1.8428      2.2917      1.9603      1.2438      0.8877      0.7827      0.2538     -0.3482     -0.5005     -0.2313      0.0245     -0.4499     -0.2058      0.8961      0.4933      0.0179      0.3002     -0.3826     -0.5305     -0.2334     -0.7496      0.2394      1.7831      1.3764      1.3988      1.9455      0.9308      0.6403      1.4848      1.4772      1.7455      2.0877      1.6134      1.7411      2.1766
192837465
     14
      2.1099      2.3578      2.7176      2.5342      2.2011      1.5344      0.8403      0.8861      0.7402      0.9157      1.5629      1.7093      1.9921      1.9337      1.4659      1.0801      0.0679     -0.2469      0.1695     -0.1102      0.1522      0.5799      0.1444     -0.1183     -0.2350     -0.0757      0.1390     -0.3907     -0.2085      0.4182      0.2235      0.6093      0.8592      0.3722      0.6632      0.3376     -0.2864      0.2501     -0.0469     -0.2384      0.6875      0.6425      0.7577      1.4957      1.2534      0.9942      0.8854      0.1850      0.2708      1.1624      0.5929     -0.3261      0.7546      1.3346      0.3307      0.2358      0.5894      0.5529      0.9267      1.3921      1.3425      1.0637      0.9819      0.5112      0.0537      0.5816      0.8112      0.2410     -0.5587     -1.4656     -1.5206     -0.8418     -0.3473      0.0067      0.3524      0.3869      0.1679      0.4122      0.0512     -0.7827      0.1394      0.6872     -0.0774      0.3020      0.4970      0.1770      0.5605      0.5639      0.5803      0.9835      0.7651      0.1028     -0.0036      0.4250     -0.0547     -0.8722     -0.5968     -0.2434     -0.0709      0.1195     -0.3452     -0.5748     -0.2609     -0.7125     -1.0598     -0.1166      0.3834      0.4813      1.3224      0.9206      0.2708      1.3187      1.2094      0.4196      1.3311      2.0830      2.1493      2.0777      1.6309      1.5152
192837465
     15
      2.1205      2.2100      2.1508      1.9784      1.9465      1.8505      1.6578      1.3864      1.3717      1.5837      1.2073      1.8076      3.0814      2.6964      2.7020      2.9400      1.7535      1.2431      0.6164     -0.3880      0.1214      0.3401     -0.2119     -0.3935     -0.8412     -1.2150     -0.8786     -0.2510      0.1772      0.4558      0.6580      0.7857      1.3028      1.7571      1.4500      0.6937      0.1787      0.4152      0.5968      0.5241      0.9306      1.1928      1.2181      1.3966      1.7204      2.0930      1.8533      1.3566      0.5844     -0.5500     -0.6466     -0.5402     -0.6403      0.3323      0.8088      0.3111      0.2809      0.2848      0.2405      0.4415      0.6415      0.9366      0.7696      0.1566      0.3267      0.9428      0.7776      0.1761     -0.2589     -0.7850     -1.1920     -0.6736      0.2505      0.2834     -0.0595     -0.3761     -0.7504     -0.2773     -0.2579     -0.7061      0.4840      0.9219      0.2864      0.7425      0.1322     -0.5854      0.1997      0.3180      0.5515      0.4714     -0.8571     -0.7034      0.1670     -0.1043     -0.6732     -1.0498     -0.3931      0.3052     -0.3548     -0.7934     -0.5382      0.1593      1.0564      0.5119     -0.3084      0.3926      1.0626      1.2095      1.3154      0.8346      0.4712      0.7121      0.8446      1.0025      1.3519      1.5306      1.6308      1.7590      1.7129      1.5097
192837465
