1200.000000
160.000000
120
16
1
0.500000
2
2
0
-2.161110 -2.857328 -1.501117 -0.845289 -1.204740 -0.911988 -0.475670 0.769541 -0.114929 -1.615047 -1.979301 -1.535432 -2.206590 -1.856490 -1.094288 -0.361998 -0.205262 -0.552752 -1.884345 -1.126392 -1.778086 -1.381676 -1.796751 -1.446879 -0.480434 0.068607 0.335664 0.040088 -1.402634 -0.578966 -0.724573 -2.186641 -2.476682 -1.907231 -0.807515 -1.183524 -2.060474 -1.462817 -1.238681 -0.967257 -0.503498 -0.431633 -0.537645 -0.713574 0.061182 0.155490 0.022589 0.000132 -1.065919 -0.831578 -0.027909 0.455177 0.605223 0.977369 0.927894 0.724205 0.664851 0.073048 0.319554 0.112252 0.177869 1.066370 1.057284 0.664863 -0.208123 -0.259405 -1.492247 -0.656640 -0.265973 0.853777 1.215936 1.830022 0.776550 0.416098 0.887708 0.952584 -0.413789 -0.530801 -0.780519 -1.158835 -2.889366 -1.465600 -0.777902 -0.847750 -1.312093 -0.107558 -0.573710 -0.111956 -0.540583 -1.365693 -0.550173 0.033985 0.407992 0.071938 -0.223058 0.995006 1.152517 0.160313 0.266587 -1.208538 -1.433288 -0.411447 -0.788664 -0.783970 -1.882656 -1.437374 -1.568381 -1.698047 -1.171564 -1.078697 -0.710121 -0.099898 -0.578461 -1.398315 -1.662234 -2.294770 -3.402741 -2.272214 -2.132137 -1.745793 
192837465
1
-0.533340 -1.660239 -2.706398 -2.185788 -2.667991 -0.680054 -1.029929 0.358216 -0.571107 -0.292663 -0.484304 -1.095463 -1.336526 -1.683694 -0.562023 0.020642 -0.636710 -0.795916 -0.438511 -0.293617 -0.213650 -0.966542 -0.085697 0.169632 0.462288 0.413686 -0.238890 -0.514146 -1.212168 -4.008868 -2.753928 -3.688605 -2.595553 -5.307773 -3.095170 -2.413509 -3.399488 -2.555620 -0.972938 -1.219022 0.136337 -0.251059 -1.365880 -0.659817 -1.131608 -0.065851 0.142935 -1.149856 -0.876033 -0.709341 0.149553 0.083797 1.294426 0.717803 0.434811 0.040132 0.137711 0.028374 -0.946173 0.237597 -0.317335 -0.151261 -1.463910 -1.698171 -1.187798 -0.952960 -0.697336 -0.303271 0.235694 0.477713 1.582616 1.911473 1.130919 1.068217 -0.356530 1.216489 0.945753 0.751220 0.338142 -0.842431 -0.497673 -1.137238 -0.776787 -0.510014 -0.952224 -0.373294 0.094082 -0.348315 -0.554735 -0.175545 -1.180359 -0.694912 0.229688 -0.137215 -0.980232 0.343634 0.637749 1.109868 1.087748 0.576527 -0.282907 -1.412516 -0.131870 -0.798300 -1.623246 -1.853762 -1.265076 -1.370169 -2.111651 -1.346370 -1.084566 -1.067301 -0.860946 -1.866487 -4.071267 -2.540609 -2.049848 -2.819957 -2.143002 -0.603037 
192837465
2
-0.899690 -1.590933 -3.223731 -1.521915 -1.065371 -1.325219 -1.004611 -1.009263 -1.790892 -0.677621 -0.640135 -1.069766 -0.935925 -0.424186 -1.107905 -0.852762 -0.523079 -0.024188 -0.045503 -0.491852 -0.491395 -0.130101 1.064816 0.344369 0.886423 0.706528 -0.077012 -0.419699 -0.884884 -0.279070 -1.000161 -1.528325 -1.688804 -2.847612 -2.455115 -2.945336 -4.390724 -5.851210 -4.387763 -1.478079 -0.517633 -0.497075 -0.646682 -0.945354 -0.513228 -1.078177 0.070928 -0.670798 -0.941361 0.106219 -0.561293 0.681129 0.730074 0.887932 0.335332 0.140292 -0.480828 0.574215 0.008372 -0.779826 -0.210764 -0.543628 -0.487240 -1.265609 -0.557884 0.107255 -0.083618 0.134135 1.415794 1.115320 2.065484 1.950406 1.760231 0.433583 0.175675 0.026912 0.748729 0.333168 0.355482 -0.706422 0.238762 0.692523 0.267509 0.432954 0.203560 -0.461978 -0.523537 0.244804 0.044808 0.067537 0.337591 1.000056 0.930634 -0.592171 -1.365966 -0.392361 0.819570 1.079459 0.913842 0.853034 0.536924 0.972079 0.297310 -0.795950 -0.778370 -1.023978 -0.300036 -1.124171 -1.081196 -0.867667 -1.110226 -1.038517 -1.431628 -1.186813 -1.349563 -1.290360 -1.681275 -0.482578 -0.877490 -0.542215 
192837465
3
-1.291615 -2.997618 -3.166737 -3.067233 -2.080077 -1.336660 -0.512997 -0.428982 -0.159973 -0.609834 -0.526479 -0.776424 -1.069837 -1.151343 -1.196662 -1.665890 -0.903962 -0.314947 -0.568979 0.622791 0.898821 1.094091 1.249273 1.392411 1.353244 0.893976 0.480670 -0.717194 -2.156252 -1.739375 -2.108379 -1.455475 -1.709726 -2.001877 -2.889318 -2.883127 -3.852043 -4.001565 -3.772890 -3.132837 -2.736009 -2.524745 -1.815653 -2.096311 -1.347006 -0.820283 -0.967712 -0.637403 -0.189184 0.781286 -0.169767 0.957372 1.113123 1.696504 1.168103 1.300490 1.806864 0.837663 0.535916 0.437506 -0.070015 -1.226447 -1.807364 -2.082826 -1.140785 0.079849 0.576863 0.987844 1.803977 2.079801 1.922288 0.299708 0.705926 -0.169772 0.143159 0.893681 0.739648 0.747479 0.300612 0.877533 1.124741 0.374992 0.914586 0.752136 0.522729 -0.533080 -0.082546 -0.054746 -0.123471 1.047456 1.058805 0.399775 0.431571 -0.053774 -0.130639 0.639911 0.943744 -0.268131 -0.707650 0.319141 1.212677 1.516497 0.498664 -0.696725 -0.038646 -0.147702 -0.729378 -0.639220 -0.545242 -0.772212 -0.847836 -1.107838 0.392556 1.147573 0.636372 0.766396 0.541702 1.018852 0.364381 0.951236 
192837465
4
-1.378322 -1.569319 -3.465039 -2.375381 -1.864614 -0.901766 -0.324263 -0.196667 -0.087839 0.131271 0.047144 -1.224162 -0.598173 -0.746579 -1.701754 -1.491101 -0.729943 -1.485376 -0.746222 0.622729 0.271166 0.813982 0.211223 0.316442 0.497500 -0.557119 -0.855131 -1.211657 -1.298166 -5.056097 -3.284330 -1.720417 -3.658374 -2.735463 -2.542373 -2.781792 -1.765356 -3.036917 -2.515173 -2.351016 -2.197976 -0.850695 -0.934020 -0.595395 -0.479201 -0.245449 -0.368017 -0.579100 0.203725 -0.025602 1.353437 1.202027 1.590364 1.860862 1.460895 2.063154 1.568980 1.167688 1.439963 0.372899 -0.329964 -0.371868 -0.935450 -0.820574 -0.040209 0.825422 1.716560 1.978232 1.196278 1.131631 1.587058 0.684166 1.470182 1.114437 0.535079 -1.182911 -0.739589 -0.282714 0.109337 -0.365754 0.667507 0.684843 0.505917 -1.262683 -1.260423 -0.239895 -1.257519 -0.594472 0.068974 0.026450 -0.281924 0.001904 0.512697 0.664697 0.448305 0.525550 0.388895 0.234717 -0.365429 -0.603869 -0.339870 0.268877 -0.652432 -0.373785 -0.901371 -0.183579 -0.179224 -0.823265 -0.946708 -0.774404 -2.071847 -1.437330 -0.779747 -0.052194 0.400700 0.209450 0.250664 1.029910 1.127873 2.093912 
192837465
5
-0.607455 -0.859162 -1.701905 -2.744990 -0.862371 0.120854 -0.707215 -0.010824 -0.119835 -0.259752 1.007832 0.596284 0.111336 -0.860784 -1.303064 -1.325889 -0.814864 0.389625 0.933198 1.090532 0.806252 0.461931 0.963895 1.113508 -0.011918 -0.165645 -2.071680 -3.253943 -3.693539 -6.060143 -3.649768 -3.259604 -2.582816 -2.809545 -2.024055 -3.305633 -1.906425 -1.271648 -0.986421 -1.151919 -0.449636 0.061931 0.317309 -1.266230 -1.272709 -0.429885 -0.027394 0.293835 0.180687 0.614479 0.989347 0.714954 0.903493 1.394588 1.468855 1.742816 1.280533 1.800130 0.418562 0.397125 0.638783 -0.459585 0.401795 0.247983 0.791097 1.835728 1.308837 1.566597 1.783808 1.373841 1.522433 1.017053 1.238525 1.013448 0.390486 -0.322115 -0.229709 -0.428602 0.317678 -0.538063 0.423937 0.590372 -0.001831 -0.438633 -2.108086 -2.937161 -0.546463 0.494055 -0.323160 0.516225 1.720068 0.681291 0.011258 0.315895 -0.608458 -0.283471 -0.764768 0.314954 0.283033 -0.233084 -0.822279 -1.208406 -1.681682 -3.709893 -3.990522 -2.286739 -0.391052 -0.572472 -1.568159 -2.146208 -2.488142 -0.974158 -1.138611 -0.396816 -0.491356 0.008791 -0.383251 0.256734 1.305740 1.367359 
192837465
6
-3.205510 -3.503363 -2.714618 -1.984560 -2.473104 -0.669952 -0.184698 -0.231328 0.482235 1.222233 0.637865 0.720493 1.346710 0.898870 0.646789 0.499709 -0.270353 0.581190 1.243384 1.188618 0.866525 0.769396 0.910503 0.536975 0.350335 -0.530177 -0.582934 -1.551421 -3.421469 -3.257201 -2.336331 -3.278682 -2.563997 -2.719126 -2.272621 -2.752290 -2.581394 -2.553465 -2.045862 -1.511044 -1.036325 -1.025194 -1.994612 -1.281756 -0.561089 -1.580228 -1.669489 -0.472239 0.251081 0.847322 0.619069 1.085433 -0.122234 -0.360272 0.185099 0.618902 1.321030 0.166233 0.591729 0.267923 -0.107643 0.696302 0.500955 0.803346 0.597566 0.299277 1.476755 2.009919 2.098670 2.194878 2.367289 1.147596 1.061580 0.700390 0.467402 0.307786 -0.354836 0.097079 0.087256 0.516919 0.633162 -0.028042 0.607163 0.489136 -0.635175 -1.625105 -1.838514 -1.475098 -0.886464 0.107006 1.158702 1.517459 0.677231 -0.595488 -0.943284 -0.448346 -0.906635 -0.589469 -0.262873 -1.360788 -1.786116 -1.873341 -1.778883 -2.551162 -3.298279 -2.089792 -1.245013 -1.080941 -0.704324 -0.633015 0.034665 -0.213108 -0.520334 -1.779260 -1.340687 -0.846895 0.152621 0.696528 0.536895 0.218626 
192837465
7
-6.574482 -3.906999 -4.423669 -3.447794 -3.866448 -2.353303 -1.396136 -1.232435 -0.954719 -0.550985 0.634278 0.537943 1.346914 1.164927 0.589043 0.868903 0.788103 1.079304 0.224169 1.066499 1.592910 0.772124 0.871492 0.579210 0.563022 0.437673 -1.599364 -1.359076 -2.761194 -3.996840 -2.622137 -2.403386 -2.325784 -1.645853 -2.033009 -3.907413 -2.578485 -2.062336 -0.824909 -1.669662 -1.160609 -0.011356 0.101113 -0.651088 -0.424828 -0.820902 -0.497180 0.298472 0.189584 0.716651 0.404279 1.060777 1.081265 0.513129 0.023809 0.140122 -0.310279 -0.219837 -0.212116 -0.256270 0.556766 0.577663 0.375674 0.929359 -0.197259 -0.360481 -0.217153 0.846526 1.163416 1.584446 2.106930 1.371749 1.469095 1.469073 1.569256 1.742584 1.200648 1.124910 0.352986 0.322593 0.857366 1.203656 0.801776 0.948146 -0.928791 -0.746084 -0.296453 -0.373021 -0.676966 0.398037 0.878749 0.361157 0.847969 0.730731 0.585416 -0.047337 0.078400 -1.138134 -1.504407 -1.156972 -2.975319 -3.241838 -4.870904 -3.670215 -4.290070 -2.282080 -0.856658 -0.407359 -0.058480 -0.640271 0.201710 1.235331 1.093269 0.569496 0.859190 0.632597 1.075671 0.534357 0.597363 0.714926 
192837465
8
-3.573182 -2.562564 -5.512381 -5.202748 -2.229926 -0.355201 -1.121250 -1.086435 0.112647 -0.396304 -0.362951 0.082192 0.434405 -0.110261 0.013795 0.432960 0.398143 0.876319 1.117213 0.666056 0.932797 1.355240 1.239517 0.794026 1.610404 0.098293 -0.254758 -1.143614 -1.455007 -1.988572 -0.636856 -0.512583 0.236044 0.125961 -2.358226 -2.145387 -2.847667 -2.334945 -1.710513 0.071754 0.565059 -0.321415 0.022087 -0.036501 0.300354 0.675451 0.814123 0.952836 0.928368 0.100098 -0.316030 -1.046379 -0.594487 -0.708339 -0.477737 -1.411674 -1.859648 0.001265 0.308539 -0.196708 -0.280895 -0.984583 -0.300314 -0.153738 -0.641959 -0.513198 -0.573138 -0.124675 0.446372 0.205656 1.265404 0.859093 0.968285 1.513077 1.898439 1.532420 1.688682 2.027968 1.934976 1.997673 1.990643 1.108372 1.155118 1.084711 1.408732 0.842057 0.388444 0.256101 0.099541 -0.016550 0.919409 1.507082 1.184422 1.072347 1.298909 0.358109 -0.223486 -0.339723 -0.636177 0.104968 -0.950731 -2.044961 -2.329203 -2.794294 -1.876256 -1.794680 -1.487420 -0.450407 0.987822 0.998971 0.899792 0.993503 0.552389 0.735437 1.623694 1.581979 1.065517 1.415686 0.850488 0.860250 
192837465
9
-1.350984 -0.499397 -1.034994 -1.765678 -0.891948 0.139228 0.215105 -0.576893 0.352369 -0.515918 -0.124818 -0.123841 -0.268335 0.224221 -0.136149 -0.003687 -0.247939 -0.187109 0.564089 0.224717 0.352325 1.114576 1.519807 2.080293 1.194292 0.026200 0.004895 0.301696 -0.603786 -0.929285 -1.554134 -0.516046 0.026299 0.480486 0.602896 -0.102284 -1.103006 -0.157847 0.311672 1.168522 1.572718 1.143792 0.785901 1.009883 0.877531 1.701842 1.252526 0.487033 0.897382 1.139307 -0.225692 -0.189694 -0.673202 -1.914468 -0.884090 -0.745259 -0.638686 -0.846291 -0.520595 -1.767391 -1.098285 -0.599919 -0.556032 -0.015011 -0.402317 -1.156335 -1.495180 -1.463515 -0.183914 0.341746 0.091113 0.326348 0.696778 1.472194 1.187055 1.032495 1.229251 1.792110 2.411339 2.220054 2.223478 1.697097 1.371213 1.026370 0.937370 1.096613 0.738010 1.435788 1.061959 1.281653 0.703936 0.688223 0.370885 0.749161 1.405039 0.977877 0.769127 -0.005055 -0.332348 -0.080824 -0.100529 -0.454502 -1.249876 -1.058633 -1.240082 -2.091623 -1.388122 -0.110581 1.067297 0.838782 1.731981 1.600822 1.029764 1.848859 1.364617 1.089879 1.118751 1.797770 0.937475 0.730319 
192837465
10
-1.609677 -0.412203 -0.203216 -0.091038 0.616475 0.315008 0.388661 -0.511150 0.205708 -0.122554 -0.882420 -0.883640 -0.685497 -0.921446 -0.625253 -0.883839 -0.832653 -0.195295 -0.810213 -0.071897 0.392694 0.840373 0.622474 0.389206 0.282572 0.329841 0.593441 0.172471 0.166105 -0.241002 -0.147714 0.719150 0.553237 0.627592 1.045013 0.453731 -0.074880 0.074779 0.791149 0.739193 1.394337 0.746524 1.092996 0.294259 0.460000 1.945496 1.833010 1.228259 1.020473 1.270553 0.211697 -1.734027 -0.674138 -0.596766 -0.525731 -0.452948 -0.955922 -2.157067 -1.339311 -1.513810 -1.382809 -1.135130 -0.997154 -0.927473 -0.408207 -0.163430 -0.554903 -1.686974 -1.589293 0.310758 -0.275049 -0.538223 0.292546 0.774426 -0.019134 2.009074 1.657420 1.988869 2.088536 1.947513 1.299696 1.177856 1.137701 1.019073 1.472897 1.336460 0.896926 1.702594 1.621890 2.561856 1.633483 1.205984 0.813444 1.510515 1.871728 1.541412 1.770399 1.834453 1.561574 0.781862 0.398487 -0.504704 0.333363 0.670613 0.268703 0.376710 -0.148849 0.651609 2.073122 2.009520 1.294712 1.083288 1.477389 0.856950 0.518008 -0.495057 0.409489 1.266673 1.476033 1.412146 
192837465
11
-1.745356 -1.531024 -1.242661 -1.293895 -1.248916 -0.697882 -0.547504 -1.154311 -2.776186 -2.044985 -0.984693 -0.647312 -0.243341 -1.504102 -0.986491 -1.418154 -0.256167 -0.085468 0.163865 1.310566 1.726268 1.765510 0.318004 0.358220 0.140279 0.100308 1.025628 0.864108 0.626275 1.256885 1.011239 1.791738 1.627992 1.300092 1.645031 0.914945 -0.151724 -0.337105 -0.282101 0.684810 0.665027 0.547292 -0.241335 0.000200 0.289046 0.878725 0.824406 1.000141 1.561156 2.020630 0.929573 0.464837 -0.232380 -0.208704 0.424182 -0.105238 -0.769967 -0.232106 -1.257988 -1.045189 -1.509902 -1.002968 -1.540915 -1.645341 -0.614312 -0.202888 -0.818720 -1.269158 -1.012565 -0.920895 -0.102277 0.045437 0.081535 -0.092249 1.229306 1.764722 2.515454 2.441595 1.979710 0.882986 0.842892 1.423140 1.203784 0.728786 0.042858 0.736921 0.285145 0.511500 1.551427 1.043767 1.133577 1.010393 1.425756 1.464149 1.627637 1.457432 1.754662 1.101469 0.956168 0.614905 -0.019542 0.525890 0.535390 1.283466 1.268509 1.323876 0.884179 1.802422 2.530407 1.600521 1.480591 1.442529 1.529867 1.985370 1.593913 0.547789 -0.446004 0.374736 0.759872 0.674070 
192837465
12
-0.806196 -0.917059 -0.987276 -0.597160 -0.490048 -2.073399 -2.055784 -0.836135 -1.154565 -1.177163 -1.451414 -1.953927 -0.711901 -0.794951 -0.370594 -2.266610 -2.265704 -1.300818 0.228203 0.539441 0.936531 0.828095 0.397772 -0.457405 -0.828785 -0.576994 0.035004 0.305638 0.055797 0.843639 0.586946 1.440711 2.164394 1.701068 1.180636 -0.013163 -0.327890 0.098016 -0.080919 0.352172 0.517778 0.024914 -0.267833 0.263067 1.053382 1.796762 1.687873 2.282179 1.536482 1.709769 0.804214 0.873117 -0.133843 0.231425 -0.151351 -0.173118 -0.473949 -0.266338 0.248211 0.152107 -0.860605 -1.153023 -2.598696 -2.682606 -2.433984 -1.108250 -1.566493 -1.141218 -2.025953 -1.349051 -1.865160 -0.119932 0.092818 0.465541 0.217464 0.756856 1.564454 0.651193 -0.642742 0.277306 0.367975 0.338576 0.450624 -0.142038 -0.295849 0.316069 0.957970 0.711243 -0.237393 0.100499 -0.142064 1.001582 1.564274 0.792465 1.241501 1.307559 1.801422 1.623534 1.340797 1.802459 1.641395 1.207411 0.259911 1.300565 0.978905 0.902949 1.365406 2.089618 2.298983 2.899012 2.200932 2.528145 2.590886 1.918283 1.081782 0.903455 1.103309 -0.437206 -0.377972 0.853605 
192837465
13
-2.400276 -1.497661 -1.128705 -0.160536 -1.226628 -0.358491 -0.498588 -0.340168 -1.012229 -1.651318 -1.202161 -1.564795 -1.451211 -1.617843 -0.176215 -0.674155 -0.940831 0.460775 0.647113 0.004332 -0.505926 -0.940372 -1.116169 -1.888691 -1.843893 -0.126309 -0.477113 -0.175900 0.241240 0.015326 -0.044485 0.030429 0.414411 0.216168 0.944795 0.472267 -0.080004 -0.020498 0.704131 0.827934 0.107279 0.179899 0.717546 0.704207 0.000431 1.000446 1.472338 1.283030 1.056312 1.108430 0.937163 0.192037 -0.488775 -0.546745 -1.182376 -1.002025 -1.312904 -1.428381 -0.584268 0.506676 0.057693 -0.343821 -2.272672 -1.501121 -0.881889 -0.309615 -1.270428 -2.649112 -1.206619 -1.155019 -0.246934 -0.729233 0.610671 0.606800 0.849807 0.565817 0.483795 -0.112296 0.068085 -0.455907 -1.150359 -0.437836 0.848612 -0.977998 -0.039864 0.195726 -0.475576 -0.066622 -0.070167 0.020769 0.058758 0.793090 1.155704 1.521767 1.557165 1.279564 1.570785 1.650165 1.695334 1.578122 2.299196 1.028503 1.090907 1.830990 1.721342 1.305982 1.861748 2.590143 3.155387 3.170266 1.932522 2.449704 1.354515 1.206684 0.942930 0.510293 0.626702 0.994570 1.128700 1.066095 
192837465
14
-2.732418 -1.711322 -2.145991 -1.168078 -1.121470 -1.831656 -0.873784 -0.271554 -0.137969 -0.857371 -0.155630 -0.284714 -0.403566 -1.057255 -1.726807 -0.838393 -0.048049 0.939258 0.650381 -0.235806 -0.275177 -0.933026 0.009870 -0.561032 -1.033245 -1.637541 -1.430892 -1.373921 -0.748299 -1.000657 0.374039 0.014793 0.523384 0.131501 -0.118157 -0.756849 -0.563511 -0.116673 0.262741 0.247748 0.890794 0.585216 0.427515 -0.252279 0.196082 0.468304 1.266545 1.026110 1.331551 0.834679 0.317380 -0.433795 -1.409748 -1.426777 -0.958819 -2.317833 -1.842448 -1.652997 -1.233553 -1.604985 -2.092625 -0.896487 -0.982664 -1.631368 -0.297394 0.114006 -0.191346 -0.268088 0.106841 -0.451771 -0.446428 -0.608885 0.626394 0.413605 -0.271301 0.912967 0.441937 -1.523773 -1.594924 -3.415552 -1.856484 -0.893461 -0.485885 0.012615 0.067771 -0.032149 -0.243423 0.244265 0.297301 0.596168 0.895365 0.104501 0.427189 0.625898 0.937933 0.163277 0.836212 1.497352 1.040706 1.917171 1.429720 1.713032 1.653612 1.479857 1.174711 1.539502 1.681919 2.206244 1.871903 2.487095 2.888621 2.294294 1.454801 0.881924 0.045118 0.999462 1.720440 1.883805 1.516212 1.688022 
192837465
15
-0.982155 -0.818171 -1.926508 -0.541213 -2.901138 -1.915196 -2.006746 -1.864993 -1.283267 -1.360434 -1.369812 -1.984284 -0.804213 -1.685005 -0.443326 -0.363199 -1.303628 -1.418540 -1.620011 -0.480580 0.661835 0.646924 -0.055394 -0.095050 -0.066454 -1.144393 -0.852557 -1.238709 -0.773439 -0.365506 -0.788371 0.111288 0.461054 -0.050186 0.197220 -0.149501 -0.370453 0.455837 0.363014 0.752271 0.603021 0.258182 0.206824 -1.008443 -0.949260 0.064291 0.563310 0.957992 0.644501 0.145861 0.294576 0.169100 0.162577 -1.324637 -1.882192 -1.682286 -1.146022 -0.205443 -0.720788 -1.688856 -1.764790 -1.393448 -2.593046 -0.053377 -0.093914 0.333466 0.785508 -0.237391 -1.279016 -0.710891 -1.002596 -0.766987 0.428391 -0.309283 -0.359295 -0.691906 -0.587819 -0.241100 -1.303143 -0.144668 -0.642295 -0.352963 -1.823687 -0.512118 -1.138807 -1.143938 -1.417626 -1.189665 -0.728433 -0.118556 -0.103697 0.399676 0.201198 0.156492 0.428110 0.512437 -0.061211 0.490733 0.908582 1.153554 1.008529 1.842162 1.546653 1.123882 1.088193 0.912184 1.766915 1.288922 1.556137 2.078392 2.629960 1.844907 2.183115 1.578073 1.125726 1.259433 1.332198 1.708384 0.963611 1.783271 
192837465
