1200.000000
160.000000
120
16
1
0.500000
2
2
0
1.388642 1.813167 1.150169 0.660265 0.821831 0.799387 0.309525 -0.662776 0.143070 1.318242 1.373390 1.278179 1.540792 1.327303 0.741648 0.095330 0.264642 0.699656 1.286907 0.831269 1.196828 1.179950 1.181594 1.145589 0.446963 -0.128937 -0.448051 0.017791 0.931012 0.458594 0.711486 1.674454 1.614365 1.308445 0.653817 0.929627 1.333339 1.116449 1.090245 0.858646 0.331741 0.384333 0.366628 0.407814 -0.175921 -0.095394 0.166599 -0.199944 0.828990 0.529971 0.088595 -0.379620 -0.314752 -0.977590 -0.829706 -0.920551 -0.679958 -0.280980 -0.257173 -0.143861 -0.298105 -0.841237 -0.865000 -0.810702 0.317082 0.304478 0.963593 0.527220 0.092049 -1.066483 -1.397365 -1.650931 -0.743056 -0.581713 -0.769576 -1.071665 0.275527 0.448040 0.614101 0.744342 1.876257 1.089518 0.638198 0.516805 1.021586 0.221890 0.241026 0.134595 0.391633 0.853471 0.651441 -0.104836 -0.582279 -0.165866 0.007645 -1.228466 -0.870270 -0.015323 -0.281845 0.713693 0.966896 0.159704 0.554535 0.379193 1.197384 0.992344 1.213522 1.362509 1.002088 0.974227 0.538047 0.056549 0.539836 1.005767 1.148385 1.360523 2.104022 1.468569 1.408912 1.214255 
192837465
1
0.489781 1.061701 1.690155 1.614098 1.793387 0.456897 0.702932 -0.352168 0.531604 0.422801 0.592045 0.760805 1.007080 1.119674 0.302776 -0.146066 0.661996 0.630926 0.529436 0.237776 0.358688 0.738389 0.027544 -0.195542 -0.341839 -0.459835 0.208087 0.309621 0.736415 2.357627 1.835691 2.286671 1.783780 2.884608 1.953137 1.593351 2.113540 1.879426 0.655196 1.058411 -0.105401 0.241531 1.075104 0.750501 0.742929 0.309113 0.169813 0.855570 0.560855 0.543488 -0.039498 -0.215963 -1.110789 -0.780005 -0.534300 -0.028072 -0.128952 0.079346 0.800398 -0.315965 0.266033 0.205205 1.179748 1.386605 0.885118 0.942288 0.478094 0.137060 -0.273169 -0.466632 -1.534842 -2.124913 -1.314570 -1.052117 0.002800 -1.181393 -1.021402 -0.568209 -0.187283 0.637719 0.363690 0.861509 0.596415 0.312841 0.686253 0.249740 -0.077667 0.064331 0.259870 0.251021 0.812805 0.718115 -0.190449 -0.005581 0.704504 -0.262268 -0.717557 -1.075324 -1.182211 -0.767123 0.266580 1.022108 0.060141 0.765449 1.180710 1.415950 0.982961 1.015819 1.536035 0.959718 0.881860 0.756190 0.489674 1.336602 2.192066 1.728254 1.526743 1.838548 1.597716 0.516633 
192837465
2
0.927221 1.235883 2.024139 0.977401 1.007204 0.963515 0.849399 0.985944 1.361740 0.628425 0.438460 0.742076 0.421646 0.157770 0.717506 0.744909 0.358975 0.231704 -0.009728 0.441707 0.380204 0.038524 -1.090311 -0.374793 -0.940061 -0.541475 0.047824 0.520559 0.672174 0.281982 0.626551 1.019005 1.169045 1.968293 1.767597 1.891932 2.302915 2.715304 2.544258 0.917719 0.427827 0.329908 0.686681 0.888287 0.431515 0.841359 -0.108470 0.634059 0.789994 0.125693 0.268867 -0.428076 -0.730614 -0.785929 -0.147248 -0.179720 0.309290 -0.512454 -0.082738 0.488923 0.124346 0.744111 0.448767 1.066457 0.509417 -0.207243 -0.088333 -0.265053 -1.480325 -1.260255 -2.308798 -2.110980 -1.755037 -0.461898 -0.221903 -0.105287 -0.665479 -0.400145 -0.284914 0.416950 -0.303417 -0.576363 -0.269599 -0.705965 -0.171141 0.362071 0.183852 -0.129170 -0.240843 -0.215126 -0.274890 -0.894201 -1.012605 0.496783 0.997382 0.214035 -0.858990 -0.852445 -1.024746 -0.905847 -0.278164 -0.907968 -0.236311 0.633760 0.623545 0.721716 0.238053 0.880752 0.731214 0.786981 0.667793 0.809146 1.123705 1.086002 1.050289 0.946392 1.145450 0.325367 0.594739 0.143090 
192837465
3
1.041736 2.094448 1.897736 2.060731 1.407801 1.101938 0.292174 0.399810 -0.103025 0.507410 0.464873 0.451372 0.807194 0.882977 0.807386 1.291942 0.529483 0.411691 0.528873 -0.785444 -0.912911 -1.156984 -1.357795 -1.600519 -1.354636 -0.560388 -0.433820 0.534932 1.446751 1.161866 1.497223 0.977850 1.265008 1.389345 1.789338 1.972075 2.307680 2.364847 2.321699 2.170863 1.824639 1.737127 1.539361 1.552647 1.051521 0.765205 0.573428 0.603786 0.128918 -0.842970 0.143238 -0.746044 -1.301857 -1.785644 -1.163142 -1.581519 -1.740989 -0.783170 -0.433670 -0.453008 0.011377 0.930019 1.251522 1.627421 0.872565 0.064036 -0.532765 -1.041684 -1.868386 -1.907610 -1.807887 -0.671325 -0.487859 0.102636 -0.040227 -0.887176 -0.525941 -0.600279 -0.310634 -0.610959 -1.260055 -0.349948 -1.103088 -0.732100 -0.304465 0.400293 0.051687 -0.018816 -0.229972 -0.969213 -1.030360 -0.177776 -0.626449 -0.112499 0.031977 -0.507868 -0.848318 0.218218 0.694770 -0.363574 -1.026355 -1.173201 -0.355382 0.333303 0.026107 0.230754 0.605580 0.333997 0.545011 0.526868 0.572043 0.718717 -0.375146 -1.137252 -0.653196 -0.635724 -0.525994 -0.885191 -0.554594 -1.021100 
192837465
4
1.060543 1.004322 2.068961 1.776332 1.470818 0.587175 0.252076 -0.017262 -0.070731 -0.023323 -0.117300 0.935075 0.517829 0.586147 1.253300 1.037538 0.466159 1.037619 0.592300 -0.693952 -0.194687 -0.796380 -0.125686 -0.221009 -0.453664 0.441356 0.809624 0.976025 1.115560 2.854106 2.020088 1.358923 2.098015 1.954378 1.793000 1.693300 1.378320 1.933518 1.762051 1.713320 1.587683 0.632487 0.889235 0.607562 0.573724 0.125754 0.581123 0.200278 -0.298067 0.074074 -1.060194 -1.325417 -1.743401 -1.932769 -1.465640 -2.228320 -1.440418 -1.185787 -1.335958 -0.593458 0.379102 0.399377 0.726321 0.422787 -0.186793 -0.780837 -1.334656 -1.899383 -1.142586 -1.360221 -1.170838 -0.952223 -1.675393 -1.224729 -0.449789 0.867515 0.647694 0.425547 0.073116 0.305051 -0.573656 -0.536032 -0.344113 1.072369 0.989304 0.042229 0.586264 0.479135 -0.131598 -0.115738 0.106711 0.026082 -0.567795 -0.755088 -0.283409 -0.522196 -0.135347 -0.251616 0.276309 0.302273 0.180238 -0.355887 0.602909 0.063790 0.460639 0.107419 -0.015436 0.663931 0.455708 0.726295 1.471952 1.042429 0.427067 0.082492 -0.590355 -0.441159 -0.189696 -0.850262 -1.005571 -1.905606 
192837465
5
0.336842 0.883842 1.134848 1.801495 0.709345 -0.083580 0.620814 -0.022010 -0.177515 0.143592 -1.061242 -0.725561 -0.160501 0.581665 1.017624 0.989383 0.722910 -0.392942 -0.762492 -0.997385 -1.135036 -0.353605 -1.140904 -1.089481 -0.208917 0.122967 1.583942 2.012100 2.275802 2.878491 2.068747 2.143392 1.717270 1.812885 1.627129 1.992928 1.409801 0.860376 0.759272 0.954694 0.441707 -0.178250 -0.171217 0.905896 0.995886 0.383553 0.095420 -0.450608 -0.157368 -0.763566 -1.085677 -0.649422 -1.026242 -1.281916 -1.311947 -1.496204 -1.110845 -2.014332 -0.485383 -0.390784 -0.640916 0.350142 -0.514481 -0.339052 -0.830735 -1.913017 -1.448500 -1.644230 -1.688609 -1.555205 -1.400934 -1.237513 -1.269752 -1.167487 -0.581071 0.442489 0.043558 0.350474 -0.217663 0.405696 -0.472140 -0.497992 -0.055216 0.398143 1.292799 1.856973 0.328476 -0.319973 0.019737 -0.575392 -1.752876 -0.738797 -0.156702 -0.499017 0.523359 0.091148 0.536665 -0.194763 -0.307020 0.167184 0.582010 0.872387 1.347094 2.263284 2.343126 1.588001 0.288360 0.709764 0.978586 1.585085 1.806838 0.696226 0.712214 0.291849 0.291645 0.078938 0.236339 -0.190352 -1.099604 -1.349373 
192837465
6
1.937647 2.296824 1.650143 1.376596 1.682543 0.585044 0.051234 0.254593 -0.339452 -1.261380 -0.751166 -0.724022 -1.412693 -0.946029 -0.813412 -0.478454 0.276035 -0.568277 -1.157658 -1.200205 -0.769085 -0.703345 -0.847428 -0.644449 -0.340270 0.419557 0.445562 1.035479 2.200123 2.312522 1.721130 2.193591 1.590978 1.810907 1.787117 1.851142 1.781136 1.633768 1.358005 1.114654 0.888037 0.794551 1.702395 0.978174 0.222138 1.168001 1.169750 0.433242 -0.324998 -0.720698 -0.662683 -1.194699 -0.142878 0.170336 -0.254898 -0.623473 -1.194431 -0.167607 -0.542221 -0.380928 0.286567 -0.804931 -0.457781 -0.746071 -0.866004 -0.018169 -1.670642 -1.961087 -2.300806 -2.380619 -2.276271 -0.960846 -0.943291 -0.616178 -0.711553 -0.167222 0.017064 -0.318410 -0.135735 -0.547778 -0.441533 -0.189381 -0.413406 -0.441404 0.349172 1.165170 1.376850 1.027361 0.720840 -0.251891 -1.184962 -1.282475 -0.559315 0.550622 0.525147 0.458299 0.760180 0.216101 0.186571 0.955706 1.046757 1.267890 1.397741 1.602759 2.083473 1.395063 0.822152 0.823845 0.629778 0.499679 0.152130 0.184830 0.271998 1.138305 0.912598 0.682946 -0.315858 -0.576790 -0.656478 -0.391548 
192837465
7
2.965565 2.340025 2.402659 2.132384 2.282521 1.780432 1.061647 1.033260 0.920581 0.411759 -0.711246 -0.693665 -1.136149 -0.937421 -0.552653 -0.771969 -0.626708 -0.997504 0.071903 -1.163402 -1.554185 -0.653779 -0.861815 -0.594173 -0.607358 -0.349006 1.121824 1.092835 1.934544 2.326165 1.687407 1.721947 1.619598 1.356752 1.348649 2.371930 1.818009 1.150913 0.611853 1.199655 0.835422 -0.221069 0.059243 0.476768 0.077326 0.577600 0.464116 -0.337410 -0.446959 -0.704203 -0.219497 -1.102801 -1.152140 -0.611024 0.041633 -0.215986 0.548394 0.241076 0.196561 0.160679 -0.600750 -0.618737 -0.602947 -0.576000 0.143275 0.275379 0.260508 -0.866731 -1.322656 -1.471910 -2.192524 -1.295531 -1.544762 -1.572391 -1.639541 -1.923253 -1.321982 -1.032181 -0.478918 -0.310806 -1.062451 -1.521647 -0.902330 -0.861241 0.673777 0.558200 0.350650 0.389064 0.505562 -0.444557 -0.697819 -0.439357 -0.935656 -0.866329 -0.648751 -0.051633 -0.195133 0.702431 1.057128 0.824786 1.866684 1.979099 2.542428 2.063569 2.487298 1.546727 0.583466 0.353947 -0.088567 0.391449 -0.208413 -1.404504 -0.823889 -0.554406 -0.872609 -0.703599 -1.203836 -0.604679 -0.643156 -0.670802 
192837465
8
2.201963 1.625525 2.785217 2.783549 1.615123 0.494542 0.919464 0.708470 -0.122378 0.330103 0.080090 -0.311801 -0.584234 -0.044138 -0.192636 -0.391932 -0.455170 -0.706977 -1.211541 -0.753315 -1.276259 -1.444460 -1.341308 -0.910937 -1.585418 0.091650 0.007286 0.723355 0.989956 1.368622 0.538651 0.354413 -0.204401 -0.075702 1.373893 1.370019 1.802682 1.570248 1.111304 -0.249949 -0.398552 0.281116 0.040666 -0.016852 -0.255964 -0.669469 -0.592088 -0.834267 -1.041924 -0.256160 0.216312 0.582068 0.368508 0.639213 0.478910 1.013676 1.335125 -0.171688 -0.295356 0.197082 0.197342 0.671571 0.247242 -0.121310 0.539012 0.519889 0.309752 0.058078 -0.507756 -0.426166 -1.108475 -0.908737 -1.264369 -1.434508 -1.748109 -1.700532 -1.654788 -2.323231 -2.032921 -1.908012 -2.086941 -1.061734 -1.225512 -1.399053 -1.230030 -0.652999 -0.289023 -0.178529 0.163762 -0.003991 -0.857695 -1.573825 -1.287905 -1.044886 -1.160607 -0.535649 0.142759 0.339619 0.191975 -0.040665 0.813681 1.594712 1.625809 1.682533 1.395430 1.296618 1.143627 0.185684 -0.831766 -0.812705 -1.070279 -1.200780 -0.656560 -0.717017 -1.747821 -1.695475 -1.135716 -1.219842 -0.706499 -0.914176 
192837465
9
1.036980 0.532808 0.784856 1.236698 0.602820 0.088891 -0.349989 0.265050 -0.179497 0.392179 0.255002 0.265186 0.344606 -0.290184 0.181051 0.086284 0.084947 0.057096 -0.399683 -0.319885 -0.233070 -1.026135 -1.508889 -1.974655 -1.172259 -0.025960 0.173803 -0.329535 0.512530 0.865876 1.173215 0.292020 -0.138865 -0.345913 -0.462001 -0.243491 0.885645 0.219658 -0.539767 -1.232147 -1.537414 -1.474949 -0.791495 -1.141811 -1.059764 -1.733100 -1.285010 -0.732178 -0.772378 -1.114667 0.151735 0.177005 0.464994 1.556421 0.604889 0.695207 0.528860 0.618618 0.248566 1.181640 0.931135 0.249277 0.513339 0.080003 0.294900 0.827588 1.132327 0.991174 0.105467 -0.565258 -0.007653 -0.347082 -0.552109 -1.383320 -1.078534 -1.012829 -1.350925 -1.983095 -2.319176 -2.124347 -2.278778 -1.618447 -1.385115 -1.102613 -0.978523 -1.251688 -0.661724 -1.527520 -1.133374 -1.210773 -0.441447 -0.476180 -0.354110 -0.899489 -1.449374 -0.942902 -0.582718 0.105384 0.189143 -0.147747 0.079322 0.584780 0.780984 0.886877 1.038542 1.328427 0.864542 -0.109294 -0.965701 -1.146534 -1.694475 -1.759933 -1.219922 -2.102692 -1.224367 -0.932540 -1.085505 -1.886103 -1.213826 -0.756050 
192837465
10
1.419501 0.549243 0.443087 0.159857 -0.896896 -0.324000 -0.293148 0.162048 -0.200195 0.157116 0.707020 0.722898 0.635434 0.576267 0.634309 0.729926 0.551316 0.218340 0.572984 -0.026454 -0.418051 -0.788189 -0.275169 -0.600433 -0.388854 -0.254719 -0.555225 -0.083234 0.286991 0.128468 0.026444 -0.700752 -0.437259 -0.555288 -0.908363 -0.179825 -0.208116 -0.042476 -0.853630 -0.841537 -1.526581 -0.821911 -1.044777 -0.357916 -0.435512 -1.931955 -1.852975 -1.512814 -0.768617 -1.139250 -0.297165 1.066572 0.425927 0.338291 0.375111 0.173770 0.698367 1.435751 0.952786 1.085625 0.927742 0.798477 0.778499 0.697548 0.276379 0.213140 0.529860 1.164951 1.286699 -0.549775 0.172005 0.371107 -0.167641 -0.678428 0.060743 -1.966518 -1.774855 -1.878565 -2.404103 -1.898925 -1.339970 -1.090316 -0.891817 -1.060604 -1.831282 -1.443258 -0.915829 -1.501835 -1.744333 -2.769862 -1.735384 -1.331095 -0.825020 -1.535802 -1.898941 -1.685421 -1.635285 -1.707550 -1.691977 -0.621052 -0.521915 0.379898 -0.323259 -0.739283 -0.383886 -0.429168 0.140903 -0.767040 -2.134374 -1.881162 -1.331004 -1.056638 -1.452660 -0.901543 -0.682640 0.266730 -0.400430 -1.176786 -1.224343 -1.330458 
192837465
11
1.080474 0.890478 0.749725 0.933653 0.844526 0.581458 0.378295 0.859852 1.854075 1.592457 0.697527 0.667080 0.425688 0.916521 0.843125 0.999142 0.424869 0.085070 -0.186744 -1.345087 -1.908804 -1.679291 -0.414540 -0.469674 -0.161246 -0.214519 -1.001988 -1.108632 -0.462094 -1.283501 -0.937545 -1.895491 -1.709310 -1.309006 -1.631423 -0.862164 -0.047660 0.305664 0.281879 -1.011744 -0.600072 -0.570191 0.187161 -0.004776 -0.063929 -0.807620 -1.046601 -1.118858 -1.615506 -2.167483 -0.717888 -0.332674 0.116529 0.246854 -0.353816 -0.040948 0.477770 0.046713 1.010456 0.818896 1.129659 0.743209 1.222053 1.295659 0.181150 0.153621 0.602804 1.124801 0.605493 0.700458 -0.064596 -0.059357 -0.226542 -0.210524 -1.287698 -1.773290 -2.838662 -2.705942 -2.045737 -0.687338 -0.836131 -1.436077 -1.331094 -0.920900 -0.122886 -0.744218 -0.302535 -0.446808 -1.255726 -1.154765 -1.209146 -0.989717 -1.460077 -1.557816 -1.709344 -1.412519 -1.817627 -1.073077 -0.989627 -0.711376 -0.229975 -0.374938 -0.725705 -1.290485 -1.521736 -1.348747 -0.946441 -2.085044 -2.767212 -1.745633 -1.452671 -1.350847 -1.287294 -1.691747 -1.591792 -0.467825 0.266104 -0.348533 -0.699081 -1.015852 
192837465
12
0.395965 0.903814 0.869505 0.401054 0.258915 1.298327 1.522513 0.553480 0.779236 0.823418 0.862723 1.577275 0.568377 0.563846 0.001602 1.552717 1.492600 0.856975 -0.255942 -0.511400 -0.917777 -0.856767 -0.382761 0.231749 0.553609 0.393233 -0.021399 -0.286491 -0.056733 -0.843765 -0.623163 -1.516045 -2.388387 -1.939931 -1.091513 0.231142 0.227038 -0.061549 0.192857 -0.525832 -0.485502 -0.130117 0.361454 -0.487733 -0.913941 -1.789467 -1.733223 -2.275178 -1.830036 -1.750179 -0.836443 -0.790867 0.223177 -0.370334 -0.150976 0.309356 0.349074 0.032311 -0.314063 -0.006412 0.667261 0.927309 1.743057 1.576882 1.707700 1.054626 1.253187 0.745542 1.505592 1.082897 1.526772 0.047041 -0.318627 -0.500279 -0.125975 -0.604719 -1.468007 -0.578484 0.545899 -0.382853 -0.363441 -0.054945 -0.498840 0.330888 0.203974 -0.475727 -0.769347 -0.601667 0.022229 0.072034 0.145702 -0.939997 -1.203162 -0.903088 -1.484667 -1.051940 -1.877181 -1.384461 -1.133376 -1.757581 -1.735485 -1.078395 -0.440741 -1.268917 -0.604422 -1.066636 -1.288880 -2.260729 -2.670423 -3.063174 -2.530326 -2.772355 -2.866272 -2.140317 -1.304368 -0.983706 -0.621752 0.527233 0.292673 -0.632318 
192837465
13
1.622766 1.320776 0.920379 0.227449 0.944736 0.164241 0.124679 0.233801 0.773236 1.060101 0.948913 1.082048 1.186535 0.960130 0.179182 0.519371 0.537542 -0.417871 -0.647990 0.026895 0.241773 0.866738 0.897117 1.244034 1.433517 -0.085894 0.268697 0.087272 -0.296464 0.327522 -0.056380 0.031711 -0.348729 -0.115048 -0.842502 -0.486533 0.009911 -0.137506 -0.760414 -1.018396 -0.065911 0.087823 -0.665479 -0.831367 -0.206601 -0.804072 -1.279212 -1.371695 -1.035377 -0.920274 -0.475461 -0.121541 0.307191 0.446450 0.824661 0.799129 0.986098 1.128833 0.382286 -0.515829 0.060736 0.327244 1.590319 0.880475 0.769777 0.438206 0.954642 1.792248 1.153259 0.810327 0.385371 0.463524 -0.612320 -0.765112 -0.921889 -0.489247 -0.630682 0.231602 -0.143699 0.189410 1.080946 0.355599 -0.512608 0.640420 -0.093717 -0.067414 0.257898 -0.018368 -0.127397 -0.310252 -0.029227 -0.716248 -1.151987 -1.457915 -1.532962 -1.091641 -1.499824 -1.567386 -1.583328 -1.832331 -2.530742 -0.990331 -0.997671 -1.775140 -1.599911 -1.342988 -1.948339 -2.652108 -3.408315 -3.580072 -2.218681 -2.665877 -1.344929 -1.065357 -1.052784 -0.559179 -0.612398 -0.913122 -1.157255 -1.173164 
192837465
14
1.727962 1.309913 1.468460 0.780932 0.822234 1.222041 0.489613 0.358686 0.257470 0.710794 0.065238 0.152245 0.473154 0.889941 1.137174 0.523226 -0.080801 -1.129711 -0.572340 -0.161860 0.235295 0.684396 0.015854 0.413876 0.769400 1.233239 1.126268 0.918548 0.675228 0.618872 -0.278202 -0.156206 -0.130065 -0.071227 -0.024509 0.639430 0.314020 0.017629 -0.415056 -0.464316 -0.741196 -0.678926 -0.223460 0.279892 -0.110242 -0.688180 -0.957699 -1.159400 -1.322072 -0.851621 -0.535436 0.252987 1.023191 0.900264 0.713674 1.657735 1.195581 1.449751 0.970012 1.153742 1.516576 0.566346 0.780337 1.234596 0.398321 -0.136252 0.139249 0.048572 0.058150 0.394981 0.444830 0.511407 -0.625015 -0.218186 -0.118639 -0.658156 -0.415434 1.035281 1.156349 2.050011 1.416059 0.522895 0.574646 0.046742 -0.194361 0.089133 0.053830 -0.221253 -0.392556 -0.653414 -0.700591 -0.247995 -0.441474 -0.701686 -0.988616 -0.307451 -0.779300 -1.455021 -1.002698 -2.002144 -1.467624 -1.496628 -1.652330 -1.418895 -1.254660 -1.620072 -1.815051 -2.048822 -2.037818 -2.581087 -2.832869 -2.594562 -1.583969 -0.970712 0.126658 -0.988708 -1.660299 -2.220341 -1.987462 -1.610989 
192837465
15
0.767719 0.749723 1.338330 0.424618 1.859915 1.516052 1.451643 1.388469 0.988115 1.058456 1.045937 1.412555 0.557358 1.067334 0.309564 0.188776 0.759978 1.130834 1.103456 0.394420 -0.283302 -0.611246 -0.143743 -0.071399 -0.027709 0.814211 0.531696 1.069520 0.733949 0.308409 0.569129 -0.097502 -0.459597 0.146066 -0.104544 0.038629 0.226803 -0.398745 -0.358684 -0.993643 -0.685672 -0.153291 -0.224945 0.614108 0.770819 -0.249623 -0.485893 -0.880590 -0.367885 -0.271732 -0.414818 -0.077841 0.158796 1.003482 1.455920 1.190831 0.715336 0.215103 0.680383 1.377812 1.222575 1.220113 1.745085 0.216919 -0.035215 -0.244339 -0.516408 -0.029170 0.935911 0.548299 0.820726 0.625125 -0.270179 0.333667 0.379594 0.378511 0.500191 0.168645 0.959978 0.312782 0.467021 0.418177 1.328102 0.412694 0.917109 0.794949 0.979353 0.618434 0.371314 -0.041603 -0.040830 -0.263248 0.033809 -0.220270 -0.164843 -0.350208 -0.073762 -0.349809 -0.844006 -1.243501 -1.226644 -1.993389 -1.239961 -0.994025 -1.019700 -0.943880 -1.578365 -1.024584 -1.551286 -2.266204 -2.784203 -2.176324 -2.237563 -1.637234 -1.015109 -1.227861 -1.285630 -1.653303 -1.155938 -1.974612 
192837465
