1200.000000
160.000000
120
16
1
0.500000
2
2
0
0.634016 -0.400605 0.049584 0.043612 -0.888419 -0.710272 -1.657240 -1.634386 -1.541747 -0.755395 -0.073338 0.399098 0.229401 1.113860 0.287802 1.112916 1.367289 1.389503 2.121517 2.507612 2.207887 1.439864 2.093322 1.829451 1.943258 1.578620 2.451396 1.653924 2.081946 1.932316 2.220459 1.911114 2.342986 1.650374 1.436716 1.698860 1.394263 0.965069 1.296782 1.040291 0.989725 0.872496 0.642603 -0.048181 0.590529 0.928145 -0.245989 -0.046675 0.257040 1.534673 2.488635 1.479615 1.520823 1.424620 1.185339 0.982252 1.143935 1.517553 1.539969 1.444500 1.339796 1.143034 0.896501 0.554293 1.176334 0.777648 -0.189522 -0.395143 -1.227526 -1.376168 -1.050323 0.026969 -0.952897 -1.028822 -0.088593 -0.286159 -0.289617 -1.342106 -2.381479 -3.418228 -2.425623 -2.305861 -2.298079 -1.968111 -1.239368 0.237797 0.216187 -0.363863 0.064041 0.807005 -0.491435 -0.086418 0.224118 0.695086 0.479990 -0.183760 -0.499035 -0.730666 -0.436560 -0.179676 -0.317931 -1.243517 -0.167950 -0.392543 -0.332944 -0.526706 -1.831767 -2.365091 -2.421678 -2.938871 -1.870715 -0.855992 -0.492194 -1.081468 -1.648236 -0.838737 -2.000163 -1.858886 -0.757947 -2.548620 
192837465
1
0.410456 0.407643 -0.065513 0.157884 -0.428660 0.022927 0.439359 -1.265664 -0.968477 -1.701269 -0.875426 -0.017229 0.872184 0.726860 1.083832 2.184210 0.718485 1.306576 1.248181 2.004642 2.133947 1.545478 1.684842 1.669803 2.013011 2.484515 2.368839 2.310841 1.962828 1.691890 2.130623 1.798974 1.940943 1.894482 1.258818 1.509102 1.323285 1.357538 0.525072 0.896139 0.465604 0.766579 0.098819 1.337985 1.092081 1.576870 1.250422 1.463005 1.347145 1.904679 2.536889 2.263175 1.590870 2.338462 2.109669 0.827928 0.999073 1.014610 0.703884 0.655665 1.016818 0.954766 0.794385 0.447008 0.803103 0.632975 -0.405475 -0.635481 -0.798325 -0.843755 -0.421704 -0.076311 -0.781837 -2.603094 -1.229516 0.155245 -0.102502 -1.291094 -3.403793 -1.804445 -1.968937 -1.284707 -1.253959 -1.219480 -1.412068 -0.089296 0.604052 0.468674 0.495565 0.095838 0.021013 1.074981 1.143721 0.735494 0.080386 -1.068147 -1.224318 -0.505333 -0.787783 -0.559328 -0.100995 -0.088725 -0.188157 -0.467813 -0.798259 -1.033769 -1.250489 -3.704966 -2.288935 -2.070884 -2.142238 -1.212362 -0.766640 -1.634517 -0.980775 0.061397 -2.784391 -2.053801 -2.922559 -2.937634 
192837465
2
1.314792 -0.290182 0.084807 -0.308362 0.449254 0.582739 0.357194 -0.723143 -0.649895 -1.365901 -1.032821 0.945945 0.198323 0.381401 -0.438737 1.241891 0.656487 0.546556 0.641932 1.451225 1.960402 1.571426 0.514426 1.627212 1.930132 2.463168 2.636098 2.429631 2.556951 1.674441 1.678925 1.671701 1.181057 1.177176 0.604486 1.272232 0.867659 0.730576 1.219262 1.039009 0.290250 -0.009987 1.078913 1.149643 2.171451 2.132053 1.776398 1.770408 1.379779 1.767653 2.125793 2.155101 1.483172 0.861319 1.233080 0.705711 0.972575 0.842365 1.060667 0.645651 -0.086531 -0.454762 -0.794735 -0.589649 0.391916 1.229329 0.445475 0.739107 0.044161 -0.359467 -0.361235 -1.782658 -0.981513 -0.578484 -0.701803 -0.226674 -0.490282 -0.994173 -1.967758 -1.916435 -0.760849 -0.757688 -0.362145 -0.595612 -0.612379 0.198225 0.742226 0.624973 0.466227 -0.520545 -0.809486 -0.284598 -0.031233 -0.248408 -0.679481 -0.930105 0.123390 0.125856 -0.629134 -0.458491 -0.673087 -0.032832 0.039803 -0.375158 -0.185866 -1.408414 -2.334630 -2.548297 -2.330540 -1.964385 -1.428743 -1.088099 -0.458804 -0.079011 -0.617943 -0.132562 -1.131444 -1.662396 -2.357212 -1.225074 
192837465
3
0.986128 0.406814 0.176929 0.545617 -0.749964 0.088627 -0.458462 -1.486609 -1.346921 -0.966954 -0.744056 -0.677253 -0.748649 -0.805063 -0.483139 0.234603 0.526441 0.405829 2.003910 1.767758 1.308249 1.702869 0.993571 1.887534 1.282416 1.671913 1.376750 1.291665 0.896198 0.155547 1.027452 1.038189 0.467024 1.371297 1.050700 0.377004 1.057441 0.671744 1.094520 0.570601 0.294213 0.542194 -0.093556 1.071135 1.039195 0.892506 1.448292 1.216245 1.631751 2.093355 2.196915 2.551353 1.838522 1.480470 0.594504 0.242106 0.486773 0.573220 0.361591 1.141124 0.182629 -0.600696 -1.384960 -1.152132 -0.636041 -0.398529 0.158450 0.428951 0.361205 -0.194146 0.239542 0.063866 0.463488 -0.667683 0.115376 0.586393 0.122421 -1.420026 -1.526949 -1.394872 -1.217379 -0.554198 0.428778 0.368416 0.392908 0.158735 -0.215456 -0.253904 -0.750310 -0.382694 -0.702253 -0.520628 -1.018117 -1.295810 -0.999335 -1.354668 -1.250034 -1.697441 -1.092881 -1.035400 -0.490324 0.060139 -0.382079 -1.286565 -1.351930 -0.835964 -1.265859 -0.935390 -1.142638 -0.542527 -1.260236 -0.640142 -0.575695 -1.504578 -2.275631 -1.274641 -1.681667 -1.221553 -1.093154 -0.375950 
192837465
4
0.761295 0.517580 0.708561 1.098661 0.374154 -0.168204 -0.187601 -1.742264 -0.271221 0.526009 -0.063576 -1.176709 -0.633290 -0.586049 -0.727951 -0.204899 0.157330 0.744650 0.298106 0.496224 0.581134 0.767588 0.745219 0.810872 1.361691 1.460565 0.754402 0.873611 1.099518 0.863042 0.621558 0.042050 -0.055803 -0.408623 -0.614097 0.806760 0.879658 0.336796 0.042525 -0.654136 0.457660 0.084684 -0.349996 -0.479235 0.403397 1.069747 1.294413 0.560164 1.834959 2.191309 2.232400 0.856183 0.835336 0.712466 0.826207 0.129318 -0.433171 0.245500 0.591657 0.719844 0.034518 -1.228661 -1.615094 -0.629674 -0.204610 0.273832 0.432058 0.630943 0.428885 0.936229 0.060562 0.021943 1.460322 1.082494 0.258144 -0.373616 -0.681185 -2.242589 -3.296823 -2.003981 -1.207851 -0.544810 0.325323 0.034466 0.612675 1.606897 1.241512 0.604217 1.253703 0.546038 0.728790 -0.773854 -1.047658 -1.725341 -1.410058 -1.386708 -1.032614 -2.323079 -2.484539 -0.703041 -0.039851 0.126420 -0.302277 -0.449711 0.077270 -0.502523 -1.088665 -0.491139 0.143479 -0.732898 -0.156736 -0.192924 -0.698332 -0.562602 -0.742439 -0.380952 -1.384757 -0.828379 -0.500153 -0.616613 
192837465
5
1.190915 0.941502 0.682344 -0.144992 0.107500 0.412932 0.140135 -0.928110 -0.451772 0.059600 -0.855459 -1.988398 -1.013374 -0.518263 -0.712092 -0.432893 -0.325028 -0.057875 0.093630 0.419921 0.858472 0.287827 0.806256 1.540791 1.225928 0.523695 1.246853 0.831900 0.360936 1.440536 1.609854 0.840563 0.144403 -0.830542 -1.062851 -0.587977 -0.294323 0.086363 0.709826 0.594698 0.888106 0.262417 1.003007 0.828457 0.778951 -0.008993 0.109441 -0.018631 0.398104 0.253845 -0.194164 -0.909280 -1.068611 0.537799 0.685673 -0.504781 -0.758504 -0.587520 0.174783 0.349514 0.506626 -0.111152 -0.147668 -0.459034 0.824216 0.981012 1.076283 1.071253 0.818552 -0.166133 -0.030015 -0.135898 0.411340 -0.055720 -0.611577 -0.830708 -1.633053 -1.023979 -1.099517 -0.962234 -1.777169 -1.000821 -1.858167 -0.221207 0.852061 0.343151 0.885378 0.635889 0.517524 1.104660 0.610951 0.459096 -0.335735 -0.204080 -0.418577 -0.696428 -1.471473 -1.723879 -1.492273 -0.786675 -0.466960 0.460328 -0.374257 -1.110601 -2.277664 -3.209125 -4.149843 -0.807442 -1.003894 -1.656822 -0.434494 0.895602 0.495178 -0.465070 -0.590524 -0.652028 -0.033264 -0.704680 -0.369199 -0.132359 
192837465
6
0.653744 -0.220605 0.523153 -0.824828 -0.954052 -0.379108 -0.788413 -0.242991 0.120202 -0.586021 -0.068519 -0.538211 -1.088681 0.044241 0.388238 0.517194 0.346699 0.227300 -0.885267 -0.124931 0.593518 0.499079 0.342948 1.501462 1.046757 1.373853 1.761199 1.749380 1.635426 0.395334 1.116427 1.431810 0.255945 0.029000 0.252295 -0.253827 0.173873 0.622868 1.622511 1.574194 1.395206 1.385253 0.361226 0.628044 0.710065 0.524999 1.069926 0.789881 -0.368179 -0.082708 0.003874 0.653312 0.660149 0.821936 0.730247 -0.096119 -0.102365 0.094243 0.247003 -0.297079 0.625974 0.390375 -0.006000 0.497506 1.119622 1.681256 1.378037 0.494434 -0.153912 -0.568542 -0.124833 0.090130 -0.270945 0.142357 -1.164419 -0.642071 -1.350121 -0.626303 0.415659 -0.500820 -1.244411 -0.588942 -1.301200 -0.896112 -0.214129 0.172948 -0.103696 -0.050695 0.216470 0.223691 0.518913 0.724999 0.233424 0.005539 -0.322876 -0.430225 -0.790817 -0.677747 -0.553046 -0.824663 -1.290383 -1.014416 0.694327 -0.173652 0.938274 -1.734008 -1.901878 -1.363110 -1.227742 -1.747093 0.299544 -0.109136 0.058532 -0.727773 -1.320655 -0.107953 -0.165177 -0.497092 -0.972199 0.162854 
192837465
7
1.100970 0.263195 -0.946623 -1.050981 -1.464911 -0.875180 -0.714324 -1.842770 -1.160334 -1.047159 -0.136699 -0.117999 0.142086 0.167021 1.361626 0.962212 1.077215 0.517207 0.800173 0.109274 1.455716 1.148400 1.067407 1.490903 1.404311 0.728683 1.098265 1.329501 2.377073 1.289585 1.507823 0.781129 0.408564 0.530577 -0.509760 0.209988 -0.504607 0.178012 0.491591 2.026879 1.589601 2.106333 1.101740 0.639287 1.136522 0.757566 0.786877 0.871391 0.624742 0.229103 0.541791 0.185169 0.091592 0.117777 0.403271 -0.093240 0.185990 0.256689 0.624378 1.200626 1.570131 1.255106 0.757444 1.633541 1.556675 1.372713 1.182982 0.520016 0.733897 0.083080 -0.454297 0.016513 -0.212358 -0.852121 -1.305938 -2.689317 -1.287849 0.064661 0.707311 0.484560 -0.218674 0.193811 0.262512 0.038220 -0.208917 -0.041941 0.875609 0.594624 0.128885 -0.080484 0.467186 -0.029726 0.635063 -0.847625 0.005417 0.138361 -0.193119 -0.883513 -0.828513 -1.489520 -1.005296 -0.890662 -0.054349 0.252779 0.137092 0.036832 -0.512258 -0.594532 -0.909393 -1.509496 0.512750 -0.115968 -0.764358 -0.152799 -0.229815 -0.112165 -0.099768 -0.466654 0.249451 -0.033665 
192837465
8
0.316307 -0.808507 -0.933600 -1.781636 -2.367760 -2.995761 -2.910049 -1.587223 -2.448170 -0.881736 -0.953441 -0.528530 0.032449 0.693874 1.067977 1.325783 1.252720 0.710047 0.907842 0.626659 0.648942 0.503518 1.242679 0.463079 0.147216 0.372541 0.215016 0.364324 1.138693 1.217545 1.095574 0.966081 0.456610 -0.242627 -0.734589 -0.304086 0.650001 0.708660 -0.253332 0.672867 0.625457 0.814204 0.917857 1.233130 1.020069 0.880552 0.910468 1.590443 0.600217 0.910921 0.553325 0.615781 0.189187 0.197829 -0.048756 0.483398 -0.037040 -0.005358 -0.043788 0.941218 1.831752 1.479165 1.432272 1.551672 1.927108 1.475697 1.598214 1.243133 0.899733 -0.566555 -0.632469 -0.110181 0.321884 -0.595826 -1.817014 -2.519088 -2.182797 -1.822893 -0.362721 0.423414 0.019003 0.356848 0.632990 0.738972 0.738277 0.971254 1.019936 0.105612 -0.494361 -0.816349 -0.408814 0.048955 0.181733 -0.303284 -0.358586 0.179295 0.425052 -0.018772 -0.417084 -0.787225 -2.095638 -1.510373 -1.632281 -0.770227 -0.517289 -0.289666 0.000096 -0.769258 -0.269996 0.103019 0.449850 0.810440 0.453459 0.848149 0.644545 0.145087 -1.963872 -0.392022 -1.590806 -0.638916 
192837465
9
-0.304597 -1.875539 -0.974282 -2.216166 -1.055322 -1.619699 -1.936745 -2.761790 -2.260516 -2.263075 -1.802194 -0.572047 -0.689225 -0.149202 0.085354 0.456439 0.570411 1.457508 1.530357 0.940901 0.223316 0.369726 -0.343176 -0.544203 -0.942411 0.602296 -0.047818 0.670787 0.177764 -0.548048 -0.099993 -1.059426 -0.803104 -0.878067 -0.721566 -1.104371 -1.747734 -0.934404 -0.714045 -0.880048 0.314131 1.045297 2.279015 2.083394 2.003790 0.841260 0.506990 0.788371 1.475106 1.516215 1.353371 1.459053 1.381112 0.940484 0.376834 0.159309 0.145968 -0.014702 0.119976 0.825146 0.962528 1.587768 1.179333 0.941600 0.248932 0.379492 0.035391 -0.203656 -0.261791 -0.289637 -1.356087 -0.896338 -1.142758 -1.617579 -1.749905 -1.436560 -1.399018 -1.673665 -0.921257 -0.580435 -0.144096 -0.054216 0.165798 1.441803 0.896686 0.255902 0.239857 0.296009 -0.262519 0.110152 -0.243951 -0.896281 -0.429947 -0.864138 -1.888440 -1.247502 -2.543985 -1.850653 -2.593169 -1.559424 -2.449807 -2.798246 -2.490074 -2.281611 -1.466175 -1.366568 -0.477696 0.135828 0.178146 1.156351 0.967722 0.393277 0.578573 0.422526 -0.039865 0.086799 -0.067768 -0.428492 -1.233676 -2.072889 
192837465
10
-0.911438 -0.270320 -0.311437 -1.477324 -1.811125 -1.975683 -1.159331 -0.763089 -1.157402 -1.660086 -1.392779 -0.956348 -0.979234 -0.601518 0.258224 0.787552 -0.065354 0.961502 1.449363 0.676848 -0.385578 -0.334382 -0.182315 0.000796 0.231290 0.032676 0.317244 -0.595785 -0.810870 -0.568922 -1.578419 -1.685968 -1.760332 -1.871977 -0.680810 -1.313050 -0.851514 -0.022671 -0.242296 0.305633 1.447457 1.635731 2.705670 1.830317 1.597489 1.332857 1.835343 1.517944 1.350455 1.453500 0.945404 0.746755 1.304562 1.518869 1.279607 1.318953 0.514105 0.085170 0.592967 0.179031 0.201639 0.544755 1.069642 0.814180 0.650145 0.080202 -0.297578 -1.049688 -0.584966 -0.314814 -0.488068 -0.429784 0.223504 -0.821808 -2.319360 -1.716370 -1.550001 -2.016429 -1.770580 -2.500282 -0.997810 -0.204464 0.459369 0.400860 0.391327 0.030299 0.291443 0.436006 -0.025409 -1.234092 -1.657243 -0.514965 -0.282187 -1.002287 -1.914808 -2.246817 -2.192690 -2.799687 -2.164816 -1.645677 -1.715611 -2.279030 -2.579258 -2.512768 -1.450000 -0.532407 -0.394047 0.020879 0.968059 1.215647 1.727814 1.674257 1.425230 0.579260 -0.297743 0.562571 0.932053 0.124159 -0.397789 0.089740 
192837465
11
-0.954896 -0.047693 0.438777 -0.830628 -1.597808 -2.519214 -1.209068 -3.220392 -1.038229 -1.574093 -0.556899 -0.292528 -0.930714 -0.517284 -0.452547 0.263534 -0.174971 -0.010214 0.755359 0.492156 0.719000 0.727169 0.827480 0.259093 -0.221052 -2.785876 -2.718415 -1.549939 -1.775330 -1.962526 -1.993626 -1.854729 -0.983724 -1.627283 -1.896296 -0.988560 -0.341231 0.290863 0.545131 0.311312 0.694421 1.758771 2.205732 1.755292 1.234680 1.209737 1.012329 1.990120 1.641123 1.286337 1.177780 0.847332 1.287879 0.820291 0.637835 0.761931 -0.292637 -0.214446 -0.042584 0.882912 0.886610 0.838526 1.580439 0.747225 0.647531 -0.661079 -1.266561 -1.264042 -1.951235 -1.712351 -2.321880 -2.276812 -1.853955 -0.428709 -0.643936 -0.290310 -0.986369 -1.366696 -0.755100 -0.787284 -0.222558 -0.583982 0.333490 0.423815 0.416965 1.310005 0.740697 0.561641 0.303358 -0.401383 -0.459897 -0.154295 -0.064018 0.040490 -0.885247 -0.345027 -0.116680 -0.878102 -0.269945 -1.193065 -1.552600 -2.634588 -1.116670 -1.319381 -2.262701 -1.129095 0.141512 0.451753 1.002895 0.605641 0.952021 1.011950 0.736055 0.780380 -0.101162 0.138405 0.325685 0.740406 0.698951 0.983232 
192837465
12
0.245782 0.264833 0.158044 -0.325286 -1.100043 -1.022395 -2.206266 -2.214886 -2.259596 -1.561374 -1.036430 -0.979342 -0.233360 0.129070 -0.101697 -0.049060 -0.659357 -0.840288 -0.142777 -0.269465 0.631571 1.654097 1.029547 1.445139 0.345849 -0.854040 -1.170689 -1.278743 -3.424911 -2.224915 -3.593468 -3.649489 -1.818033 -3.977768 -3.336903 -1.588534 -1.703373 0.042568 0.909183 1.290742 1.130534 1.198687 1.473986 1.432901 1.563452 1.447719 1.284614 2.211687 1.890037 1.937434 0.746904 0.203480 0.724305 0.847583 0.062082 0.132604 0.371316 0.529372 1.530502 0.844478 1.001963 0.289672 0.351156 -0.077645 -0.166495 -0.917099 -2.100130 -2.299920 -3.656580 -2.895654 -2.619397 -3.347249 -1.819365 -1.057191 -0.097737 -0.017534 -0.516920 -1.405636 -1.082172 -0.271693 -0.197140 0.500863 0.092857 0.714608 0.584874 0.116427 0.369078 -0.273423 0.655457 0.642563 -0.609517 -0.419642 -0.108753 -0.583250 -1.923574 -2.434794 -3.181040 -1.886828 -2.003272 -2.218256 -1.805214 -1.664506 -2.000483 -1.600592 -1.204340 -0.695716 0.088961 0.249888 0.678992 1.069425 0.909281 0.910392 -0.025633 0.104132 0.260197 -0.087194 -0.076176 0.493301 0.683304 0.315464 
192837465
13
-0.549258 -0.137255 -0.003418 -1.037345 -2.095948 -2.895004 -3.228821 -4.656934 -5.591283 -4.481810 -3.391530 -1.287163 0.233000 0.108612 0.068901 0.190252 0.345873 0.364203 -0.067006 -0.059121 0.319646 0.880679 0.115347 0.967913 0.793530 0.842519 0.379261 -0.170074 -0.734610 -0.892365 -1.495344 -0.770917 -3.393885 -4.329174 -3.170139 -2.595370 -1.484404 -0.931185 -0.030005 0.598739 1.124301 1.781337 1.985185 1.942051 2.126246 2.064569 3.027643 2.641656 2.868751 2.075637 1.633847 0.910413 1.019742 1.034856 0.653525 0.227095 0.686019 0.778536 0.993321 1.317787 1.139676 1.213355 0.272042 -0.156384 -0.422493 -1.075016 -1.737007 -2.760505 -2.946804 -1.876181 -1.227204 -1.571923 -1.690796 -3.316022 -1.691295 -1.098718 -0.751186 -0.582711 -0.695408 -0.639548 -0.842420 -0.115403 -0.954922 -0.238634 -0.009947 -0.346611 0.336398 0.524544 0.538221 0.205558 0.136889 -0.424698 -1.321415 -2.661203 -3.141275 -6.002736 -4.755080 -4.848441 -2.145188 -1.279553 -0.394405 0.440398 0.304651 0.195570 0.431126 0.213596 0.049864 0.817186 -0.413518 -1.046402 -1.437705 -1.931870 -0.740207 -0.783033 -0.414504 -1.346380 -1.197842 -0.345926 -0.714044 -1.898973 
192837465
14
-0.913868 -0.492832 -0.078848 -1.255870 -1.718703 -1.974260 -3.552069 -7.653708 -5.513413 -4.114296 -1.260614 -1.334332 -0.322382 -1.190621 -1.101287 -0.340907 0.253021 0.269861 0.055386 0.460906 0.239968 1.221972 0.807449 1.061289 1.445449 0.503664 0.963380 0.419041 -0.383288 -0.404121 -1.183323 -1.378343 -1.528215 -2.784055 -2.692222 -3.168722 -1.383596 -1.028592 -0.220074 0.762978 0.291331 0.879029 1.671431 1.675636 1.827285 2.152949 2.290167 1.901679 2.820671 2.349394 1.592492 1.270746 1.091477 0.947716 0.435980 0.417967 0.733844 0.940370 0.915378 1.086882 0.720276 0.258431 0.293154 -0.577676 -1.936121 -1.662815 -1.551155 -0.830640 -0.757682 -3.337129 -3.268221 -2.206378 -2.242565 -2.759744 -3.611622 -3.764026 -2.676166 -2.036361 -1.325365 -0.536654 -0.352741 -0.302231 -0.688830 -1.162401 -1.315082 -1.198714 -0.994095 -0.021181 0.486451 1.051240 0.590496 0.305703 -0.315355 -0.734069 -1.377000 -2.222981 -2.850398 -1.313227 -1.990440 -2.834647 -1.455658 -0.559009 0.641643 0.155391 0.382293 -0.009494 -0.324801 -1.281410 -1.022571 -1.385049 -2.188869 -1.624724 -1.116943 -0.223248 0.204043 0.201868 0.375866 0.230715 -0.606866 -0.653218 
192837465
15
-3.033697 -1.891194 -0.813774 -1.922187 -2.393244 -2.261613 -2.083357 -2.217485 -2.406840 -0.945822 -1.974579 -0.954793 -0.672865 -0.305965 -0.010903 -0.649983 0.587237 0.884853 -0.169616 0.116086 0.698708 0.571682 0.956433 0.650238 0.668708 1.269934 1.573343 0.652309 0.196559 -0.153902 -0.155797 -2.461885 -1.795196 -2.012978 -2.150229 -2.798705 -1.906409 -1.015225 -0.094476 0.293272 -0.309721 -0.321827 1.347095 1.557745 2.290018 2.213161 1.978834 2.471732 2.137996 1.090240 0.929894 0.127085 0.275404 0.845744 -0.291054 0.193536 0.301875 0.111510 0.332060 -0.029759 -0.804985 -1.011659 -1.706106 -2.352448 -2.006567 -1.565067 -2.520950 -2.163265 -2.111236 -2.416179 -2.283261 -1.895629 -3.127766 -2.334622 -2.205461 -1.960429 -1.301241 -1.685143 -0.137311 -1.057740 -0.810647 -0.514419 -0.465474 -1.275788 -0.831501 -0.778280 -0.113463 0.279271 0.810021 0.383947 0.462962 -0.325961 -0.363852 -0.782710 -1.524688 -2.144238 -1.790569 -1.621742 -1.138486 -0.977964 -1.671500 -2.293570 -0.772172 -0.720425 -1.723149 -1.538051 -1.839848 -1.291915 -1.253633 -1.185160 -1.449543 -0.334578 -0.914622 0.236284 0.151078 -0.291175 0.406845 0.503248 0.383137 0.543080 
192837465
