1200.000000
160.000000
120
16
1
0.500000
2
2
0
1.648697 1.992704 1.744086 1.362554 0.602568 1.482372 1.679692 1.007471 1.257020 2.043834 0.703396 1.057454 1.359859 0.499854 1.317964 0.745786 1.454932 0.511798 1.224905 0.803694 0.569224 1.257080 1.734073 2.945741 2.505493 1.914072 1.721548 1.493643 0.733338 1.175314 -0.002901 0.325811 -0.688218 0.312787 1.033856 1.413513 1.054569 0.997016 -0.926040 -0.464377 1.100241 2.135287 1.795595 1.869364 1.854832 1.455048 0.201918 0.278065 -0.770317 0.047446 -1.259497 -1.517991 -0.839466 -0.173871 0.476940 0.962523 1.011032 0.086118 0.026311 0.572735 -0.710388 -0.414106 0.237842 0.626563 1.445738 0.525742 -0.514801 -0.168103 0.453437 0.713980 0.284888 0.804832 0.793029 -0.720900 -0.350911 0.599358 0.838560 0.189821 0.722297 -0.080883 1.287599 0.429665 0.518801 -0.178525 0.946916 1.796821 1.387712 1.844064 1.752194 0.691589 0.732717 1.174108 1.017766 1.086451 1.236614 2.015009 1.629108 1.368904 0.348993 -0.100581 1.117790 0.204639 1.186734 -0.281136 0.178356 0.905613 1.482522 1.221962 1.650119 1.049211 -0.449460 0.490646 1.155517 1.371912 1.633978 0.821516 0.451718 0.780328 1.186859 0.792947 
192837465
1
0.821479 1.797573 1.685822 0.796120 1.284078 0.589449 0.773447 1.654655 0.533883 0.882016 0.527881 0.245964 0.389222 -0.205064 -0.461656 0.871278 1.283818 1.142045 0.964509 1.458908 1.417438 1.100503 1.584264 1.604401 0.501025 1.864080 0.240243 0.266573 0.854686 0.857522 0.353546 -0.290394 0.477814 0.925311 0.849790 1.131772 0.678022 0.416312 1.059659 1.298987 1.291596 1.069469 1.595197 1.569136 1.527031 1.194414 0.883553 -1.737743 -1.252541 -0.944024 -0.851755 -1.664253 -1.442242 -1.323988 0.066635 0.663417 0.032223 0.343187 -0.009811 -0.089000 -0.748452 -1.431805 -1.731870 -1.072821 -0.053572 -0.680838 -0.458694 -0.971471 -0.819101 0.035790 0.179570 -0.262853 -0.776219 -0.266338 -1.204413 0.131088 0.378734 0.329040 0.097001 -0.006146 1.033935 1.025803 1.379669 0.671530 0.931252 0.376280 2.066010 1.971666 1.133321 -0.153260 0.036118 -0.152935 1.100796 0.564915 -0.042476 0.842505 1.044113 0.139848 -0.506441 0.325467 -0.041272 0.508041 1.942714 1.676428 1.732448 0.827675 1.232025 2.161837 2.205944 1.708622 0.970856 1.068610 0.269884 0.288690 -0.362833 -0.732039 -0.858563 0.227646 0.252274 0.415771 
192837465
2
0.568640 1.260470 1.200709 1.654712 0.851735 -0.138827 1.032706 0.828739 1.365781 1.420034 0.581506 0.621057 -0.087917 -1.461052 -1.691248 -0.294656 1.375633 1.132366 1.222489 1.663985 0.480719 0.127277 -0.492170 -0.097896 0.529689 0.775955 0.757767 0.778937 -0.099952 0.004776 -0.610565 0.598864 -0.398300 -0.891245 -0.007894 0.064084 -0.315648 0.399109 1.354177 1.040460 0.281815 1.473696 1.487049 1.560999 0.696733 0.369432 -1.063618 -0.103722 -1.305119 -0.500832 -0.822617 -0.911446 -0.895929 -0.881543 0.086954 1.042475 -0.501574 -0.541818 -0.088089 -0.363235 -0.430034 -1.463073 -1.737827 -1.157892 -0.963987 -0.058091 -1.237495 -1.294280 -0.840756 -1.398517 -0.827520 -1.088116 -2.709563 -2.824936 -1.047704 -1.816989 -3.325882 -1.982261 -0.402907 -2.093632 0.076973 -0.247726 -0.930895 -0.070936 0.107875 0.520300 0.332456 0.725259 0.590356 0.247710 -1.161127 -0.391458 -0.985800 -0.043629 -0.844922 -0.259211 -1.423855 -2.102674 -1.977209 -0.350070 -0.624958 -0.515561 0.986395 2.540398 1.794844 1.833997 1.703155 2.134304 0.729100 0.729826 0.483407 -1.093499 0.052295 -0.310977 -0.942658 -0.121932 -0.281199 -0.359849 0.370545 -0.538825 
192837465
3
0.788800 -1.161289 -0.439449 0.119515 0.156293 1.837656 1.888485 1.382227 1.361299 1.306464 0.397473 0.056429 -0.379427 -0.152852 0.656141 0.790779 0.951658 0.889866 0.614065 0.185243 -0.048100 -0.735723 -1.155226 -1.425329 0.257693 0.044398 -1.240153 -1.866273 -0.720494 -1.473773 -0.815588 -0.289745 -1.039521 -0.900334 0.404619 0.886339 -0.099782 0.365443 0.383708 0.700722 -0.160652 -0.604236 -0.713091 0.621610 0.171264 1.255948 -0.024934 -0.067184 -0.486703 -1.022702 -0.433590 -0.720341 -1.056109 -0.004593 -0.701708 -1.591921 -2.240443 -1.477552 -1.238780 -0.974356 -0.666248 -1.044177 -1.062773 -2.344057 -1.470109 -1.352682 -1.828761 -1.492352 -1.195644 -2.150971 -2.069331 -2.351253 -1.920999 -2.149150 -1.734937 -3.621289 -3.774281 -2.349659 -1.558037 -1.510940 -1.794469 -0.960484 0.280994 -0.757243 -0.580706 -0.673684 -0.251951 0.429720 0.468368 -1.121165 -0.460467 -0.855891 -1.207774 -1.447922 -1.311563 -1.129526 -0.894898 -1.443461 -0.917559 -0.683096 -0.442597 -0.533590 0.984581 0.472757 1.085893 0.602484 1.802335 1.008355 1.480201 0.980943 -0.393696 -0.310457 0.333153 -0.472523 -2.453693 0.120532 -0.260087 -1.222765 -0.469117 -0.610394 
192837465
4
0.474943 -0.064107 0.538523 0.793102 1.704705 1.155552 1.390905 1.734705 1.395752 1.336375 0.572122 -0.333975 0.722360 0.861460 0.414392 1.108430 0.705530 0.193348 -1.052223 -0.938378 -1.140053 -1.402467 -2.610365 -2.747011 -1.701409 -1.727468 -2.434626 -4.602322 -3.903880 -3.374452 -4.088741 -2.356763 -1.967823 -0.641497 0.323663 1.133361 -0.375916 -0.574461 0.770020 0.968089 0.345900 1.589522 1.907632 1.267695 0.571866 0.392875 0.585967 0.481134 0.117769 0.121346 0.599517 -0.582600 0.370091 -0.749009 -0.804091 -2.079039 -2.277535 -0.810866 -1.942588 -1.766539 -0.930551 -0.801198 -0.900770 -0.255515 0.298311 -0.939790 -1.520491 -2.428459 -3.693358 -2.457479 -1.017917 -2.148982 -1.847229 -1.615802 -2.157655 -2.783714 -2.322039 -0.713223 -1.948536 -1.932420 -0.235571 -0.585999 -1.370307 -1.104623 -0.532834 -0.505354 0.585446 0.811084 0.593165 0.920738 0.111705 -0.196950 -0.449588 -1.306122 -2.254428 -2.090450 -1.259380 -1.312450 -1.212815 -0.158669 -0.658627 -0.860576 0.882770 -0.089841 2.077816 1.932174 1.250646 1.690610 1.497703 0.835067 0.324761 0.730712 0.727559 0.641087 0.454668 -0.065505 0.178122 -0.981902 -2.176649 -1.317431 
192837465
5
-1.620911 -1.546208 -1.021250 -0.205638 1.247702 -0.441991 0.336098 0.634275 0.918528 1.085981 0.968418 0.203719 1.068756 0.898517 1.052632 0.092432 -1.328251 -1.920341 -2.530769 -1.499028 -1.449695 -2.227687 -0.744713 -1.542913 -2.645230 -1.467890 -2.395554 -3.528491 -2.886627 -1.065007 -1.275075 -0.801823 -0.196789 -0.413568 0.163104 0.341953 0.179987 0.209189 0.771672 1.167620 0.877825 -0.621901 0.384038 1.411832 0.652199 0.705351 1.416159 0.552572 0.604069 0.799201 1.634780 1.304807 0.584735 -0.239431 -0.580284 -0.360242 -0.667947 -0.241028 0.487332 -0.914717 0.132789 -0.532226 0.455782 0.049528 0.695150 0.385737 -0.802757 -2.548357 -2.822293 -3.099178 -3.283641 -1.738111 -2.335547 -0.729122 -1.190499 -1.933405 -4.244085 -1.748445 -0.982287 -1.347673 -0.853220 -2.445163 -0.467758 -1.088691 0.222374 0.327708 0.987013 -0.170756 -0.347965 0.173901 0.007738 -0.971648 -2.155116 -0.524252 -0.364222 0.187415 -0.172088 -0.231805 -0.574293 -0.029383 -1.699015 -1.299140 1.346128 0.536159 1.043377 0.529099 0.615714 0.234591 0.132414 -0.114548 0.736719 0.303150 1.532806 1.121276 0.968197 -0.325744 -1.639956 -3.026239 -2.035145 -0.420536 
192837465
6
-0.091238 0.925864 1.265249 -0.557959 0.323120 1.057815 0.227494 0.807971 1.540582 1.167183 0.403954 0.711416 -0.357269 -1.091153 -0.232616 -0.788346 -1.966599 -2.935124 -5.566876 -4.660172 -3.715168 -3.508751 -1.714087 0.045339 0.037011 -1.123035 -0.275105 -0.786097 -0.052600 0.320693 0.471076 0.930933 0.632283 0.971059 0.723776 -0.562141 -0.232899 1.149800 1.804518 0.508566 -0.263385 -0.003388 0.643771 0.760738 0.491818 0.254660 0.249685 0.903253 -0.017802 0.800956 0.380365 0.616429 0.771939 1.377141 1.841684 1.243210 -0.302492 0.264289 0.460351 0.331634 0.528023 0.887427 0.670841 0.489210 1.240204 0.654941 -0.770073 -1.446218 -3.047752 -3.150606 -0.488771 -0.989106 -0.570913 0.806199 0.015644 -0.134188 -0.379465 -1.069228 -1.759495 -1.555521 -0.262620 -0.586817 -2.339351 -0.643937 -0.357712 -1.105017 -2.523364 -2.526565 -1.926684 -0.293967 -0.517378 -0.187895 -0.167601 0.262276 0.935997 0.202927 0.546620 0.964975 0.088556 0.566597 0.293861 0.468574 -1.415333 -2.085460 -2.988996 -1.798217 -1.525781 -1.009695 -0.905032 -0.103482 -0.033310 0.401756 0.022247 0.102093 0.595733 0.287575 -1.294032 -0.174254 -1.276262 -4.025995 
192837465
7
-0.284326 0.372653 -0.361769 0.996987 1.018889 0.478111 1.176293 0.766185 1.356285 0.992847 1.012300 1.525604 0.134996 -0.387551 -1.129765 -1.465910 -2.276277 -2.529011 -2.078730 -2.202730 -2.660959 -2.815945 -1.676864 -0.713161 -1.464136 -1.647192 -1.377106 -1.602842 -0.272066 -0.105181 1.669938 2.142219 1.786836 1.419511 -0.380259 0.600571 0.652831 0.424866 1.074731 1.895703 0.274402 -1.079308 -2.054007 -1.850631 -1.521204 -0.747481 -1.433489 0.002754 -2.219528 -1.420208 -1.092148 0.698080 1.072147 0.698206 1.059208 1.634944 0.554713 -0.156128 0.913729 1.127252 1.245236 1.597083 2.645726 1.895814 0.663825 0.748895 -0.000790 0.652635 0.501132 -0.285164 0.009733 -1.211255 -1.614673 0.767889 -0.436154 -2.054170 -0.554533 0.085416 0.208313 0.200732 0.068598 -0.963496 -1.439287 -0.705649 -0.039438 0.196794 -0.433103 -0.024442 -0.015234 0.761023 -0.211623 -0.306402 0.517889 0.418813 -0.245589 -0.061998 0.825786 0.028759 0.245678 1.936386 1.589483 0.896978 1.248154 -0.829865 -1.864806 -2.211188 -2.822588 -0.511963 0.128226 -0.457240 0.255248 0.233450 0.109753 -1.953287 -2.517297 -1.482535 -1.073897 -0.187396 -1.265823 -1.325337 
192837465
8
-0.637274 -0.483236 -0.171379 -0.025018 0.705120 1.168735 1.324306 1.418680 -0.642990 -0.701800 -0.934721 0.312642 -0.447398 -1.707237 -1.533651 -2.764215 -3.239338 -3.763826 -4.701651 -3.821947 -3.914060 -3.862681 -0.550517 -1.253906 -0.677811 -2.903337 -0.518112 -1.009827 0.395411 1.058548 1.099922 1.740354 1.213508 0.257682 -0.172330 0.976862 1.031312 1.191464 0.921199 1.369848 -0.157707 -0.329890 -0.732559 -3.169371 -0.865691 -2.448473 -2.692858 -0.989824 -0.809522 0.334867 -0.145105 -0.209319 0.143327 1.320374 1.457041 0.578605 0.099614 -0.506862 1.646753 1.975047 1.200757 1.067540 0.627847 0.742061 0.759395 0.912941 0.915755 0.968923 0.199879 0.549079 0.685055 0.291008 0.974848 -0.046627 0.159732 0.028111 0.053511 0.723223 -0.342636 -2.285890 -1.812971 -0.930670 -0.842943 0.498771 0.169020 -1.414016 -0.750554 -0.767966 0.079669 -0.322189 0.640353 0.478956 1.206163 1.358751 0.439475 0.605788 -0.038005 0.172288 1.716056 2.022285 1.380886 0.687835 0.660298 1.125182 0.284529 -0.893179 -0.741021 -0.894577 -0.395283 0.202621 0.255638 -0.851502 -1.687337 -3.821822 -2.630922 -2.050422 -1.349905 -1.666401 -1.840335 -1.727434 
192837465
9
-1.047488 -1.764230 -1.073195 0.760054 1.590023 0.864646 0.948002 0.354737 0.687649 0.230664 -0.813877 -1.287766 -0.935417 -3.069699 -4.401064 -4.397105 -5.633668 -3.658276 -2.061296 -2.138461 -2.883082 -3.229969 -3.298987 -1.068096 -0.964849 0.102893 0.436132 0.312625 0.530376 0.354362 0.980675 1.247563 0.931870 0.399822 0.577035 0.650920 1.446621 1.505223 1.829783 0.706119 -0.686258 -0.249042 -1.137681 -1.353469 -0.704457 -1.320848 -1.196154 -0.638296 0.970228 0.460529 1.056843 -0.306863 0.788994 0.491282 0.795157 -0.234315 0.402226 0.449834 1.018185 1.607527 1.066677 1.104098 1.354963 0.759064 0.006526 0.824684 0.008261 -0.283257 1.314142 0.763642 0.509041 1.873147 2.009474 1.424236 1.090554 0.116290 0.933146 -0.043056 -0.758452 -3.683843 -3.660030 -1.968618 -0.022080 0.079158 -0.162943 -0.689901 -0.218576 0.682594 0.585115 0.008907 0.562689 0.079951 0.501132 0.968575 1.199721 1.562861 1.571652 2.390732 2.838277 3.076243 2.289326 2.032597 1.727237 1.100934 -0.559556 0.776278 0.738751 0.948085 0.510414 -1.447199 -1.047113 -0.536265 -1.224271 -2.105010 -1.340330 -0.631056 -0.016605 -1.023996 -0.306683 -1.150115 
192837465
10
0.564950 0.729839 0.062757 0.157582 1.109301 0.614370 -0.610565 -0.138568 -0.706843 -1.179141 -0.731716 -0.507379 -0.975296 -1.725994 -2.472191 -6.152927 -4.255902 -4.862060 -4.561800 -3.326313 -1.990918 -1.150970 -0.125522 -1.353196 -1.463322 -0.306665 0.075812 -0.009132 0.918902 0.754697 0.195942 -0.166721 0.392325 -0.173535 1.222820 1.203187 1.408315 1.128132 -0.019841 0.963003 0.191002 -0.252768 -0.952141 -0.728993 -1.438386 -1.813796 -0.542833 0.009781 -0.840594 -0.103444 -0.334999 -0.032542 0.675859 0.411487 0.727428 -1.543578 -0.013421 0.341058 1.046255 1.191908 1.494372 1.091365 1.373040 1.307984 1.424725 1.276873 0.590548 0.696360 0.053365 0.629025 1.583531 1.762913 1.753422 1.697305 0.597810 0.160235 0.233167 -0.419796 -0.397807 -2.416502 -1.568444 -2.633153 -0.837929 -0.964002 0.075726 2.070192 1.896223 1.356856 0.516103 0.816249 -0.061503 -0.269857 -1.495677 -0.760375 -0.422685 0.583342 2.058758 2.796744 2.747691 2.983396 2.805733 2.239712 0.877581 1.595700 0.214337 0.635025 0.352246 -1.185963 -1.346746 -0.517896 -0.410974 -0.054177 0.083065 -0.178294 -0.074488 -0.261193 0.205184 -0.382116 -0.915135 -0.402107 
192837465
11
-0.745899 -0.630746 -0.966396 -0.707848 0.004086 -0.347456 -0.533490 -0.457780 -0.503620 -0.037330 -0.172928 -0.600475 -0.812647 -2.784951 -1.410276 -3.926145 -3.285083 -3.491518 -1.604099 -0.622980 -1.023254 -0.024427 -0.203664 -1.141179 -1.240388 -1.110193 -0.851419 -0.366452 -0.860395 0.303256 0.277089 -0.118014 -0.392305 -0.455515 -1.074483 -0.636184 0.104777 -0.019180 0.068855 0.039412 -0.222464 -0.224286 -0.522319 -0.689366 -1.721133 -1.021652 -0.369684 0.338348 0.273689 0.258628 0.361199 -0.115694 -0.268476 0.023047 -0.538432 0.028142 1.175234 1.170588 1.731179 1.441938 1.434593 0.712090 0.449997 1.307358 0.669324 0.315032 1.597937 1.308670 0.940516 1.005689 0.642314 0.761868 0.815730 -0.689964 0.028315 -0.987335 -2.255016 -1.474219 -1.324970 -1.909272 -0.526134 -0.058206 -1.010227 0.218923 0.277112 -0.005305 0.930965 0.766366 -0.310165 -0.122835 -0.869888 -0.452712 -1.057998 -0.573632 0.456599 0.245458 0.652691 1.222036 2.889715 2.368566 1.942228 1.686029 0.535295 0.860517 0.403546 0.650503 0.172580 0.098950 -0.023235 0.053857 0.180030 0.540985 0.263267 0.385459 -0.261820 0.110239 -0.073203 -0.064079 -0.819240 -0.273831 
192837465
12
-0.870580 -1.203044 -0.185045 -3.553658 -3.719439 -1.634018 -0.067122 0.548697 0.631781 0.863519 1.131586 0.589080 -0.155839 -0.269158 -0.450385 -1.591750 -1.631222 -0.439305 -0.900418 -1.622316 -1.731419 -0.632466 -1.149138 -2.650591 -1.227254 -1.056314 -1.838112 -0.878212 -2.186736 -1.132803 -1.062398 -1.233430 -0.398401 0.219489 -1.512406 -2.314887 -0.518729 0.534889 -0.810439 -0.892113 -1.578129 -0.320215 -1.495987 -0.739692 0.125570 0.063597 -0.416055 0.236387 -0.500128 -0.205445 0.316008 -0.981396 -1.497113 -1.147598 -0.711336 0.656186 1.292153 1.568224 2.023728 1.640974 0.969110 1.516814 0.297707 1.166130 0.982043 1.731211 0.994451 0.694826 0.712352 1.635863 1.351242 1.362832 1.265947 0.889587 0.120765 0.583136 0.159360 0.243434 0.019859 -0.510367 -0.943009 -0.599855 0.179729 -0.269888 -1.008563 -0.471559 0.351545 0.196506 0.225189 -0.287183 -1.041867 -0.469367 -0.928515 -1.580806 0.062652 -0.722798 1.041228 1.665428 0.840279 1.365630 0.544535 0.727960 -0.079877 -0.612795 0.561254 0.777585 0.395774 -0.064930 0.197469 -1.064761 -0.900574 -0.557656 0.767398 0.756601 -0.539144 -1.240513 0.145157 0.721751 1.244666 0.236422 
192837465
13
-0.341974 -0.856295 -2.179321 -1.029556 -0.760514 -0.144205 0.811611 0.475298 0.608460 0.872624 1.035051 -0.184775 0.146535 1.866212 0.250942 0.432462 -0.982776 -1.464397 -2.033322 -0.979640 -0.609957 -0.510973 -1.145307 -0.485863 -1.252821 -2.200841 -2.237115 -2.463758 -2.138960 -2.967009 -2.418094 -1.220397 -0.457883 -1.566787 -3.633480 -0.716306 0.158279 -2.099508 -1.527662 -2.719324 -2.412254 -2.360402 -0.573774 0.218048 1.230019 -0.405624 0.212028 -0.538685 -0.353317 -0.743420 -1.273188 -2.019864 -1.863789 -1.741009 -0.174468 0.759182 1.623681 1.869326 1.554874 1.879823 1.709330 1.130672 0.774154 0.032020 1.254036 2.014854 2.095987 1.824974 1.332262 1.218322 0.971108 0.873848 1.272906 0.139454 0.265684 1.492300 0.730488 -0.095836 -0.439107 -0.131614 -0.689528 -0.307725 0.054936 -0.315518 0.475144 -1.238824 -0.306045 0.012096 -1.555296 -2.184276 -2.487192 -0.869834 -1.059821 -0.913028 -0.210358 0.201863 0.072531 0.053339 -0.214978 -0.441342 -0.355763 0.057758 -0.630958 -0.683532 -0.907847 -1.027376 -1.243299 -2.024443 -0.092760 0.765569 -0.833452 -1.503286 0.303582 0.235905 -0.921702 -3.227883 -1.574173 -0.533819 -0.091862 -0.072609 
192837465
14
-0.389675 -0.456633 -2.202802 -2.873784 -1.877374 0.538507 0.670060 1.519981 0.439656 0.833446 1.372461 0.546920 -0.155942 0.557732 0.000195 0.310147 1.105187 -0.227657 -0.432520 -0.827061 -0.492484 -1.064378 -2.058003 -1.067608 -1.065132 -3.625061 -4.262934 -5.175679 -3.792557 -3.725608 -2.849703 -2.224445 -0.844445 -1.776918 -0.812451 -0.566036 -0.919413 -2.092347 -1.169990 -1.393348 -1.659578 -1.152710 -0.735991 1.673923 1.689929 0.890358 0.131274 0.113204 -0.259966 -0.809555 -0.530353 -2.876878 -2.442887 -0.730679 0.701038 1.840214 1.907599 1.806349 2.088516 1.736261 1.719030 1.325617 0.261636 0.475767 0.713496 1.444470 1.886581 1.870735 2.129047 1.917939 1.036344 1.613070 0.735579 -0.469896 -1.352325 -0.705295 -0.679165 -1.066186 -0.330920 -0.697302 -0.718046 0.122926 0.108750 -0.568979 0.381788 0.388152 0.880885 0.541468 -1.095313 -0.687188 -0.725187 -0.930731 -1.350356 -0.563596 0.598808 -0.877632 0.192709 -0.971310 -0.778967 -0.759058 -1.464960 -0.879444 -1.745175 -2.743033 -0.577557 -1.385307 -1.000675 -1.117470 -0.762961 -0.110245 -1.015034 -0.371584 -0.053228 -0.642950 -0.697941 -0.709500 -1.392835 -0.606443 0.010737 0.564710 
192837465
15
-0.482999 -0.443241 0.463271 1.202568 0.336488 0.373184 0.349415 -0.568857 -0.009145 -0.155693 0.083531 1.020864 1.758094 1.299499 0.444190 0.335316 0.798685 -0.528419 0.066511 0.029456 -2.353058 -3.044396 -3.831078 -1.764654 -0.705949 -2.620334 -1.522350 -2.413623 -1.614616 -2.200216 -1.090257 0.210416 -0.151194 0.523456 0.768258 -0.748454 -2.260290 -2.663840 -1.123731 0.694477 0.001482 0.805368 0.384215 -0.652190 -0.581415 -0.352676 0.991491 1.465740 0.347670 0.412527 0.364204 -0.473575 -2.093597 -0.208382 0.059393 0.602557 1.972945 2.457670 2.521252 2.681102 1.800165 0.813897 1.239738 1.225872 1.608876 0.716509 1.529740 1.944193 2.394931 2.330188 1.327052 0.387417 0.463916 0.254963 -1.583081 -1.395679 -1.206409 0.150829 0.368763 -1.373162 -0.321279 0.540625 0.568183 0.575783 0.215804 1.488883 1.121924 0.554467 -0.274570 -0.476565 0.570956 0.587466 0.365082 -0.239634 0.502513 -0.182854 -2.207295 -2.042084 -1.513787 -1.202616 -0.317194 -0.845995 -1.095053 -1.481319 -2.035280 -2.952939 -1.492091 -0.419940 -0.905351 -0.247109 -1.388031 -1.933114 -0.952807 -0.931873 -2.211919 -5.516892 -4.877719 -0.728925 -1.342846 -0.868636 
192837465
