1200.000000
160.000000
120
16
1
0.500000
2
2
0
-2.025509 -3.120897 -1.424789 -0.559275 -1.261711 -0.800218 -0.448229 0.856041 -0.163999 -1.571265 -1.799557 -1.676818 -2.221175 -1.793878 -0.879974 -0.111424 -0.230723 -0.932043 -1.790406 -1.170772 -1.550071 -1.479327 -1.957661 -1.357985 -0.632640 0.251552 0.635808 0.237175 -1.273132 -0.485740 -0.637004 -2.331562 -2.238763 -1.953684 -0.922017 -1.252764 -1.960988 -1.280691 -1.354292 -1.212757 -0.557314 -0.583062 -0.705233 -0.742863 0.301201 0.076382 -0.039557 -0.049348 -1.161097 -0.793604 -0.079735 0.422154 0.250602 0.664394 1.070387 0.818703 0.843958 0.488538 0.682246 0.251671 0.423817 1.044769 0.779740 0.791850 -0.380183 -0.386799 -1.386204 -0.558143 0.010681 0.826353 1.107908 1.394577 0.625467 0.632936 0.693032 1.113858 -0.482187 -0.428996 -0.763651 -1.161023 -2.777082 -1.300500 -0.676266 -0.844569 -1.484636 -0.268629 -0.411283 -0.139408 -0.554270 -1.128190 -0.824902 0.237927 0.451885 0.066662 0.072790 1.128759 0.984530 0.137979 0.201269 -1.235503 -1.127992 -0.156451 -0.832992 -0.370444 -1.865545 -1.563860 -1.665967 -1.670215 -1.249271 -1.074858 -0.665902 -0.259042 -0.699501 -1.485277 -1.949926 -1.917476 -3.593748 -2.298731 -1.873484 -1.660399 
192837465
1
-0.572719 -1.414477 -2.840388 -2.246184 -2.550255 -0.771456 -1.052824 0.652136 -0.621534 -0.420709 -0.845504 -0.979272 -1.355108 -1.805650 -0.575119 0.150407 -0.773200 -0.861260 -0.595871 -0.251133 -0.379187 -1.143272 0.293105 0.263743 0.226457 0.353379 -0.283971 -0.405820 -1.220544 -3.946318 -2.774808 -3.634407 -2.441665 -5.251898 -2.846770 -2.445445 -3.521950 -2.543635 -1.124796 -1.361096 0.242929 -0.206527 -1.424415 -1.121907 -1.099538 -0.260585 -0.172822 -1.307006 -0.742535 -0.649191 -0.050976 0.317537 1.104748 0.818011 0.652633 0.089016 0.154598 -0.050786 -1.085708 0.383092 -0.220543 0.107218 -1.680502 -1.620448 -0.923027 -0.906384 -0.606789 -0.050444 0.015916 0.462570 1.477126 1.866102 1.110121 1.054403 -0.096309 1.174732 1.225340 0.574677 0.226805 -0.919461 -0.722261 -0.934289 -0.559302 -0.448556 -0.855565 -0.485405 0.028107 -0.326963 -0.408130 -0.456048 -1.078297 -0.794103 0.191905 -0.054715 -0.738122 0.243089 0.651336 0.859177 1.050745 0.569629 -0.485189 -1.377718 -0.002100 -0.897033 -1.609474 -1.858071 -1.338973 -1.222786 -2.039109 -1.333486 -0.972160 -1.131930 -0.958713 -2.103434 -4.078924 -2.755980 -2.141355 -2.760918 -2.187257 -0.722811 
192837465
2
-0.810742 -1.691950 -3.452924 -1.483721 -1.092204 -1.471509 -0.863555 -1.001690 -1.718045 -0.793881 -0.579800 -1.061684 -0.234956 -0.053272 -1.132340 -0.782670 -0.396140 -0.118145 -0.085576 -0.450241 -0.567875 -0.051526 0.887421 0.446941 0.817470 0.699186 0.026029 -0.513161 -0.902524 -0.404678 -1.023668 -1.375991 -1.624730 -3.067938 -2.623205 -2.865249 -4.287206 -5.710727 -4.477172 -1.202592 -0.460680 -0.515602 -1.070521 -1.083657 -0.689719 -1.065810 -0.139029 -0.793419 -0.877027 -0.231520 -0.306888 0.341428 0.696293 0.740684 0.082726 0.051455 -0.468357 0.653357 -0.027733 -0.744109 -0.167493 -0.700492 -0.632126 -1.443197 -0.585514 0.242217 -0.244422 0.411043 1.173479 1.348611 2.081943 1.891439 1.843629 0.403977 0.290985 -0.053151 0.809965 0.357435 0.294116 -0.391552 0.140966 0.507743 0.367631 0.677700 0.128447 -0.453147 -0.269697 0.272179 0.085211 0.149770 0.343603 0.646147 1.071416 -0.677850 -1.435809 -0.376748 0.854017 0.857394 0.910465 0.944945 0.404928 0.994789 0.083446 -0.896273 -0.555553 -0.977143 -0.544512 -0.877946 -0.982519 -1.028640 -0.910773 -1.073443 -1.434374 -1.308101 -1.412336 -1.260047 -1.439964 -0.312032 -0.686920 -0.119484 
192837465
3
-1.203171 -3.356853 -3.140333 -3.190551 -1.794060 -1.213284 -0.445960 -0.438944 -0.073545 -0.701640 -0.686920 -0.734002 -0.985840 -1.166710 -1.185265 -1.510467 -0.754338 -0.383965 -0.639721 0.951501 0.668778 0.993463 1.567503 1.472796 1.424350 0.668185 0.482322 -0.748109 -2.036729 -1.636761 -2.144102 -1.339179 -1.855338 -2.046584 -2.915761 -2.708731 -3.621287 -3.885176 -4.090072 -3.259704 -2.891062 -2.304565 -1.988979 -2.198806 -1.191631 -0.993680 -0.603902 -0.536723 -0.086334 0.875372 -0.236294 0.739522 1.274442 1.760111 0.956603 1.343430 1.465581 0.732656 0.500127 0.386541 -0.001690 -1.151211 -1.956162 -1.852914 -1.105578 -0.261616 0.599803 1.001515 1.658715 2.102953 1.879153 0.443426 0.536585 -0.104007 0.062754 0.755064 0.567674 0.782031 0.373679 0.755772 1.332318 0.451257 1.062336 0.696821 0.350774 -0.387577 -0.051676 0.138122 -0.008387 0.907542 1.079602 0.296741 0.447473 0.229354 -0.121506 0.696472 0.845001 -0.301159 -0.538304 0.212776 1.320882 1.093013 0.306923 -0.419779 0.160769 -0.276768 -0.608542 -0.376233 -0.893619 -0.981265 -0.878841 -1.166448 0.275909 1.142433 0.516286 0.590153 0.266067 0.978389 0.374087 0.937532 
192837465
4
-1.192125 -1.328974 -3.478618 -2.355687 -2.058936 -0.713960 -0.217649 -0.131176 -0.149749 -0.109157 -0.003778 -1.457028 -0.717267 -0.942947 -1.763438 -1.525739 -0.753521 -1.380864 -0.813005 0.398822 0.450843 0.946126 0.280031 0.262344 0.780509 -0.608600 -1.077419 -1.251363 -1.670540 -4.839825 -3.235807 -1.657299 -3.436604 -3.020753 -2.456665 -2.530548 -1.726743 -3.039600 -2.583304 -2.175618 -2.130913 -0.706036 -1.260141 -0.654658 -0.759168 -0.094450 -0.455862 -0.479327 0.380958 0.052908 0.858509 1.268579 1.594454 1.826833 1.648695 1.940052 1.220245 1.190726 1.168661 0.543561 -0.621913 -0.443431 -0.995849 -0.740689 0.113924 0.685396 1.597956 1.886831 1.323583 1.314393 1.363971 0.847674 1.351166 1.353043 0.543274 -1.025355 -0.847041 -0.268296 -0.244137 -0.586712 0.729946 0.529610 0.336199 -1.216594 -1.247399 -0.102989 -1.104278 -0.348538 0.455202 0.266666 -0.071873 0.010990 0.492487 0.949170 0.311684 0.536749 0.282076 0.166480 -0.272616 -0.327555 -0.093426 0.492673 -0.668681 -0.408034 -0.483406 -0.275025 -0.001977 -0.833623 -0.369800 -0.873852 -2.136131 -1.485488 -0.664213 -0.246848 0.421474 0.432405 0.060873 1.243544 1.103490 2.015070 
192837465
5
-0.568301 -1.088274 -1.471189 -2.697905 -0.923952 0.109498 -1.052288 -0.118175 0.085283 -0.147990 0.949154 0.676534 0.493835 -0.699681 -1.368268 -1.425932 -0.391724 0.558658 0.710165 0.920226 0.898749 0.382579 1.091804 1.013171 -0.075421 -0.128030 -2.186634 -3.301580 -3.694140 -6.064611 -3.702723 -3.187100 -2.645605 -2.856504 -2.571985 -2.898127 -1.690122 -1.109475 -0.982963 -1.163033 -0.714110 0.110538 0.165931 -1.163247 -1.400047 -0.507818 -0.247536 0.296376 -0.052017 0.802260 0.852867 0.638678 0.722035 1.253157 1.388568 1.656827 1.189059 1.798435 0.661979 0.406903 0.547641 -0.373244 0.527526 0.329503 0.790051 1.889293 1.589385 1.909919 1.439638 1.432123 1.474085 1.210259 1.439869 1.259276 0.422945 -0.552652 -0.064947 -0.460804 0.257489 -0.173405 0.741840 0.456868 -0.025850 -0.596569 -1.987900 -2.658751 -0.399394 0.476410 0.086650 0.410550 1.880212 0.750602 0.063674 0.527074 -0.672061 -0.214226 -0.551644 0.383935 0.414361 -0.236843 -0.621183 -1.279813 -1.979411 -3.802400 -3.903443 -2.040882 -0.606246 -0.902656 -1.521996 -2.271998 -2.631322 -1.219263 -1.156343 -0.515957 -0.258788 -0.058740 -0.323339 0.235495 1.197461 1.357533 
192837465
6
-3.063669 -3.394337 -2.358716 -2.052044 -2.674253 -0.221958 -0.148387 -0.391093 0.276919 1.114272 0.724482 0.616628 1.343494 0.918360 0.925271 0.514388 -0.248117 0.620030 1.152956 1.119660 0.540850 0.794667 0.693520 0.710161 0.130973 -0.427314 -0.502151 -1.476712 -3.069424 -3.645112 -2.691773 -3.207007 -2.310083 -2.560423 -2.536154 -2.770481 -2.400379 -2.656511 -2.007533 -1.335679 -0.975378 -1.180967 -2.025511 -1.191116 -0.375490 -1.551960 -1.552866 -0.564580 0.197169 0.677158 0.630553 1.203787 -0.244695 -0.391322 0.111100 0.669200 1.245032 0.053873 0.476464 0.537716 -0.161359 0.944566 0.502739 0.695596 0.766297 0.145233 1.554395 1.960177 2.037769 2.265371 2.271889 1.104815 0.930999 0.831706 0.711435 0.330199 -0.008976 0.200498 0.043067 0.601742 0.672462 0.246985 0.406026 0.536476 -0.630686 -1.586096 -1.915359 -1.436889 -0.780615 -0.005008 0.669530 1.347940 0.699272 -0.504713 -0.871820 -0.567485 -0.974211 -0.475173 -0.448277 -1.456340 -1.468674 -1.755515 -2.203306 -2.180916 -3.223683 -2.060588 -1.031084 -1.068613 -0.656334 -0.390586 0.009376 -0.076767 -0.559834 -1.672861 -1.480853 -0.738275 0.291556 0.614924 0.574954 0.341950 
192837465
7
-6.547218 -3.931977 -4.249079 -3.195524 -3.982616 -2.629711 -1.482160 -1.257212 -1.261167 -0.709636 0.802621 0.925804 1.092709 0.950155 0.641561 0.818400 0.672841 1.093114 0.051142 1.115027 1.425220 0.611347 1.029068 0.626248 0.713670 0.411694 -1.786338 -1.381239 -2.980055 -4.168788 -2.477096 -2.502189 -2.475965 -1.673990 -1.951110 -3.928768 -2.724590 -1.690030 -0.840902 -1.604738 -0.836952 0.145149 -0.133445 -0.869853 -0.368322 -0.779531 -0.447988 0.434936 0.375223 0.748738 0.320869 1.061216 1.226494 0.471764 -0.001752 0.316539 -0.655925 -0.168806 -0.221261 -0.085230 0.630073 0.595643 0.519467 0.867045 0.107343 -0.375543 -0.324143 0.894066 1.109917 1.380293 2.044835 1.531713 1.474088 1.517235 1.770821 1.807975 1.237123 0.955472 0.436668 0.428805 0.859837 1.427267 0.841888 0.797167 -0.565576 -0.561960 -0.427153 -0.491123 -0.793766 0.426251 0.440267 0.601367 1.109693 0.827170 0.571971 0.188294 0.001801 -0.915248 -1.181411 -0.823561 -2.831528 -3.131412 -4.749323 -3.597094 -4.381569 -2.416008 -0.876482 -0.431437 -0.064870 -0.641742 0.353774 1.216934 1.093076 0.408490 0.964393 0.723979 1.166563 0.603106 0.618517 0.740283 
192837465
8
-11.863321 -2.641740 -5.555720 -5.314662 -2.052588 -0.733932 -1.319095 -1.304688 0.083602 -0.332236 -0.208134 0.257449 0.484817 -0.129508 0.309360 0.505282 0.621343 0.859013 1.008589 0.594060 1.210522 1.364650 1.388195 0.924908 1.782578 0.034110 -0.096564 -1.040236 -1.193702 -1.782326 -0.637747 -0.560769 0.027710 0.048298 -1.890898 -1.976824 -2.612414 -2.489192 -1.430639 0.234115 0.610174 -0.393651 -0.075308 -0.088339 0.110645 0.795377 0.682368 0.795224 0.832961 0.293479 -0.133933 -1.031908 -0.541261 -0.671838 -0.591349 -1.167543 -1.615397 -0.024027 0.072926 -0.091335 -0.360735 -0.604981 -0.197309 0.080899 -0.611188 -0.655641 -0.409246 0.026909 0.472303 0.487948 1.252686 0.935989 1.024595 1.403346 1.576050 1.607806 1.627359 1.938591 1.825726 1.795476 2.000659 0.848931 0.999166 1.224958 1.385349 0.857084 0.354485 0.034088 0.051393 -0.181490 0.852108 1.513215 1.216486 1.054394 1.256134 0.410873 -0.138381 -0.336687 -0.367497 0.201795 -1.221386 -2.322555 -2.217947 -2.925088 -1.869396 -1.602490 -1.488692 -0.195378 1.024544 0.699021 1.018640 0.951225 0.627560 0.729282 1.408214 1.529513 1.065011 1.235123 0.813797 0.962684 
192837465
9
-1.345361 -0.496280 -1.177091 -1.553908 -0.789601 -0.047482 0.175406 -0.251381 0.298951 -0.433003 -0.284260 -0.270213 -0.370337 0.227300 -0.204095 -0.065238 -0.284222 -0.172088 0.587088 0.450800 0.430267 1.104597 1.292581 1.810540 1.038697 0.258338 -0.134654 0.560506 -0.620181 -1.022174 -1.501670 -0.316802 0.175092 0.372323 0.296920 0.093876 -0.917204 -0.329426 0.359413 1.410996 1.489046 1.272279 0.865807 0.911926 0.893246 1.589991 1.071628 0.683349 0.965421 1.083227 -0.295801 -0.374976 -0.741293 -2.128031 -0.893782 -0.833859 -0.806645 -0.841173 -0.594097 -1.670165 -1.119861 -0.402997 -0.489424 -0.226203 -0.321697 -1.121478 -1.377554 -1.441186 -0.247030 0.450005 -0.188753 0.250924 0.393510 1.144412 1.195034 0.850379 1.028536 1.981563 2.230823 2.015165 2.226687 1.786301 1.442187 1.045530 0.880649 1.280899 0.881476 1.304711 1.084858 1.223618 0.616435 0.599003 0.169815 0.748773 1.535468 1.197979 0.861696 -0.372495 -0.290546 -0.110619 0.346083 -0.713624 -1.059864 -1.262590 -1.677592 -2.189746 -1.231866 0.003526 0.860696 0.955479 1.699732 1.595123 1.261407 1.771413 1.474484 1.085068 0.989110 1.886432 1.084743 0.603430 
192837465
10
-1.817674 -0.803394 -0.296253 0.102576 0.684858 0.356395 0.411692 -0.518839 -0.021362 -0.205705 -1.120518 -0.899294 -0.658045 -0.870726 -0.768589 -0.846159 -0.618457 0.026621 -0.644170 -0.150861 0.263197 0.712904 0.760124 0.577930 0.606344 0.206304 0.534395 0.256112 -0.165179 -0.302429 -0.227013 0.682593 0.336009 0.776220 0.958149 0.280083 0.163892 -0.063083 0.641342 0.983654 1.291145 0.684761 0.959421 0.571344 0.285576 2.089318 1.678966 1.329628 0.773318 1.108961 0.050175 -1.728083 -0.540150 -0.387238 -0.540860 -0.183742 -1.007094 -2.038145 -1.248788 -1.637410 -1.094449 -1.218086 -0.844958 -0.824450 -0.362785 -0.248283 -0.582101 -1.869666 -1.681669 0.574035 -0.393752 -0.595136 0.211177 0.723868 -0.204270 1.811542 1.446614 2.004228 2.118421 1.725255 1.366707 1.093959 1.008676 1.194295 1.643469 1.324450 0.852637 1.591420 1.770455 2.592618 1.475981 1.103924 0.742891 1.591631 1.751974 1.516655 1.530713 1.498319 1.590355 0.617296 0.424359 -0.452516 0.192310 0.912976 0.363090 0.523205 -0.316215 0.552052 2.151493 1.921168 1.164773 1.140881 1.298183 0.705085 0.635540 -0.392362 0.391617 1.257130 1.240711 1.243376 
192837465
11
-1.534478 -1.130690 -1.264567 -1.468307 -1.120327 -0.681629 -0.562037 -0.944343 -2.754095 -2.109486 -1.026728 -0.998715 -0.437631 -1.236125 -0.959881 -1.027700 -0.492905 -0.290831 0.373329 1.523910 1.884589 1.534011 0.163169 0.547130 -0.050862 0.251509 1.018563 1.034052 0.614842 1.325491 0.730513 1.814753 1.506612 1.476567 1.786930 1.028831 -0.069946 -0.539752 -0.440625 0.823885 0.629161 0.616256 -0.124072 -0.154299 0.019083 0.804449 0.960055 1.344995 1.300592 1.980231 0.827812 0.256737 -0.177514 -0.395137 0.223311 -0.036048 -0.693741 0.002735 -1.348195 -0.840581 -1.466216 -1.313758 -1.493468 -1.597486 -0.543063 -0.309247 -0.873335 -1.606714 -1.056257 -0.909133 -0.241265 0.009133 0.182919 -0.018419 1.424134 1.508652 2.705376 2.686779 2.064880 0.816535 0.933281 1.471402 1.196995 0.999887 0.173874 0.828027 0.202082 0.711768 1.428636 1.338088 1.281203 1.026489 1.600659 1.417324 1.788815 1.544613 1.519408 0.950820 1.185387 0.691355 0.264526 0.294748 0.558803 1.386271 1.556766 1.350287 1.061650 1.960586 2.558099 1.756890 1.437392 1.281421 1.315661 1.926207 1.498804 0.479949 -0.331574 0.358081 0.737840 0.977287 
192837465
12
-0.858507 -1.210516 -1.163034 -0.537264 -0.402295 -1.994950 -2.068543 -0.464627 -1.225797 -1.020988 -1.203333 -2.032304 -0.864572 -1.041676 -0.153426 -2.313418 -2.117051 -1.222124 0.405389 0.753362 0.916399 1.098578 0.460693 -0.279012 -0.844322 -0.638517 -0.057316 0.338948 0.015586 1.060066 0.647389 1.408922 2.346482 1.866057 1.015733 -0.102703 -0.134842 -0.054871 -0.106023 0.322452 0.508005 0.100999 -0.317565 0.194688 0.976703 1.560114 1.697025 2.207584 1.642442 1.811205 0.860121 0.896762 -0.127439 0.307387 0.030270 -0.348202 -0.233112 -0.604208 0.114573 0.066812 -0.990888 -1.227414 -2.726400 -2.452948 -2.354511 -1.581857 -1.576513 -1.067594 -2.254494 -1.559383 -1.699236 -0.205949 0.290906 0.480561 0.272492 0.584041 1.594528 0.738205 -0.556108 0.500195 0.435467 -0.059454 0.360074 -0.250722 -0.376685 0.468428 0.688865 0.621906 -0.150867 0.010183 -0.133819 0.822282 1.539003 1.207896 1.258660 1.112657 1.734310 1.459944 1.260558 1.585685 1.606552 1.164150 0.282565 1.338574 0.808069 1.269926 1.217507 2.147626 2.326283 2.652868 2.434437 2.379561 2.705054 2.003254 1.326992 0.900388 0.863205 -0.301537 -0.591223 0.694237 
192837465
13
-2.288876 -1.689949 -1.378536 -0.247717 -1.108265 -0.288781 -0.431649 -0.192407 -0.983992 -1.535839 -1.311374 -1.770669 -1.567608 -1.406215 -0.408542 -0.703029 -0.969324 0.547177 0.834411 0.102955 -0.228349 -0.815300 -1.164259 -1.978522 -1.858654 -0.112612 -0.359291 -0.244167 0.123151 -0.028841 -0.188793 -0.058095 0.282888 0.299868 0.866093 0.791940 0.151624 0.090580 0.500882 0.856626 0.257884 0.217050 0.466477 1.016122 0.015439 0.848714 1.435627 1.270083 1.203742 1.243726 0.694068 0.066498 -0.476650 -0.537577 -0.922858 -1.305973 -1.279485 -1.459361 -0.321606 0.402425 -0.114554 -0.441148 -2.153429 -1.427359 -1.022086 -0.417589 -1.334854 -2.468785 -1.399535 -0.939407 -0.160795 -0.727427 0.615977 0.836019 0.992013 0.204352 0.632016 -0.239155 0.339401 -0.325877 -1.363864 -0.604612 0.502377 -0.926641 -0.094448 0.086295 -0.305388 0.003818 0.195117 0.137498 -0.072205 0.753935 1.151306 1.452594 1.389702 0.947988 1.480345 1.474087 1.689483 1.572172 2.560531 1.186821 1.227047 1.680793 1.685369 1.491691 1.927366 2.428118 3.122883 3.168703 2.151002 2.526969 1.371133 1.343178 1.045918 0.477015 0.637817 0.979552 1.138700 1.262910 
192837465
14
-2.773253 -1.924113 -2.030375 -1.228594 -1.218556 -1.787464 -0.686479 -0.295578 -0.454877 -0.854310 -0.130950 -0.311011 -0.430639 -0.957119 -1.656687 -1.106424 0.187530 0.953760 0.487777 0.201232 -0.115757 -0.701869 0.023679 -0.830672 -0.781209 -1.633790 -1.271847 -1.546502 -0.790052 -0.774111 0.286353 0.043493 0.260498 0.111675 -0.090470 -0.813439 -0.556705 0.030254 0.136111 0.187197 1.016224 0.589273 0.376762 -0.314978 0.129376 0.771934 1.000359 0.978383 1.384674 0.893517 0.265648 -0.221766 -1.278987 -1.306107 -0.952309 -2.284655 -1.705625 -1.786968 -1.252941 -1.628507 -2.320080 -0.620104 -1.002664 -1.331014 -0.487060 0.175038 -0.314108 -0.265038 -0.137805 -0.403189 -0.274490 -0.600728 0.590837 0.208988 -0.079890 0.959118 0.440551 -1.412203 -1.536172 -3.425687 -1.864385 -0.872082 -0.580163 -0.064168 0.079366 -0.024894 -0.223694 -0.003071 0.253507 0.723385 0.582876 0.085823 0.588897 0.867914 0.983096 0.117193 0.789824 1.445397 1.054813 1.875395 1.355563 1.526814 1.632867 1.595644 1.269910 1.661891 1.688543 2.087241 1.750948 2.416519 3.014293 2.348450 1.218667 1.134107 -0.067090 1.113217 1.890756 1.945563 1.963006 1.550181 
192837465
15
-0.956683 -0.960179 -2.018213 -0.507725 -2.794621 -2.028826 -2.109510 -1.783682 -1.365155 -1.648579 -1.317444 -2.013902 -0.813546 -1.397732 -0.426297 -0.264302 -1.382097 -1.585367 -1.609028 -0.610196 0.229424 0.499985 -0.009531 -0.143423 0.006813 -1.156738 -0.676310 -1.551694 -1.050872 -0.382996 -0.515660 0.003465 0.531547 -0.138658 0.193710 -0.104424 -0.449345 0.885614 0.471015 0.985626 0.437102 0.407536 0.284684 -0.798009 -0.781904 0.307257 0.332739 0.961939 0.317336 0.391396 0.508506 0.143680 -0.037559 -1.414838 -1.983278 -1.724071 -1.091509 -0.033858 -0.861334 -2.025742 -1.789696 -1.726922 -2.672082 -0.003234 0.169904 0.214264 0.558794 0.106146 -1.253698 -0.756214 -1.175149 -0.907203 0.482396 -0.330355 -0.348506 -0.851207 -0.402161 -0.206788 -0.994349 -0.310893 -0.530013 -0.464843 -1.872655 -0.500445 -0.956848 -1.086989 -1.340787 -0.959836 -0.526884 0.102361 0.050954 0.212056 0.332938 -0.027985 0.168832 0.403995 0.016784 0.638718 0.853951 1.502363 1.259497 1.953151 1.426949 1.018792 0.879768 1.100992 1.589010 0.624646 1.878287 2.257170 2.488512 2.262963 2.068337 1.794415 1.057039 1.036710 1.365987 1.607956 1.083213 2.007868 
192837465
