1200.000000
160.000000
120
16
1
0.500000
2
2
0
-2.634527 -2.088279 -0.983713 -0.661944 -0.600851 -0.868044 -0.155814 -0.504000 0.346000 -0.968645 0.450847 0.530353 0.273391 -0.572692 0.262409 -0.084315 0.161054 0.518143 1.461109 0.773053 0.149468 -0.316801 -0.101084 -0.009656 -0.554107 -0.381382 -0.942097 -0.467927 0.171820 0.867489 1.521731 0.517835 0.616953 1.082730 0.918680 1.112068 0.849618 0.698124 0.438921 0.740990 0.444941 0.763527 1.045040 -0.023841 0.287514 0.382521 0.196371 -0.371934 -0.477274 -0.024663 1.554522 1.430921 1.537689 1.352171 0.779843 -0.019335 0.602865 -0.044607 -0.667433 -0.897027 -2.494867 -1.870692 -1.998058 -1.390344 -1.468930 0.655911 1.092711 0.889058 -0.227190 -0.709404 -1.291762 -1.622449 -0.861700 -0.090864 -0.011705 -0.740016 -0.799358 -0.660047 -1.264373 -0.921601 -0.789493 -1.223709 -1.774189 -1.668178 -0.152587 -0.546654 -1.710989 -1.294902 -0.372258 0.204650 0.513353 -0.447611 -0.114259 -1.004760 -0.133067 0.224967 0.285989 0.621179 0.736580 -0.047960 -1.236122 -2.022631 -0.186865 -1.320003 -0.062962 -0.753643 -0.295318 -0.945611 -0.763494 -3.053373 -1.993931 -1.935191 -1.691834 -0.678868 -0.550653 -1.658879 -0.779243 -0.499174 -0.081465 0.504278 
192837465
1
-2.216277 -0.328083 -1.012343 -0.926483 -0.854172 0.150731 0.768807 0.657152 0.406243 0.310550 0.478996 0.709499 0.476486 -0.161297 -0.244200 0.111579 0.395197 0.318540 0.866628 1.269103 1.251338 1.023604 0.039723 0.254019 0.280937 -0.048436 -0.238471 -1.557184 -1.691621 0.384244 0.645115 1.204667 1.365232 1.901062 1.220431 1.100931 1.898396 1.413686 0.375983 0.519717 -0.209013 0.466551 -0.318161 -1.454506 -2.248761 -0.602668 0.816890 0.299562 -1.409281 -0.575691 0.611196 0.837582 0.447104 0.494376 -0.872015 -1.061975 -0.413218 -0.254434 -0.084975 0.235867 -0.313457 -0.236346 -1.004471 -1.000197 -0.303403 0.255396 -0.059359 -0.674573 -0.694259 -1.024491 -1.434616 -1.932774 -0.575807 -0.445131 -0.893675 -0.957233 -1.045166 -0.375312 -0.206082 -0.284822 -0.016160 -0.418667 -2.225852 -2.866581 -3.159074 -2.291561 -3.361750 -2.251219 -1.524222 0.004212 -0.101870 -0.793915 -1.000591 -0.135108 -1.450744 -0.536224 0.479153 0.347006 0.441696 0.362370 -0.122655 0.529879 0.522871 0.533542 0.335747 0.855789 0.686624 -0.394483 -0.952381 -0.249173 -0.845493 -2.092289 -1.403166 -1.845111 -1.236019 -0.741746 0.108174 -0.603885 -0.036996 0.741265 
192837465
2
-0.923678 -0.448513 -0.103161 0.572162 0.800757 0.320705 1.196805 0.860024 0.277721 0.274572 0.515215 0.956978 1.154829 0.806551 0.146337 0.764493 0.569749 1.168335 0.860157 0.732923 1.621005 1.382345 0.879631 0.309742 0.265170 -1.040243 -0.141651 0.005154 0.215058 0.512051 0.796048 1.494012 1.504758 1.199853 1.175394 1.641866 2.047644 1.582784 0.483107 0.561675 0.586825 0.660780 1.199474 0.547629 -0.178935 -0.722853 -0.482803 -0.586556 -1.801375 -0.351811 -0.003551 0.207526 0.462408 0.132343 0.447775 0.653473 -0.256598 0.216888 0.502145 0.231251 0.522378 0.148387 -0.198557 0.058339 0.279302 -0.732084 -0.401963 -0.307034 -0.414138 -1.052547 -0.894285 0.461428 -1.007111 -0.364942 0.186673 0.050538 -0.107567 -0.608633 -0.677520 -1.003073 -0.954932 -0.859196 -2.498422 -3.221036 -5.871910 -4.511385 -3.109862 -2.820852 -2.339986 -0.613173 -0.236199 0.579634 0.637941 0.054344 -0.041995 -1.237331 -1.199023 -0.505596 0.023885 0.197595 -0.921928 -0.932402 -0.656967 0.235232 -0.038539 0.593035 0.780975 0.649975 0.076528 -0.943719 -1.080143 -0.928735 -1.404996 -0.157547 0.479982 0.438718 0.624234 0.113057 0.750856 1.306438 
192837465
3
0.416402 -0.356754 -1.229541 -0.154617 0.093424 -0.298779 0.604166 1.108302 0.713105 0.912155 -0.324399 0.268010 -0.135511 0.660159 1.639258 1.653634 1.371125 0.875812 0.220073 0.718431 0.929661 0.353417 0.220818 0.107473 0.221816 -0.445091 0.222674 -0.024852 -0.161889 0.439724 1.546037 0.819118 1.041524 1.107424 0.886851 1.172121 1.492659 0.580019 0.364614 0.818272 0.948198 1.174828 1.018557 1.024014 0.562500 0.223109 0.439566 0.181241 -1.288034 0.119106 0.653302 0.983886 0.755481 0.722482 0.408419 0.855803 0.849022 0.497657 0.015307 -0.041822 0.025756 -0.123989 -0.524230 -0.644469 -0.378414 -0.794084 -0.933711 -0.457758 0.093732 -0.253619 -0.366899 0.129059 0.580083 0.054194 0.365259 0.200235 0.032234 -0.194957 -0.555728 0.306984 -1.505736 -0.954511 -0.417292 -1.202911 -2.707046 -3.332410 -2.917008 -2.373501 -1.368027 -0.356949 -0.202081 -0.561029 -0.016978 -0.588943 -0.291718 -0.174588 -0.172536 0.007145 -0.049406 -0.307145 -0.848074 -1.824687 -2.545973 -1.916766 -0.700586 -0.257599 -0.068080 -0.187631 -1.098460 -1.541317 -1.408816 -1.920359 -1.675977 -1.382542 -0.024560 -0.250464 0.212256 0.632329 0.433403 0.304697 
192837465
4
-0.240865 -0.779326 -0.921045 -0.795911 0.277404 -0.154803 0.795724 0.867519 0.779020 -0.243030 -0.362368 -0.134921 0.601235 1.054807 1.473262 1.742713 1.741310 1.555894 0.861983 1.296342 0.550918 0.429427 1.026377 -0.634629 -0.280720 -0.619753 -0.735206 -0.410509 0.589759 1.595194 0.675225 1.556685 1.671361 0.628405 0.845470 1.290015 0.604425 0.595984 1.114618 1.126591 1.609323 1.806812 1.601567 1.470078 1.091311 0.897095 0.377221 0.093559 0.135293 0.153838 0.229967 0.304570 0.280714 0.534475 0.091799 0.660252 -0.931160 -0.111157 -0.244035 -0.905664 -1.732766 -1.348080 -1.190973 -0.773845 -1.261913 -1.040850 -1.242489 -2.047560 -0.615168 -0.702673 0.670993 0.039373 -0.185538 0.207168 0.112868 0.261467 0.119782 -0.450213 -1.226958 -0.173445 0.084355 -0.370945 -0.544997 -1.853262 -1.531868 -1.900667 -1.408255 -2.028562 0.400155 -0.096077 -0.069377 -0.244131 -0.032624 0.903880 0.780578 0.202415 0.268136 -0.817573 0.271985 -0.970534 -1.963700 -2.427400 -1.996673 -2.623167 -1.010532 0.127913 -0.155093 -0.081822 0.661486 0.285926 -0.093104 -0.170623 -1.037799 -1.715936 -0.939926 -0.975946 -0.339635 0.205529 0.562817 1.202996 
192837465
5
-1.473877 -2.046804 -2.490073 -2.429694 -1.353720 -0.214159 0.163132 0.362958 0.017056 -0.373825 -0.199600 0.109482 1.070958 0.645788 1.287574 2.182973 2.029231 1.678792 1.222152 1.327450 1.385136 1.794213 1.778445 0.146988 0.437282 0.061627 0.175773 -0.060570 0.324047 0.167228 0.854800 0.031282 0.092672 0.923526 0.986198 1.614197 1.551330 1.557891 0.852483 1.390165 2.270481 1.735355 1.841726 0.613168 0.451726 0.632600 0.113191 0.658132 0.131017 0.341555 0.369860 0.269938 -0.591491 0.495083 0.702141 0.256616 -0.237252 0.027925 -0.257020 -0.472497 0.162352 0.064118 -0.289135 0.104075 0.225309 -1.192120 -1.513731 -0.803341 -1.077841 -0.103376 0.258495 0.967185 0.664005 -0.182237 -0.723614 0.368320 0.297685 -0.425092 -0.933347 -0.707444 -1.292162 -0.403726 -0.349080 -0.627785 -0.587789 -0.943748 -0.051623 -0.351527 -0.460849 -1.443567 -1.194166 -0.998484 -0.754861 -0.208132 -0.566514 -0.408666 -0.460586 -0.253703 -0.074700 -0.378018 -0.611363 -0.438597 0.049439 0.336053 -0.266163 -0.441797 -0.332259 0.546857 0.252327 -0.384659 -1.061477 -2.390464 -2.187483 -1.398367 -1.354987 -0.322178 -0.494946 0.097281 -0.946649 -0.803508 
192837465
6
-0.727883 -1.019755 -0.954427 -0.805648 0.232944 1.106191 0.855966 1.031918 0.584126 0.415807 0.424410 1.314758 0.848385 0.119897 0.190492 0.949215 1.161659 1.895538 1.836127 2.160653 1.333470 0.797465 0.784374 1.425820 1.542957 1.420588 -0.158432 -0.123739 0.494807 0.082716 0.907663 0.362258 0.671888 0.511008 0.542013 1.487467 0.886592 1.658112 2.113645 1.314733 1.045023 1.508579 2.328018 1.989284 1.222536 0.757524 0.699021 -0.017128 -0.513724 0.442114 0.450970 0.349996 0.696354 -0.077138 -0.148839 -0.336161 -0.999639 -0.442713 0.197534 0.206344 0.553057 0.574846 -0.403899 -1.256293 -1.866642 -2.946479 -2.095159 -2.011169 -0.162332 0.165925 0.996868 0.348139 1.712942 2.036025 0.427067 0.282216 0.018841 0.263941 -0.473988 -0.332839 -0.103301 -1.178987 -0.975275 -1.608593 -0.329807 0.127575 -0.735067 -0.262637 0.203930 0.337787 0.033636 0.397257 0.627027 -0.216593 0.381550 -0.358127 0.098418 -0.143434 -0.112287 -0.757045 0.070074 -0.911849 -0.561838 -0.226126 0.678247 -0.293895 -1.749505 -0.670266 -0.563260 0.106122 0.208716 -0.680248 -3.540255 -3.026527 -1.170631 -1.845358 -0.643422 -0.509910 -1.081453 -1.498452 
192837465
7
-0.929387 -1.643147 -0.066332 0.848193 0.285622 1.262818 0.987671 0.498853 0.987907 1.840796 1.906234 1.554001 0.955716 0.704220 0.813263 1.027529 1.342317 0.985133 1.601044 1.943162 1.725758 1.277989 1.449353 1.363731 1.530583 1.071399 1.364631 0.886435 1.282364 0.712184 0.370816 0.647454 0.652380 0.217645 0.649698 1.207309 1.046890 0.828309 1.332097 1.439434 0.802321 0.848449 1.146957 1.380801 0.098179 0.244229 -0.012165 -0.307199 0.047837 -0.151728 0.235242 -0.377182 0.241795 -0.222931 0.454194 0.053263 -0.501577 -0.278846 0.328019 0.174301 -0.431143 -1.711076 -2.356819 -4.069893 -6.981625 -5.151842 -2.258722 -2.523013 -1.610758 -0.292282 0.182549 1.095238 1.375727 1.533417 0.809201 0.465043 -0.591874 0.564502 -0.611954 -1.040428 -1.305185 -0.841996 -0.047012 0.665380 -0.327001 0.460576 0.500566 0.837074 0.898639 1.031299 0.567257 1.203846 0.423183 0.163489 -0.110353 0.177034 -0.389543 -0.320531 -0.503112 -1.671854 0.226884 -0.703137 -2.252335 -1.350085 0.257050 0.962016 -0.037308 -0.099564 -0.479594 -0.859724 -1.624852 -0.496041 -1.089207 -1.149115 -2.223403 -2.724974 -1.887936 -2.275760 -2.231225 -0.634140 
192837465
8
-0.769431 -0.412899 -0.814745 -0.075930 0.645226 1.426240 1.039515 1.441982 0.987788 1.004435 1.787827 1.152667 0.807587 0.921419 1.184424 1.948298 2.078415 1.301739 1.846790 1.730182 1.683932 1.759077 2.242864 1.637052 2.166791 1.700137 1.576957 1.048593 0.607515 0.870429 0.858584 1.460823 0.589594 0.510529 0.061113 0.701025 1.604668 1.658942 1.477080 1.730122 0.812342 0.512698 0.317454 0.380040 -0.698199 -1.120454 -0.873109 0.186694 -0.602244 -0.831392 -0.699942 -1.708445 -0.571075 -2.605008 -1.854163 -1.780681 -1.490492 -0.492174 -0.102457 -0.578480 -1.243320 -2.194691 -3.435208 -4.068944 -6.246990 -4.126668 -2.112129 -0.427840 -0.832148 -0.139975 0.484890 1.404019 0.462912 0.927178 0.628241 0.802239 0.233628 0.594694 0.377986 0.158520 -0.665728 0.631849 0.619640 0.545692 -0.074625 0.323138 0.685177 0.665516 0.563381 0.699855 0.072527 -0.527620 -0.405018 -0.729942 -1.257806 -0.271736 0.246194 0.572492 -0.343864 -1.179654 -1.739401 -0.855080 -1.058679 -0.878896 0.164887 0.917619 0.968067 0.244497 -0.286101 0.150918 -0.322065 -0.283766 -0.007572 -0.118455 -0.585003 -0.184153 -0.955843 -0.693557 -0.528347 -0.643853 
192837465
9
-2.678766 -2.386360 -1.316696 -0.420189 -0.328235 0.371570 0.930981 0.637776 0.956464 0.391931 1.222249 1.236215 1.048449 1.124807 1.539456 1.284091 1.690784 2.226304 1.891911 1.789569 2.306421 2.014400 2.074756 2.160057 2.057195 1.760709 2.136395 1.757648 1.778602 1.167404 1.092740 0.403120 0.161717 0.790077 0.181846 0.166828 -0.098919 0.130244 0.419351 -0.058065 -0.080705 -0.414447 0.014428 -0.323441 -0.347485 -1.158129 -1.941018 -1.978194 -1.480151 -0.841339 -3.192970 -2.936929 -2.335921 -3.870796 -3.996200 -3.289459 -3.632398 -1.590407 -2.070660 -0.413469 -1.460665 -1.139586 -1.248182 -2.481173 -4.161101 -4.047750 -2.509431 -1.625017 -2.038897 -1.327344 -0.928330 -0.372997 0.214659 0.044629 0.314851 0.761087 1.103613 0.919599 1.183391 0.873198 0.325245 0.449563 -0.580621 0.636553 0.004297 0.209170 0.271841 -0.109095 0.121717 -0.070936 -0.096321 0.220933 -1.020247 -0.203356 -0.088955 0.246512 0.066652 0.362911 -0.241572 -0.002359 -0.712858 -1.070965 -0.110127 0.613169 0.513874 0.559065 1.400953 1.125583 0.367182 0.736350 0.855180 0.840679 1.120774 0.914542 0.399705 0.667272 0.114565 0.489910 0.044068 0.156699 
192837465
10
-0.423092 0.310282 0.237555 -0.243553 -0.172758 -1.752298 -1.468013 -0.126162 -0.678080 1.041708 0.723822 0.540517 0.967950 1.604368 1.738511 2.627616 2.097783 1.955892 1.653073 2.017438 2.441919 2.768175 3.435673 3.001504 2.987597 2.824788 2.348039 1.713578 1.852455 1.790260 1.168816 1.069328 0.294955 -0.322314 -0.100786 -0.558315 -0.369802 -1.678532 -1.731339 -1.662848 -1.636363 -1.738148 -1.321038 -1.341623 -1.440010 0.168020 0.545140 -0.979098 -1.058918 -0.635292 -1.240014 -0.288108 -1.714636 -1.163475 -0.396555 -1.522234 -1.110941 -1.450718 -0.066317 -0.153748 -0.810356 -1.716675 -2.223165 -1.725813 -2.315926 -1.582382 -1.635543 -0.917022 -0.767057 0.372111 0.223674 0.439570 0.190415 0.479283 0.592645 0.054071 0.037189 -0.107241 0.757207 1.042608 1.319367 0.879451 0.941599 0.572404 -0.103936 0.774424 -0.215999 0.081350 -0.001360 0.874086 0.341127 0.144734 0.443872 0.657305 0.160532 0.273557 0.023547 -0.663390 -1.207307 -0.728583 -0.507900 -0.519432 -1.991566 -1.821361 0.141270 0.789541 1.723270 2.159652 1.884755 2.156436 1.892859 1.543022 1.170351 0.829313 0.262513 0.448242 0.695346 0.320424 -0.138996 0.484694 
192837465
11
0.893122 0.702643 -1.465915 -0.485798 -0.258656 -0.671395 -1.095245 -0.835473 -0.087149 0.172441 0.165772 0.090503 0.451114 1.014983 1.168226 1.572220 2.011907 1.570104 1.447166 1.609674 2.411012 1.992516 2.464936 2.524380 2.120387 1.844834 2.094914 1.724841 1.618568 1.733313 0.835605 1.103040 0.356988 -0.472565 -1.255980 -1.256356 -0.342985 -0.219899 -0.101436 -1.169017 -1.083952 -0.995957 -2.493805 -0.911745 -0.596810 -1.184829 0.005590 -0.067067 0.335647 -0.050481 -0.085957 -0.561541 -0.135319 -0.866561 -0.338022 -1.747105 -1.556042 -2.375391 -2.341991 -0.580363 0.351401 0.057337 -1.420313 -2.448696 -1.098864 -0.743802 -0.739845 -0.635427 0.321038 0.647242 0.140197 -0.133319 -0.849363 -0.191173 -1.024912 -2.148865 -2.212991 -3.479743 -2.038239 -1.418614 0.181681 -0.318518 -0.725165 -0.140882 0.427971 0.462455 0.092349 0.191663 0.190345 0.354574 0.948392 0.582797 0.206550 0.392935 0.400453 0.416458 0.448111 0.160969 0.123955 -0.785387 -1.671564 -0.609211 -1.250828 -0.759973 -1.315563 0.229017 1.189418 1.801982 2.186591 1.837396 1.359648 0.652386 1.028963 0.732516 0.170991 0.183335 0.541764 0.222476 -0.258091 -0.664421 
192837465
12
0.701862 0.334909 -0.331243 -0.011455 -0.914662 -0.944217 -0.474975 -1.010345 -0.927678 0.121841 0.706906 1.323147 1.132464 0.477645 1.277773 1.178679 1.217327 1.748583 1.948666 2.226592 2.058017 2.987068 2.777174 2.371936 2.267260 1.789809 1.733550 1.422007 1.603173 1.521017 1.122687 1.774565 0.862165 0.271277 0.425740 0.203315 0.449050 -1.293840 -0.935579 0.180775 -0.687332 -0.313532 -1.092056 -1.081951 -1.585522 -0.790270 -1.336525 0.310460 0.522552 -0.042772 0.245211 -0.216849 -0.152818 -0.516272 -1.260756 -2.231413 -0.795793 -0.722895 -1.166239 0.050746 0.389302 1.011267 0.791054 0.054029 0.648642 0.151124 -0.521566 -0.110569 -0.658124 -0.549774 -1.330307 -1.706440 -1.004206 -1.105050 -1.653844 -3.270458 -4.651524 -4.902140 -3.273707 -3.685140 -1.820872 -1.271426 -0.508877 -0.240420 -0.167045 -0.149127 0.464416 1.210312 0.802803 1.113840 0.790623 0.026960 -0.410609 -0.237013 -0.341076 -0.670908 -0.422609 -0.791184 -0.237324 -0.474235 -0.658821 -0.581589 -1.026211 -1.031008 -0.756518 0.056773 0.196354 0.935767 1.201739 1.389691 0.901082 0.360745 -0.541260 0.067639 1.059373 0.729083 1.078799 0.874781 0.807683 0.349370 
192837465
13
0.883879 0.561435 -0.512884 -0.903108 -2.102743 -1.602624 -1.901832 -2.839871 -1.096152 -0.625767 -0.309806 -0.131681 0.511079 1.400827 1.764217 0.954961 1.299129 0.887525 1.135984 1.784886 1.915327 2.094116 2.332421 2.679663 2.128779 1.731468 1.568426 0.610601 0.201114 0.747995 1.325813 0.624772 0.113882 -0.518142 -0.098026 -1.301514 -1.239168 -1.013827 -0.998340 -0.953099 -0.832443 -1.147062 -1.041540 -0.327191 -0.369130 0.085530 -0.084019 -1.177864 -1.043466 -0.516502 0.242626 1.246472 0.296770 0.139487 0.565798 0.203047 0.171269 -0.126140 -0.551356 -0.190744 0.502738 0.969050 0.472181 0.850911 0.787361 0.995931 0.777287 -0.369640 0.408952 -0.159094 -0.467868 -1.000780 -1.454608 -0.420039 -1.580440 -3.176516 -2.163416 -2.729345 -3.369061 -5.781030 -3.347434 -3.085288 -2.607260 -0.814348 -0.611534 -1.113374 -0.691928 -0.496712 -0.295139 0.080547 0.681939 -0.060571 -1.039367 -1.660064 -2.564483 -1.096686 -2.761113 -1.176225 -0.263145 -1.421044 -1.316704 -0.901517 -0.885094 -1.601517 0.186158 1.227107 1.437946 0.781058 1.149172 0.597459 -0.488634 0.880006 1.344641 0.595543 1.605276 1.161332 0.625765 0.419906 0.741398 0.669057 
192837465
14
-0.780723 -1.432386 -1.741129 -2.267373 -2.073661 -2.569369 -3.261866 -5.157278 -4.827160 -2.593143 -2.388360 -1.931187 -0.761291 -0.544996 0.365033 0.865679 0.924247 1.001210 1.319798 1.790553 2.028446 1.632292 1.103757 1.166700 2.189621 1.271984 0.132880 0.266672 0.727335 0.553348 0.530424 0.551460 0.667047 -0.398343 0.070131 -0.437773 -0.595151 -1.342725 -1.409225 -0.368810 -0.145089 -0.577756 -2.466991 -2.451802 -1.889585 -0.724720 -0.628692 -0.527283 -0.150654 0.029983 0.901828 0.335330 0.737662 0.704603 0.607877 0.857324 0.149832 0.845683 1.406350 1.140370 1.054065 0.527324 0.556872 0.219307 0.147872 0.817164 0.652780 0.541885 -0.561659 -0.153160 -0.324353 0.925780 -0.914490 -0.969074 -0.469916 -1.333816 -1.644305 -3.490752 -5.034394 -4.007840 -4.471686 -5.042772 -2.514157 -1.641661 -1.148109 -0.976679 -0.770833 -1.068222 -0.483328 0.266426 0.225353 -0.372710 -0.194782 -0.466181 -2.289389 -2.387090 -1.539914 -1.448346 -0.367963 -0.889509 -1.091589 -1.651062 -1.061139 0.299804 0.399310 0.316693 1.025693 0.726996 0.401495 0.573699 -0.126549 0.303744 0.024364 -0.533957 -0.718830 0.090774 -0.402123 -0.135710 0.345261 -0.363887 
192837465
15
-1.098458 -1.002762 -0.435379 -0.595367 -0.766915 -1.145248 -2.480774 -4.444384 -4.588577 -2.558588 -1.347048 -1.213907 -1.077026 -0.084896 0.094530 0.473526 0.765781 0.648670 2.142939 2.217806 1.347845 1.303803 0.708340 0.796543 0.829315 1.117566 0.492520 0.647961 0.922864 0.207449 0.118609 -0.061343 -0.257657 -0.163515 0.078294 -0.170530 -1.197584 -2.648550 -1.997953 -1.534814 -1.039599 -0.520506 -1.014287 -0.793901 -1.452681 -0.646116 0.149099 0.019242 0.492657 0.738431 1.304034 0.963068 0.475350 0.595553 -0.139474 -0.302948 0.326581 0.491737 1.136858 0.608652 1.276050 1.557778 0.424317 1.042011 1.051669 0.217271 0.500724 0.003465 -0.139796 -0.571277 -0.919046 -0.321176 -0.528316 -0.435556 -1.156177 -0.810010 -1.548227 -1.170443 -0.808375 -1.746838 -1.072718 -2.799047 -2.217087 -1.521302 -1.223530 -0.902242 -1.048150 -1.289185 -1.564539 -0.291511 -0.747438 -0.545591 -0.401310 -1.023552 -1.407740 -1.936139 -2.031527 -1.045690 -0.479472 -1.340385 -1.339391 -1.182081 -1.051580 -0.457947 -0.404122 -0.419338 -1.082066 -0.228070 -0.714899 -0.153828 -0.276659 -0.351692 -0.611547 -1.326027 -0.186047 -0.525824 -0.679321 -0.087974 -0.508817 -0.642018 
192837465
