1200.000000
160.000000
120
16
1
0.500000
2
2
0
-0.781942 -0.814909 -0.824202 -0.360721 1.692090 0.226631 -0.101603 0.660256 -0.338185 0.391261 0.395920 0.571307 -0.603556 -0.329099 -2.363726 -0.973188 -0.040053 1.135860 0.954025 0.585338 -0.549779 -0.544782 0.483870 0.637582 1.113625 -0.396433 -0.366746 -0.119217 1.192714 0.189186 0.493726 0.414267 0.576432 1.568365 1.728139 1.004172 0.898928 1.172794 2.209120 1.301306 2.180349 0.925551 0.810805 0.667804 1.530041 1.581558 1.613769 0.396487 0.101393 0.723004 -0.006314 -0.555746 -0.092381 -0.605078 -0.099092 -0.600997 0.105016 -0.067937 0.227523 1.792393 0.705250 0.046008 -0.131197 -0.074060 -0.210029 -0.357580 -0.874416 -1.599001 -3.691787 -2.573421 -2.096048 -3.740823 -3.049731 -2.949948 -4.129516 -2.524425 -3.146580 -1.690775 -1.553205 -0.289602 -0.900878 -0.954348 -0.016343 -1.913982 -2.243379 0.303352 0.102683 1.789976 1.261249 1.934721 1.837407 2.490243 1.740012 1.409531 1.469194 1.147062 1.348482 0.455188 0.839589 1.156814 1.451849 1.592465 1.859201 1.312776 1.739071 2.278593 1.847048 1.168770 0.953717 0.764256 0.708566 0.160896 -1.157515 1.122157 1.198395 0.892882 1.760224 1.402622 1.289227 0.626197 
192837465
1
0.484411 -0.225868 0.148169 0.114323 -0.518671 -0.153042 0.288030 -0.142017 -0.902981 -1.189104 -2.028512 -0.209114 0.078628 -0.073318 -0.111988 0.256868 0.051385 0.733706 0.720471 -0.034568 -0.765412 -0.329023 0.050832 1.003960 0.884181 1.562094 1.217240 0.348831 1.429940 1.930130 2.099380 1.791312 1.120037 1.381192 1.270329 1.152842 1.068373 1.299018 1.595125 1.232647 1.254655 1.112316 1.314083 0.974698 2.474775 1.756169 1.273418 1.561439 1.951141 1.183313 1.569165 0.993582 -0.005565 0.164285 0.670754 -0.684445 0.230166 0.790689 -0.133981 1.269667 2.121004 0.467382 -0.429878 0.305208 -1.195503 -1.538518 -0.645135 -0.441492 -0.799933 -1.127367 -2.274945 -2.189285 -3.983094 -3.782479 -1.671049 -4.439974 -2.055680 -2.432118 -1.839753 -0.433966 -1.630838 -0.473454 -1.111584 -2.917891 -3.947583 -1.945662 0.585219 0.980517 1.336044 1.618372 1.727977 2.403108 1.979447 1.812739 1.301753 1.184734 1.324752 1.479535 1.097548 1.114619 1.085533 2.077487 1.785146 1.027827 0.896695 1.500521 0.910692 1.250876 -0.179157 0.298464 -0.961722 -0.821186 0.510047 0.838186 0.585511 0.264344 -1.185189 -0.373842 0.111376 -0.873780 
192837465
2
0.314343 -1.105634 -0.172489 -1.872848 -1.213947 -0.097452 -0.163255 0.005941 -0.265392 -0.079064 0.427428 0.759732 0.258151 0.382980 0.688238 1.571838 -0.461382 -0.125782 -1.261740 -0.960118 -0.859063 -1.217546 -0.930721 0.190312 0.082923 0.973995 2.090544 1.917908 1.271427 1.665632 1.261022 1.471973 1.402149 1.126532 1.200575 0.712891 0.759907 1.058299 0.530458 -0.217327 -0.101752 0.426012 0.222747 1.034272 1.296035 1.715848 1.768079 2.477926 2.596593 1.930068 2.411140 1.237331 1.352865 1.455363 0.256549 0.229711 0.775173 0.667121 0.750058 0.773800 1.605066 1.845763 1.110983 1.663404 -0.408546 0.431754 0.605768 -0.402815 0.311161 0.416854 0.345508 0.370524 0.070662 -1.916984 -1.832721 -1.210341 -0.522555 0.167580 -1.191589 -2.064343 -3.474975 -3.156075 -1.961809 -0.754770 -0.064436 0.239538 1.451963 2.445126 1.458783 0.178929 1.022063 1.099332 1.101276 -0.189075 0.338397 0.073552 1.138415 0.768829 1.231001 0.751802 0.993517 1.132126 1.173246 0.514388 1.094820 -0.137796 0.427122 1.130542 0.153843 -0.737594 -0.079250 -1.068260 -0.565485 -1.057793 -0.253551 0.286912 -0.508185 -0.213184 0.114172 -0.002134 
192837465
3
-1.051341 -3.111300 -2.760289 -1.190630 -0.611874 -0.786864 -0.629950 -0.937653 -0.682631 -0.288976 -1.926484 0.322198 0.116677 -0.080890 -0.124773 0.070497 -0.061361 -1.044688 -1.379071 -0.562024 0.561689 0.856067 0.837783 0.287835 -0.449001 0.127848 1.239651 1.342127 1.415116 0.997674 1.199016 1.676036 0.817282 1.307490 0.419070 -1.257341 -0.085144 -0.810536 0.351171 0.180290 -0.233530 -1.310547 -0.773481 -0.265773 0.881230 0.567156 0.967301 1.832072 1.895580 1.676617 1.431088 0.901469 0.811590 1.014983 0.860898 1.111811 0.463681 0.338150 -0.093739 -0.456821 -0.184831 0.423211 0.149086 -1.222191 -0.018132 1.242389 0.579361 0.395610 1.281056 2.033694 0.762052 0.303031 -0.193262 -0.603786 -0.847503 0.105177 1.179017 0.213024 -0.117878 -0.548527 -0.437053 -1.742056 -1.297887 -0.094179 0.294478 0.712692 2.132749 1.044084 1.242321 0.602886 0.097348 -0.768746 0.023631 0.204178 -0.584719 0.073703 -0.348620 1.072964 0.049316 0.124898 0.827748 0.637710 0.646286 0.505178 0.438581 -0.118421 -1.058540 -1.320473 -0.294005 -0.156234 -1.563285 -2.375362 -2.337683 -0.925660 -0.593097 0.465876 0.290033 0.789857 0.494335 -0.097291 
192837465
4
-0.056915 -1.060995 -2.430252 -0.821475 0.045553 -0.449940 -1.704605 -0.484009 0.280071 0.931249 0.358162 -0.386015 0.535372 -0.826917 -1.559581 -0.548612 0.043027 -0.285003 0.424180 -1.181505 -1.303358 -2.469396 -1.123807 -0.209621 0.106073 1.162256 0.933581 0.756890 -0.811341 -0.726338 -0.668693 -0.252591 -0.343363 -0.780427 0.177916 1.898557 1.994076 1.024853 0.238817 1.050418 -0.624467 -0.115731 -0.359092 0.308595 0.053428 0.799800 2.295060 2.035782 0.789778 -0.402773 1.189103 0.023728 0.234833 1.301338 0.429792 1.199084 1.602458 0.764025 0.978301 1.488014 1.386096 0.805104 0.445605 0.648877 1.132450 1.056089 1.129522 1.606638 1.397857 1.722044 1.420722 0.424320 0.893088 0.178290 -0.520447 0.327507 0.976295 -0.012861 -1.089822 -0.883874 -1.005574 -0.835203 -1.027045 -0.179636 -0.337837 0.250543 0.840259 0.091168 -1.106100 0.233713 0.959767 0.404275 0.958960 0.652667 -0.462607 -0.728246 -2.015898 -0.752007 -0.369633 0.959138 0.712467 -0.124665 -0.632787 -1.037412 -3.019803 -1.614531 -2.726653 -2.642316 -2.127944 -0.874159 -1.066218 -1.049160 -0.296926 -0.180889 0.107772 -0.096136 1.669870 0.787928 0.284153 -0.294711 
192837465
5
-0.983518 -0.119977 1.168214 2.037596 0.490208 -0.041618 0.876960 -0.018619 -1.231227 -0.571405 -0.012769 0.095535 -0.713262 -0.933524 -0.179728 -0.043232 0.705557 -0.497961 -0.418928 -0.841239 -0.218012 0.578507 0.306084 0.323941 0.910316 0.927194 -0.541499 -1.286415 -1.469080 -1.037029 -1.779438 -1.064498 -0.919647 0.162785 0.801633 0.252035 0.735652 0.763097 0.766638 0.324455 -0.180724 0.240569 -0.574475 -0.716372 1.093586 1.068478 1.495375 1.622473 1.817356 0.286061 -0.925458 -1.140179 -2.212957 -0.676555 -0.594874 0.801385 0.434969 -0.011655 0.872392 0.322460 0.282797 0.715026 0.536377 0.709521 0.709948 1.602137 2.025762 2.140573 1.500362 1.746333 1.453167 1.710290 1.036562 0.386018 0.142583 -0.117453 0.967549 0.075592 0.168969 -0.410296 0.250952 -1.259389 0.174366 0.345944 0.593347 -0.055536 0.158872 0.171529 0.843554 0.130107 0.469869 0.214423 -0.788480 0.530324 -0.710334 -1.805223 -1.890265 -1.591665 -0.639805 0.103936 0.413234 -1.301627 -4.121448 -3.367520 -2.859511 -1.473343 -2.927645 -3.588982 -2.602276 -1.301130 -1.457167 -0.538355 -1.067922 -0.180949 0.484563 -0.009519 0.859475 0.821911 -0.884403 -0.333829 
192837465
6
-0.384835 0.237945 0.379489 0.807186 -0.050903 0.379374 1.103048 1.014530 0.565470 -0.368962 -0.077711 -0.497206 -0.581403 0.803529 -0.320246 0.233279 0.540344 0.587746 1.292388 1.618659 1.259862 1.306089 1.204457 0.355731 0.196032 -0.459831 -0.309229 -0.985184 -2.571032 -2.617691 -1.878212 -1.525431 -1.671459 -0.504121 0.509800 1.414700 1.365693 1.086229 0.010368 -0.310626 -0.103980 -0.736629 -0.226588 -0.754565 -3.914687 -0.946776 0.272269 0.258606 0.451768 1.263516 -0.923136 -1.905438 -1.577644 -1.595230 -1.523253 -0.944599 -0.061040 -0.591147 -1.106081 -1.826997 -0.456849 -0.525856 -0.237296 -0.205799 0.839988 1.003653 2.139899 1.445167 -0.096482 0.509113 -0.454030 -0.454125 0.295040 1.270563 -0.761113 -1.850924 0.117235 0.274454 -0.780170 -0.865483 -0.372904 0.479481 -0.342617 0.055086 0.460542 -0.095794 0.715996 -0.380646 -0.732461 0.424310 1.354542 0.853641 -0.118797 0.123473 -0.499832 0.105686 0.039692 0.099799 0.033728 0.307575 -1.781438 -2.234659 -4.123699 -2.623334 -4.071996 -3.118713 -3.417149 -3.765863 -2.726116 -1.890727 -1.385068 -1.064210 -0.832478 -0.879669 -0.957310 -0.913765 -0.107502 0.229666 -0.897147 -2.573522 
192837465
7
0.314040 0.249685 0.443372 -0.060624 -0.194457 -0.371554 -0.343420 -0.032987 -0.232090 -0.171626 -0.918225 -0.051633 0.844318 0.365922 1.223151 0.404541 0.934439 0.190093 1.339232 0.709325 0.655334 1.115231 0.612810 -0.186012 -0.885030 -1.237256 -1.686087 -1.815065 -1.626634 -1.951002 -2.844871 -2.346150 -2.157698 -1.650109 0.094999 0.409501 -0.157254 -0.090413 0.245046 0.711190 -0.749102 -0.550426 -0.315802 -0.584141 -1.095408 0.048694 -1.908294 -0.326669 0.616080 0.395922 0.350881 0.592168 -0.412917 -0.712587 -1.682990 -2.696381 -3.016867 -1.344380 -1.156468 -1.156091 0.189451 0.588242 -0.043512 1.548226 1.925567 1.504571 0.252857 -0.380465 0.860826 -0.303932 -0.445721 -1.130994 0.671732 0.851026 0.328708 1.167213 0.896448 -1.199235 -0.364759 -0.151723 0.007733 0.302323 -1.260056 -0.842428 -0.066362 -0.249229 -1.155460 -0.499353 1.425754 0.841926 -0.835265 -0.367450 -0.007551 0.811035 1.001787 0.149507 0.064291 0.196204 -0.038442 -1.741693 -2.348898 -1.688846 -1.553563 -1.108357 -1.842689 -1.329732 -3.860544 -10.194500 -10.383002 -3.603310 -3.545843 -0.805672 -0.558485 -0.206785 -0.179839 0.416343 0.187644 -1.717058 -1.771882 -2.347675 
192837465
8
1.271987 0.823532 0.568350 0.500602 0.057705 -1.290282 -2.132175 -1.235329 -2.530395 -3.526395 -0.745547 -0.235839 0.630312 0.536568 -0.136388 0.774999 1.192203 1.695629 2.174410 1.060157 1.002755 1.453298 0.258397 -0.495231 -0.975106 -1.544613 -1.925855 -2.307092 -2.916250 -2.082361 -0.946421 0.372613 -0.122390 -0.839187 -0.437946 -0.468108 -0.529258 -2.682139 -2.689376 -2.242956 -0.683001 -1.518161 -0.083626 -0.411490 -0.489514 -1.157568 -2.903241 -2.237936 -1.565054 -1.615069 -2.134710 -2.291952 -1.644834 -3.035934 -1.473435 -1.934895 -3.850164 -3.102709 -4.941098 -2.160954 -1.024207 -0.475250 1.341505 1.328103 0.687738 0.763967 1.717099 1.965960 2.352655 1.427368 1.005254 0.581958 0.618991 0.488949 0.594281 0.476943 0.108391 0.795706 1.671929 0.769634 0.973978 0.943855 0.729238 -0.398982 0.082886 -0.848484 -0.656122 -2.292672 -1.313139 -4.086144 -4.887723 -1.542812 -1.852834 -1.270691 0.015283 0.305855 -0.035547 -0.783212 -0.925732 -0.897778 -1.238154 -1.568247 -2.738516 -2.329099 -2.562949 -1.534125 -1.173340 -2.760589 -2.785570 -1.762427 -2.325899 -2.853808 -2.028892 -1.646538 -0.641414 -1.180019 0.220400 -0.316114 -0.396579 -0.458692 
192837465
9
-1.373463 0.880096 1.195398 -0.636086 -0.038163 -0.232626 0.489821 -0.306819 -2.723635 -2.130351 -1.563507 -1.669202 -1.517185 -0.393701 1.076024 2.143523 1.807389 1.025688 1.646771 1.348389 1.578394 2.049824 1.146785 -0.525076 -0.243949 -0.777059 -0.311837 -0.814760 -1.559295 -0.859325 -0.917956 -0.234105 -0.384996 -1.361492 -1.769321 -2.010682 -0.854873 -1.177440 -1.795471 -1.985733 -1.447540 -1.440979 -0.650782 -2.513415 -1.472309 -1.941603 -2.891336 -2.258344 -2.621314 -2.257429 -2.920197 -2.708642 -2.511311 -1.365622 -1.387587 -2.405232 -1.295756 -3.440069 -0.539321 -0.728638 0.329300 0.184395 0.767316 0.673476 1.248541 2.025116 1.875776 1.178112 -0.044975 -0.037183 0.757411 1.324967 1.349902 -0.011979 0.018483 0.895483 0.375647 1.229050 1.001586 0.732851 -0.512766 -0.521163 -2.203440 -1.489972 -1.746843 -2.817645 -2.020931 -3.311138 -3.109810 -3.442299 -3.466569 -1.754826 0.281800 0.406173 0.748528 1.235340 0.551799 -0.359010 -1.288746 -1.654816 -0.942552 -0.206713 -0.941785 -1.020186 -0.586789 -1.012137 -0.819894 -1.919201 -2.528077 -1.406209 -2.719814 -4.743138 -2.852716 -0.281282 -1.852944 -1.531702 -1.166371 0.836333 -0.066314 -0.947512 
192837465
10
-1.035732 -0.713279 0.876097 0.392077 0.785796 0.631464 -1.363201 0.830615 -0.172179 -1.188060 -2.312540 -0.523577 0.472000 0.935270 1.220036 1.443046 1.439014 1.581637 1.132580 0.710542 1.854527 1.352398 1.607079 1.073304 1.188096 -0.564088 -0.507217 -1.813250 -0.467036 -0.786201 -1.236054 -0.657674 -1.126676 0.122704 -0.476162 -1.003397 -1.112257 -0.797077 -1.317244 -2.319921 -1.908083 -1.866259 -1.943399 -2.802910 -3.330855 -3.503679 -3.704606 -4.234783 -5.624596 -3.450248 -0.625798 -1.128628 -1.504555 -1.963190 -2.556647 -0.546857 -2.016718 -0.320767 -1.365269 0.040383 0.347021 0.463645 -0.564928 -0.056998 0.784653 -0.090549 0.540359 -0.452454 -0.362116 -0.116097 0.756989 0.729071 1.154009 0.822743 0.699149 1.114999 0.930940 0.085694 1.366482 1.290958 -0.060704 -0.893073 -2.234546 -2.262767 -1.854887 -2.425965 -2.423789 -1.103938 -1.601389 -0.950564 -0.625605 -0.294315 0.240695 0.779086 0.135902 1.030860 0.104127 0.174872 0.369492 0.324005 0.812812 1.296402 1.102926 0.517854 0.348109 -0.439340 -1.084912 -1.060657 -0.843658 -1.451077 -2.077964 -3.609950 -1.215337 -2.099945 -3.611992 -3.125595 0.186615 0.027645 -1.423371 -1.526079 
192837465
11
-0.546121 0.078508 0.165705 0.138025 1.238619 1.343885 0.352456 0.110180 -0.457417 -0.689843 -0.277988 -0.947745 -0.064420 2.336574 1.681510 1.169252 1.191747 1.774694 1.297146 0.171594 1.068565 1.335448 0.876250 0.384446 1.232575 1.130817 0.283305 -0.545171 -0.360529 -0.372288 0.322983 -0.391113 0.369965 -0.331002 -0.043411 -1.135218 -1.600222 -1.106928 -3.096370 -3.910471 -4.788402 -2.848241 -3.590414 -3.020176 -3.244901 -2.440745 -2.561660 -3.247429 -3.362909 -1.759244 -2.250059 -4.302033 -6.814299 -2.883044 -1.564735 -2.334848 -1.066537 -1.864459 -1.314113 -0.659028 -0.699161 -0.758157 -1.591738 -4.127129 -2.956949 -1.161750 -0.546209 -1.645528 0.179759 -0.394164 -0.578708 -0.322370 0.393121 1.151442 -0.639758 -1.198714 -0.990813 0.419596 0.228025 1.019576 0.559651 0.153401 -0.045543 0.232420 -0.451331 -3.010728 -1.752941 -1.085300 -1.011921 -0.645394 -0.456913 0.168533 0.649385 1.070701 0.412145 -0.060462 -0.213127 0.895046 1.445445 1.942433 1.176772 1.317813 1.572089 1.312039 0.113721 0.528359 -0.956369 -0.137647 0.235644 -0.817562 -0.777146 0.147388 -1.647463 -0.522478 -1.455735 -1.761548 -0.378426 0.313261 0.601571 -2.641643 
192837465
12
0.986454 0.640432 0.284823 0.901102 0.932456 1.252759 0.511812 -0.158853 0.036424 -0.701638 -0.820935 -0.013834 0.773165 1.767510 1.473414 1.864097 1.648426 1.385211 -0.090916 1.061573 0.897694 0.281303 0.345904 -0.218329 0.247437 0.238524 1.922316 1.499413 1.634450 0.461659 0.615444 0.237075 0.801128 0.661154 0.493947 -1.630284 -1.101803 -1.900224 -2.364913 -3.927689 -3.533381 -3.019060 -3.220853 -2.719895 -2.438456 -3.309220 -1.679475 -0.320496 -0.982778 -4.786128 -6.746214 -5.985923 -6.538890 -3.248148 -2.075935 -2.533936 -2.950443 -1.098065 0.380856 -0.557607 -0.489155 -0.855979 -2.164193 -4.409979 -3.513751 -3.992270 -3.303721 -2.038774 -1.351331 -0.865673 0.133462 0.184347 0.656267 -0.044289 -1.101721 -2.722566 -1.082305 -1.645020 -0.827797 -0.495476 -0.430717 0.035093 -0.048622 0.583827 0.034156 0.547027 -0.041582 0.220808 -1.017054 -2.192534 -1.566442 -1.385299 0.150941 0.556515 0.318482 0.412967 1.003211 1.567579 2.279653 1.647876 2.100651 1.844869 1.095267 1.317977 0.262338 -0.678578 -0.667165 0.455845 -0.307774 -1.028163 -0.511625 -2.151283 -1.599768 -0.666112 -0.366016 -1.214011 -0.650689 -1.060008 -1.407591 -3.535678 
192837465
13
0.188663 0.848682 0.934287 1.208404 0.648396 0.633243 0.459248 0.867575 0.160975 -0.080765 0.553591 0.854151 0.926933 0.860881 1.689875 2.806545 1.958102 2.023959 2.188332 1.933532 1.936776 1.545523 -0.028666 -0.219300 -1.024723 0.234022 0.890621 1.036606 0.511173 1.026575 0.936549 0.798409 1.497349 -0.262564 0.542106 0.039777 -0.591793 -0.797359 -2.434874 -1.576658 -1.087013 -2.025361 -3.233734 -6.146537 -3.428018 -1.234419 -0.761690 -0.915337 0.154997 -0.808375 -1.301727 -2.272179 -4.022898 -2.490696 -1.874994 -2.064564 -2.339637 -2.129762 -0.596533 -0.004242 -0.355721 -0.247536 -0.857827 -0.879967 -1.058089 -0.159469 0.320662 -1.108814 -1.726188 -1.523788 0.182647 0.485461 0.083170 -1.477376 -0.809863 -0.411251 -0.099952 0.028511 0.282975 0.524544 0.852336 -0.724187 0.504931 0.419860 -0.471482 -0.184445 0.570227 0.434280 0.792749 -0.150749 -1.027915 0.181851 0.089178 0.126133 -0.369750 0.011013 0.779127 1.530169 1.835569 1.243218 0.876775 0.954590 0.776980 0.497291 0.582917 -0.640336 -1.498356 -0.055212 0.251254 -0.939604 -0.412940 -0.840943 -0.788329 -0.755156 -1.564766 -0.641557 -1.038949 -1.796452 -2.194887 -1.422629 
192837465
14
1.027379 0.652337 1.310794 -0.169123 -0.699896 0.248783 0.018972 0.347931 -0.626475 -0.727085 0.785291 1.567052 1.238835 1.104491 0.638028 1.013306 1.929109 2.934472 2.131257 3.361823 2.368855 1.813616 1.084450 1.347546 1.229521 1.351409 1.024970 0.835113 0.297873 0.664004 0.569047 0.158726 0.155472 0.122402 -0.527155 -2.713897 -5.067907 -3.602417 -3.369543 -3.788349 -2.585290 -2.510669 -0.797252 -1.652863 -0.656950 -1.645484 -0.511617 -1.694762 -1.134654 -0.275242 -1.361672 -2.185824 -1.664611 0.409174 -0.465215 -2.300107 -2.637941 -1.393904 -0.126282 0.229433 0.569621 0.112423 1.169568 0.494659 -0.054251 -0.757587 0.555533 -0.019264 -1.611217 -1.157081 -0.844300 -1.536734 -0.185645 -1.654719 -2.029374 -0.763346 -0.083661 1.649238 1.711178 1.045019 0.845973 1.116371 0.865987 1.118920 0.109926 -0.003696 0.936680 0.294987 0.666463 0.391303 0.266378 1.837371 1.342206 1.600018 1.268740 1.106633 1.619081 1.282285 1.531790 0.834534 1.626221 0.885847 0.746525 1.333940 0.907018 -0.677616 0.441259 1.488336 1.190499 1.152629 0.436014 1.196305 0.889587 -0.722237 -0.393259 -0.545655 0.123972 -0.404274 -0.479996 0.100920 
192837465
15
1.253596 0.275061 0.277409 0.248941 -0.671524 -0.092121 0.357424 0.285036 0.827705 0.474523 0.552420 0.558139 0.943603 0.969601 0.741492 1.777524 1.824226 1.822924 2.011359 2.377270 2.362937 2.333179 1.264726 1.388873 1.463311 1.771903 0.891807 0.375520 0.435894 0.994790 0.129577 1.741570 0.854136 0.354034 0.672027 0.023177 -0.016123 0.215034 -1.359971 -0.008139 -0.319805 -0.645855 -1.190116 -1.157574 -0.991707 -0.761561 -2.873712 -1.644253 -2.286249 -2.642861 -2.026171 -1.501526 -1.291525 -0.010851 -0.794214 -0.857246 -1.342048 -0.807306 -0.940861 -1.944895 -0.906833 -1.422878 0.371927 -0.404095 0.092952 -0.635847 0.155824 0.204230 0.837419 0.029122 0.465243 0.913615 0.386904 -1.319266 -1.545721 -0.041039 0.632774 1.961743 0.935903 0.900862 0.518832 0.126488 -0.253992 0.410762 0.476601 0.436119 0.933991 0.702917 0.730312 1.961556 1.484001 1.760382 1.001066 0.386311 1.200171 1.632535 2.387862 1.671264 1.286545 0.649567 0.280914 0.775306 0.887305 0.241056 0.907064 0.823130 1.518458 0.937502 1.488388 0.843516 1.861810 1.228336 0.764595 0.628306 0.584368 -1.078468 -2.460335 -1.326817 -1.733172 0.205707 
192837465
