1200.000000
160.000000
120
16
1
0.500000
2
2
0
-0.082666 -0.710107 0.070314 0.054144 -0.638587 -0.789737 0.838594 0.372854 -0.205263 0.224974 1.124349 1.386874 1.199721 0.544120 1.074722 0.824181 0.337372 -0.036236 -0.034347 0.134676 -0.358818 0.406406 -1.049914 -0.982733 0.080313 0.600920 -0.264295 -1.738172 -1.972125 -1.778529 -0.984761 -0.684124 -1.830253 -2.290718 -3.377147 -2.711779 -3.672067 -2.740634 -1.490460 -2.097292 -1.428285 -0.975253 -3.240570 -2.196734 -0.518835 0.005322 0.555755 0.892966 0.543683 -0.282479 1.211543 1.280340 0.503794 1.553525 1.340548 1.940580 1.298882 0.428345 -0.512508 -0.164844 -0.266690 1.001222 0.700995 1.253569 1.021195 1.389789 1.417785 1.799295 2.228732 1.852969 1.807789 1.322970 2.175024 1.281641 1.746203 1.132581 2.587587 2.483409 1.600943 1.383712 1.592162 1.449429 0.934186 0.628018 0.900616 1.289882 1.088517 1.726202 1.226312 0.175198 0.390493 -0.247903 -0.920135 -1.452086 -2.085995 -2.952587 -1.738555 -1.233595 -1.166563 -1.152161 -0.959652 -1.032923 -1.618845 -0.613362 -1.282286 -0.433229 -0.129231 -0.665538 -0.388958 -1.757217 -1.918300 -0.499591 0.683674 -0.314267 0.060839 -1.457697 -2.653646 -2.847198 -3.247441 -3.147764 
192837465
1
-0.506586 -0.337264 0.306538 0.083588 -0.802752 -0.356789 1.000120 1.026413 -0.058602 0.598749 1.134516 1.733325 1.483129 0.463453 0.350173 0.269236 -0.114614 -0.322167 -0.059185 0.825260 1.159310 0.440387 0.286090 -1.366434 -0.878959 -0.188225 -0.260618 -0.806154 -2.545859 -1.572856 -0.237816 -1.741697 -1.089672 -2.365960 -3.023020 -0.495057 -1.600344 -0.114658 -0.448807 -1.080339 -0.896946 -1.049290 -1.027080 -1.351182 -0.782363 -0.462927 -1.661757 -0.347387 0.559406 0.107231 0.488532 1.543611 1.139299 0.101154 0.194338 0.206850 0.709094 0.078261 -1.676901 -2.897273 -0.834545 -0.406071 -0.171217 0.717451 0.986838 0.906250 0.828220 1.012912 1.536818 1.744800 1.107291 1.553049 1.536034 0.591165 0.958890 1.167211 1.407325 1.124269 0.440586 0.745498 0.716131 1.194322 0.337422 0.965476 0.845835 0.550464 1.399383 1.690022 0.961062 -0.419016 0.510930 -1.074170 -1.580409 -3.675079 -3.660615 -5.564699 -3.154606 -2.353385 -0.584300 -0.501377 -1.260552 -1.907036 -2.715575 -1.501130 -1.761073 -1.122074 0.169533 -0.505062 -0.487866 -1.244459 -3.163865 -2.691094 -2.836404 -2.507192 -1.978714 -3.797165 -4.776006 -3.411831 -4.735373 -4.039049 
192837465
2
-0.452190 0.091163 -0.940397 -0.722741 -0.005929 0.268643 0.162757 1.599645 2.073808 2.049756 1.670702 1.632506 1.877374 1.215275 1.371730 0.439088 0.171341 0.649068 0.655439 0.644225 0.090258 0.356117 0.329231 -0.378458 -1.911830 -1.488803 0.354433 -0.394879 0.117289 -1.598147 -2.269838 -2.087595 -2.487853 -2.018463 -1.029102 -1.149456 -0.564767 -0.466439 -0.297491 -0.381208 -2.871735 -1.041569 0.901622 0.605440 0.675083 -0.081279 -1.299533 -0.643946 -0.468499 -1.444404 0.657643 1.334590 0.703660 0.259600 -0.102319 -2.058243 -0.809019 -0.066084 -1.668420 -2.467227 -2.164160 -2.273189 -1.433593 0.073071 0.281998 -0.379083 0.303174 1.029376 0.583907 1.048813 1.059605 1.022866 1.325497 2.319407 2.697403 2.007008 0.767430 1.438806 1.743482 0.621814 -0.202362 0.445504 -0.212144 1.434683 1.648507 1.159004 0.312438 0.270472 0.023964 -0.069467 -1.316754 -1.037218 -2.549328 -3.035417 -6.001767 -11.728236 -7.488951 -2.686184 0.176830 -0.231376 -0.231505 -0.463711 -0.804167 -1.133324 0.041245 -0.221272 0.705577 0.297171 -0.319275 0.388965 -0.408915 -1.465103 -1.504812 -1.430680 -1.738201 -4.734700 -6.374191 -10.610104 -4.684443 -3.747084 
192837465
3
-0.093662 0.357243 -0.980243 -1.021444 -0.252359 -0.552225 0.178390 0.802311 1.432199 1.425080 1.794169 1.910224 2.782485 1.188702 1.767462 1.572416 0.751002 0.653892 1.007031 1.343676 0.769656 0.250504 0.859671 -0.588798 -0.995742 -0.762227 0.101901 0.207735 0.404355 0.801930 0.453616 0.432024 -1.255422 -0.080128 -0.872318 -0.342710 0.284726 -0.398226 0.036418 -0.678912 -0.465531 0.070011 -0.676086 -0.102434 0.216853 0.024241 -1.409732 -0.151491 -0.026021 -0.178090 0.594777 -0.041236 0.339142 0.840472 -0.442639 -2.465611 -2.008694 -1.793353 -3.777617 -3.373619 -3.807957 -1.331976 -1.322037 -1.150711 0.508049 0.305996 0.731722 0.955900 -0.586089 -1.124830 -1.432488 -0.280853 -0.377818 -0.139227 0.244414 0.739026 1.270435 1.515223 1.522492 1.033676 0.546843 -0.129819 -0.930918 -0.188610 -0.024335 0.557625 -0.388614 -1.768216 -3.175134 -1.132817 -0.414369 -2.148065 -0.903145 -2.486341 -4.121091 -3.728899 -2.343157 -2.186895 -0.441954 -0.949014 -0.630565 1.156932 0.533003 0.962947 -0.549850 -0.412657 0.062747 -0.236220 -0.055216 -1.074523 -1.396084 -0.010134 0.709180 0.047154 -1.008657 -1.349811 -3.368198 -5.728972 -6.722125 -3.387973 
192837465
4
0.796980 0.998949 -0.722014 -0.021418 0.649101 1.108593 -0.451899 -0.027245 0.573821 1.568461 1.844231 2.288863 2.749398 2.049517 2.154031 1.425691 1.921512 2.599428 2.636336 2.059857 0.731095 0.693397 0.789238 0.399490 0.542953 0.257329 1.182509 1.697089 1.235080 0.903212 0.682891 0.451945 0.005588 0.058950 0.394525 -0.770453 -0.775803 -0.322217 -0.052472 -0.337450 0.716073 -0.045036 0.727846 -0.029254 0.550770 0.792853 0.638421 -0.616308 0.171084 0.314516 -0.046450 0.021237 -0.422168 -0.194881 -1.714174 -1.494889 -1.141544 -2.072549 -1.282360 -3.025064 -1.687672 -0.169927 -1.094052 -1.828136 -0.754709 -1.700332 0.226552 -0.806038 -1.834414 -1.868976 -1.028888 -1.073593 -0.867963 -0.399368 -1.030855 -0.286603 0.148161 -0.145145 0.414497 0.303691 0.600689 0.180068 -0.192388 -0.536056 0.174442 0.804975 -0.109142 -0.076270 -1.823637 -2.031536 -0.986683 -1.441935 -2.569469 -1.656764 -1.581819 -2.791052 -2.858843 -1.404299 -1.600604 -0.017919 0.161069 0.420926 -0.063406 -0.702502 0.013028 -0.680618 -1.860272 -1.747175 -1.560526 -0.969380 -3.393277 -1.487962 -1.849928 -2.547880 -2.212884 -1.414073 -2.622732 -1.896529 -3.563666 -4.268215 
192837465
5
-0.327236 1.407632 -0.728481 -0.751189 0.384039 -0.631154 -0.166948 -0.510358 -0.395064 0.425563 1.906515 2.666588 2.893848 2.436620 1.501658 1.476083 1.007000 1.851785 0.885972 1.142274 0.297490 0.594050 1.023294 0.727144 0.537080 0.129696 0.940971 1.478650 0.650924 0.450791 -0.714833 -0.160965 -0.364400 -0.089456 -0.542400 0.789467 1.823951 1.216656 0.877331 1.579635 -0.115650 0.570153 1.089095 0.733712 0.049783 0.974339 -0.564117 -0.889909 -1.381099 -1.669398 -0.458047 0.031118 -1.356971 -2.071060 -0.089134 0.162589 -0.051184 -0.452529 -0.424812 0.060615 -2.273463 -2.134133 -0.670498 -0.407706 0.447848 -0.118133 -0.478507 -0.265743 -2.188572 -1.150419 -1.098020 -2.017590 -1.770712 -0.521701 0.112194 1.050354 1.000335 0.724932 0.418063 1.300186 -0.261137 -0.698408 -0.834972 -0.099798 0.106741 1.062788 0.821375 0.491333 -2.446879 -3.748058 -2.179064 -0.479006 -1.884113 -1.024802 -1.009175 -0.870683 -0.808569 -0.596565 -0.373967 -1.551043 -2.531494 -0.848161 -1.233800 -1.355227 -2.213004 -2.193054 -3.742440 -2.960866 -2.371137 -1.358533 -1.714982 -2.273762 -1.810395 -1.913478 -0.864377 -0.932111 -1.484292 -1.832171 -1.593868 0.096033 
192837465
6
0.256983 1.057668 1.162569 0.518725 1.786189 0.445124 0.186798 0.417396 -0.026515 -0.444713 0.646770 1.954092 1.345383 1.532741 0.607965 0.683907 1.044434 1.855496 2.098837 0.991978 -0.057858 -0.567641 -1.384055 -0.920879 -0.270696 0.728514 0.351737 0.346339 0.425593 -0.228542 0.303176 0.779889 0.490245 0.095118 -0.864945 0.607756 0.291837 1.092292 1.768477 1.372892 0.416270 -0.248532 -1.062374 0.051726 1.005346 0.600275 0.384260 1.124136 -0.621941 -0.923583 -1.289718 -1.792971 -1.412349 -2.174475 -1.088789 -1.073362 -2.220294 -1.546135 -1.006455 -0.949215 -0.676691 0.017688 0.812744 -0.209960 1.290560 -0.070762 0.480426 0.323998 -0.618018 -1.130204 -0.705010 -1.364111 -1.062982 -1.544594 -0.506785 0.666768 1.469815 0.664344 0.847568 0.948760 1.030681 0.332297 0.560624 -0.320501 1.520052 0.904288 -1.488343 -2.129582 -1.200633 -2.212053 -1.495027 -0.389816 -1.979470 0.145752 0.300553 0.256003 0.368766 -0.622351 0.199862 -0.767692 -2.630135 -1.306749 -1.347418 -4.607997 -2.891821 -3.209280 -3.311977 -2.663764 -2.090050 -2.216331 -2.526788 -3.082862 -2.688585 -0.523979 -1.776703 -1.601136 -0.581432 -1.434464 -0.867794 0.195002 
192837465
7
1.279504 1.133452 -0.197246 -0.155681 0.373039 0.446383 0.627919 -1.193918 -0.889615 -0.086946 0.355089 0.202838 0.817732 1.086182 1.581247 0.038562 -0.185926 -0.641271 0.867273 0.593225 0.273454 -0.520204 -1.022664 -1.015799 0.297722 0.543072 1.191064 1.181579 0.279806 0.618380 0.646468 0.908995 0.888894 1.321005 -0.094587 0.172541 0.221649 1.055954 1.711165 2.196122 1.922604 1.705505 1.031897 0.962972 0.763219 0.803951 -0.417857 -0.705438 -2.836090 -2.526339 -4.523495 -2.903324 -0.644765 -0.370543 -0.228240 -0.558626 -1.357940 -1.129259 -0.260751 0.602948 -0.254811 0.122630 -0.183415 0.342311 0.612949 1.449053 0.873324 0.215622 -0.393371 0.183573 0.050743 0.411733 -0.411541 -0.718388 -1.101588 -0.785735 0.870607 0.982450 2.039336 1.388417 0.759437 0.867766 0.412280 0.339243 -0.382296 -0.605187 -0.342257 -0.633861 0.246029 -0.071522 0.012268 -0.395629 -0.928459 -0.007662 0.114464 -0.977644 -0.505239 -1.157228 -0.715423 -1.470421 -4.105735 -2.910453 -3.081453 -2.130327 -2.853211 -2.986228 -1.138302 -1.954166 -2.498430 -1.345472 -0.567651 -1.695162 -1.667449 -1.522301 -1.610124 -0.526688 -1.263336 -2.600863 -1.109414 -0.175482 
192837465
8
0.191839 -1.245346 -1.382817 -1.769391 -1.276047 0.150288 0.155620 -0.357188 -1.107453 -0.274670 0.974945 0.424800 -0.431912 0.859910 0.181602 -0.196804 -0.714768 -1.993561 -1.838747 -0.042171 0.321588 0.719809 -0.192781 0.288112 0.053129 0.416997 1.220185 1.533736 1.068967 0.759067 2.256056 1.926930 1.308072 0.978198 0.516437 0.845172 1.035793 1.532525 0.730317 0.842045 2.496173 2.289096 1.729077 1.122494 0.948748 0.325390 -0.713847 -4.360801 -3.699526 -4.727496 -1.582045 -3.916997 -3.039230 -2.638745 -1.407431 -1.405585 -0.220906 -0.826203 -0.202291 -0.937372 0.327343 -0.116114 1.191388 -0.350883 0.965298 1.024718 -0.229232 0.949644 1.292301 1.295147 0.593246 0.391375 -0.069070 -0.090266 0.441905 0.789020 1.916895 1.103486 1.544533 0.771821 0.724506 0.854878 0.294434 -0.212566 0.405483 0.244498 -0.123491 0.361040 0.771082 0.341485 1.049706 0.735979 -0.866294 -0.644572 -1.143494 -0.849169 -0.116811 -0.413561 -0.680933 -0.536915 -0.827590 -2.010337 -1.838091 -1.384010 -0.634195 -1.243022 -0.999283 -0.588027 -0.844316 -1.502268 -0.904873 -2.015209 -1.759338 -2.676215 -6.114153 -2.795604 -1.627659 -0.554445 -1.569190 -0.129646 
192837465
9
-0.163368 -0.486123 -0.254509 0.140230 0.688055 0.096670 1.092779 0.761411 0.676248 -0.082808 -0.798807 -0.075602 -0.489469 0.035486 0.568203 1.117494 0.695249 -0.469611 -0.582480 -1.592827 -0.956684 -1.194939 -0.912356 0.547137 1.040085 0.661842 1.185217 1.510527 2.038408 1.835727 1.749984 1.101348 1.562500 1.456070 2.129941 2.335739 1.140249 1.907961 2.106680 2.128229 2.118844 1.812659 1.211751 0.721342 0.913375 -0.576832 -0.680234 -0.411040 -0.984039 -2.200801 -2.955392 -1.950796 -1.815927 -1.760658 -0.393609 -1.556017 -2.477388 -1.751756 -0.973992 -0.531424 -1.666487 -3.379697 -2.230925 -1.133073 -0.667341 -1.161776 -0.270810 -0.807428 0.214330 1.246205 -0.582108 -0.756044 0.120777 1.658117 2.044086 1.764415 2.104793 1.916295 1.097194 0.531769 0.664132 0.177012 0.567556 0.071968 -0.062686 -0.287487 -0.231110 0.366004 1.100519 0.981260 1.476582 -0.164420 0.696004 0.428874 -0.169886 -0.247343 -0.234793 -0.050834 -1.512750 -2.453741 -0.749108 -1.037702 -0.951218 -0.800880 -1.411123 -0.341325 -0.702679 0.572579 0.065164 0.064785 0.937095 -1.108460 -0.852219 -1.214028 -1.169949 -0.471551 -1.404109 -1.432903 -1.370682 -1.085520 
192837465
10
-0.942084 0.065843 1.395302 1.627049 1.183886 1.151853 1.247767 1.241170 0.423535 -0.032278 -0.291689 -1.013369 -1.691193 -0.508574 1.078462 0.027762 0.740410 0.787874 0.378814 0.986338 0.697781 1.520169 -0.018909 0.397488 0.934101 0.903397 0.551077 0.352068 1.077459 0.721318 0.696441 0.485004 0.822981 1.506378 1.455742 1.223630 0.859731 0.486716 0.275472 0.631982 0.975356 2.045930 2.211641 0.895730 0.733649 -0.020279 -0.481058 0.241148 1.184883 0.367612 0.296577 1.178009 1.470955 1.431695 0.638746 -0.186275 -0.682915 -0.936352 -2.337600 -2.897021 -2.774189 -3.068757 -2.620706 -2.569935 -2.193884 -2.908250 -0.355385 -0.739390 -0.347745 1.259967 0.179369 1.327203 1.597836 1.607795 2.197611 1.968517 1.859961 1.372437 0.726088 1.222181 -0.254649 0.699176 1.294461 1.849508 1.207256 0.445964 0.833600 -0.487288 0.139807 1.600556 1.528673 1.538016 1.833977 0.897814 -0.285314 -0.071355 0.513306 1.177196 0.970161 -0.123164 -0.235591 0.245932 0.597164 0.854973 -0.478215 0.235304 -0.184019 -0.573256 -0.307009 1.089026 1.458051 0.412795 -0.491823 0.199764 -0.585115 -0.107086 0.536333 0.411353 0.282930 -0.054523 
192837465
11
0.346771 1.057033 0.495721 -0.113030 1.193343 0.487135 -0.170789 1.026768 0.789892 1.053125 0.160089 0.033949 -0.336615 0.153438 -0.273700 -0.110555 0.691773 1.757725 1.829570 1.878738 1.410225 1.325146 1.648395 1.700668 1.804226 1.019945 0.822312 1.284034 1.041029 0.997501 1.563131 0.407063 0.152219 0.096617 -0.454988 -0.580419 0.160301 0.715945 -0.094777 -0.907498 0.216252 0.656662 0.854034 0.866137 0.757691 0.214563 0.027258 1.412135 2.284756 2.758971 2.113295 1.746111 1.691284 1.654991 1.272314 1.687368 1.129772 0.614719 -1.484865 -1.223503 -2.115142 -3.582654 -4.965852 -3.117738 -2.376489 -1.661535 -1.191764 -0.485165 0.471511 0.855850 0.932302 1.369167 2.186091 1.591878 1.780736 1.690561 2.045397 1.610482 0.614182 0.511245 0.432231 0.631134 0.947791 1.037586 1.424825 1.864307 1.250428 1.888971 1.383559 1.049352 0.519432 0.157549 -0.089563 -0.788135 -0.439807 -0.153359 -0.803937 -2.270235 -0.397223 -1.541404 -0.183068 -0.156455 -0.564045 -0.868221 -1.058210 -1.539184 -1.056218 -0.236060 0.782916 1.788427 1.693462 1.929874 1.380724 1.771947 0.725597 0.532260 -0.964045 -1.939129 0.675504 0.931466 
192837465
12
-0.381291 -0.546115 0.116686 1.099201 0.891348 -0.648339 -0.142020 0.451380 0.324966 0.468544 -0.257248 -0.828884 -1.225114 -1.466076 0.116485 0.345309 -0.146458 1.059752 1.000642 1.041526 0.989543 0.838123 0.690245 0.785976 0.743652 2.237635 2.048351 0.671417 1.386534 1.279761 1.465266 1.685344 1.304732 0.383473 -0.073055 -0.856892 -1.368928 -1.074110 -0.714948 -2.408931 -0.438192 -0.004298 0.190736 0.711827 0.855363 0.606964 0.498179 0.449518 1.093139 1.419322 1.645464 1.704827 1.661337 1.058981 0.169685 1.297583 0.612552 0.603779 -0.101375 -0.832068 -2.030444 -2.995471 -1.938603 -4.085635 -2.061640 -1.853916 -1.483537 -1.362656 -0.791769 -0.566176 -0.019297 0.593630 0.636408 -0.324974 -0.042259 0.381513 -0.137978 0.014957 0.593960 0.987532 1.708180 1.585460 0.541536 0.853205 1.392168 1.405986 1.795406 1.319911 0.209448 -0.133905 -0.365840 -0.785616 -2.097558 -2.428408 -2.041677 -1.305023 -1.378513 -2.228696 -1.441265 -0.895772 0.200771 -0.173546 -0.671460 -0.957015 -0.457039 -0.784436 -0.536975 0.485052 0.845076 1.180982 1.044772 1.467907 1.351343 0.523382 0.436623 0.227907 0.182204 -0.485282 -1.985971 -1.199206 
192837465
13
-0.760363 -0.355041 -0.159642 -0.626393 -0.672479 -1.544786 -1.632741 -0.601912 -1.373195 -1.445535 -1.118153 -0.155932 0.216535 1.338419 0.697193 0.989847 0.991032 0.391274 0.254035 0.017797 0.828597 0.414652 0.152630 0.700210 0.669042 1.607000 0.895074 0.405565 0.711724 1.000329 0.403340 1.367057 1.192233 0.080235 -0.148123 -0.819152 -0.417867 0.429909 -0.789850 -0.592447 -2.093592 -0.536439 0.554980 0.524608 1.204084 1.186632 0.868110 1.569819 1.144179 0.776974 1.246356 1.073202 0.930113 0.080709 0.292269 0.132194 1.028881 1.735518 0.923972 -1.307158 -0.822922 -0.368404 -0.915453 -2.578222 -1.669030 -1.366376 -2.000384 -1.857968 -0.292413 -1.991269 -2.172963 -1.843063 -2.057937 -1.167244 0.035173 -1.151796 -0.268231 -0.246982 0.532496 1.635964 0.274485 1.134832 1.202779 1.249639 1.388874 2.108095 1.637124 0.917001 -0.274096 -0.865616 0.279643 -0.465919 -0.731882 -0.431975 -0.715358 -0.400474 -0.723887 -0.087365 -2.252110 -0.809537 -0.530453 -0.113767 -0.885684 0.625988 -0.267216 -0.953027 -0.437140 -0.534535 -1.469325 -0.341122 -0.588311 -1.429865 0.320895 -0.260955 0.133124 0.198301 -0.476652 -0.846651 -1.956936 -0.944403 
192837465
14
-0.575567 -1.115613 -1.050752 -0.781169 -0.073850 0.301504 -0.688277 -1.397794 -1.579654 -1.065894 0.238577 0.373820 1.689676 2.362704 1.722466 0.925266 0.787319 1.401824 1.857933 1.993865 1.136436 0.657556 1.224606 0.814328 0.546917 1.655255 1.704375 1.580514 -0.126066 -0.864102 -0.694047 -0.029495 -0.506035 -0.929151 -0.750615 0.064992 -0.253703 -0.931743 -0.877606 -1.393198 -1.937748 -0.971507 -0.139506 0.272529 1.117540 0.238267 0.474939 0.966858 1.668204 1.326215 1.307177 -0.330270 -1.182477 -1.597874 -0.726225 0.080217 0.289230 -0.338086 0.398632 -0.373072 -0.763591 -1.229966 -0.566633 -0.643149 -0.625774 -0.957248 -2.221747 -1.228331 -0.700344 -1.553211 -2.842413 -1.134696 -0.983603 -0.276875 -0.214673 -0.495353 -0.560312 0.318024 0.735817 0.224393 1.015927 0.269978 0.574872 0.396238 0.619941 0.999757 0.719522 -0.399093 -0.063491 -1.068909 -3.162436 -1.684073 -0.105872 0.604188 -0.285950 0.647398 0.726682 0.694932 -0.388289 -2.180592 -0.902974 -0.946598 -1.044547 -0.543454 -1.259688 -1.376355 -1.239866 -1.109520 -1.697701 -0.566873 0.656086 0.184796 0.457754 1.107230 -0.751124 -1.201360 -0.286027 -0.134426 -0.805267 -1.275530 
192837465
15
-1.000760 0.133677 -0.837373 -0.958729 -0.690161 -0.770492 0.561446 0.274575 0.631747 0.124053 0.585410 0.934334 0.309777 0.948248 0.237636 0.067362 1.448603 0.990613 1.426466 1.657292 1.416537 2.290079 1.228543 0.724584 -0.593513 0.004675 -0.196783 0.861562 -0.570312 -0.690458 -1.189303 0.182133 0.000678 -0.144932 -1.469091 -2.604010 -0.393096 -0.702594 -0.014919 -1.015022 -0.877668 -1.628339 -0.819786 0.107353 -0.497696 -0.018952 0.604672 1.225704 1.318918 1.852811 1.294933 -0.158197 -1.159264 -2.660233 -3.316501 -2.411245 -2.257754 -0.236374 0.398692 0.840816 -0.346970 -0.157054 -0.882016 -1.895726 -0.927627 -1.833001 -1.589851 -0.719257 -2.412701 -4.354109 -2.513620 -0.787476 -1.470751 -2.835989 -3.184454 -3.623335 -0.841546 0.550305 0.486808 0.721414 0.433759 -0.209083 -0.102431 -0.260720 -1.291590 -0.477314 -0.899663 -0.134299 -1.619369 -3.052436 -1.992463 -1.169029 -0.656155 -0.524749 0.561740 0.258440 0.528804 0.160295 0.854893 0.153469 -0.801616 0.640458 -0.911888 -1.370028 -2.985196 -3.146161 -3.192800 -1.434549 -1.223588 -0.705202 -0.519972 1.145309 0.677546 -0.334794 -0.367625 0.090132 -1.023652 -2.995076 -4.383313 -6.066871 
192837465
