1200.000000
160.000000
120
16
1
0.500000
2
2
0
0.520866 0.049181 -0.099509 -1.366726 -1.922309 -2.789051 -2.567884 -5.387335 -4.005637 -3.451555 -2.418481 -1.279355 -1.737708 -2.183400 -0.371065 -0.724713 -0.363988 -0.276021 0.026580 0.769248 0.694619 0.334858 -0.002243 0.733149 0.136992 0.261793 0.045235 -0.575110 -1.829654 -1.628909 -0.963409 -0.712416 -1.067883 -1.583822 -1.229185 -1.509931 -0.959490 0.228018 -0.743894 -1.532546 0.273583 0.935023 1.517334 2.276838 1.904503 2.820030 2.118932 1.041979 1.212351 1.251085 1.858244 1.999635 1.382904 0.931824 0.724262 0.866036 1.049805 1.138469 1.169682 -0.001084 -0.727904 -1.295724 -0.643079 0.554697 -0.046931 -0.541745 0.448818 0.384952 0.829874 0.429676 0.472814 -0.339106 0.581618 0.549883 1.353260 1.120818 0.537319 -0.071699 -1.083178 -0.468325 -1.734690 -0.237044 -0.384109 -0.410112 -0.090186 -0.662143 -1.594136 -0.630274 -0.546079 -0.869521 -0.879101 0.451246 1.360003 0.616657 0.376436 0.827618 1.580823 1.204943 1.794867 0.967813 0.923763 1.085126 1.012097 0.447507 0.699839 -0.373939 -0.642665 0.433848 -0.162607 0.791025 0.010943 -0.388030 -0.247607 -0.981016 -1.567449 -1.511516 -1.120033 -1.830943 -1.203432 -1.028053 
192837465
1
0.232737 -0.675314 -1.088321 -1.018815 -1.270552 -2.593276 -1.816782 -3.576533 -1.779556 -1.876689 -1.257539 -0.436054 -0.695094 -0.048630 -0.726626 -0.291439 -1.456044 -2.195196 -1.713578 -0.766058 -1.612443 -1.944229 -0.939408 -0.070571 0.262708 -0.490566 -1.299722 -0.448952 -2.204728 -1.815520 -2.826757 -2.724875 -2.019780 -2.101618 -2.500051 -0.239879 -0.024574 0.196016 0.392232 0.989532 2.020136 1.560134 2.018888 2.255288 1.729559 2.396638 2.469128 2.022376 0.854674 2.695527 2.050171 3.074120 2.709300 2.455313 1.383651 1.994441 1.499906 1.086638 0.316301 -0.971012 -1.082305 -1.032391 -0.359832 -1.115248 -0.591807 -0.900303 -1.428802 -0.627188 -0.531279 -0.266675 0.322948 0.536051 -0.497272 -0.605515 0.539940 0.226802 0.534085 0.899189 -0.575854 0.135038 0.197553 -0.389321 -0.131736 -0.520728 0.128187 0.351972 -0.525616 -1.211107 -0.916371 0.124894 0.295801 0.647067 0.584296 0.616222 0.674610 1.457480 1.361794 1.626579 1.147478 0.994459 1.016055 1.497124 0.630986 -0.372464 -0.433057 0.108393 -0.441305 -0.450989 -0.718977 -1.082124 -0.260919 -1.926832 -2.390218 -3.298249 -2.511568 -1.361835 -0.896139 -1.239153 -0.971874 -1.139533 
192837465
2
0.921291 0.056410 -1.023211 -1.514935 -1.509821 -0.683175 -0.439476 -0.817937 -1.185475 -0.881455 0.203870 0.315955 -0.806677 -0.152177 -0.448413 -0.907692 -1.217016 -1.464257 -1.291197 -0.268711 0.444415 0.693779 0.238273 -0.104956 -0.834725 -1.272380 -0.687747 -1.667880 -1.309437 -2.431644 -2.987430 -3.119153 -3.573762 -3.989152 -1.681230 -1.425166 -0.489242 0.165608 1.565228 2.242841 2.382055 2.475784 1.563506 1.909869 1.993956 1.911744 2.343915 1.682604 1.464332 1.736191 1.987420 2.179920 2.676865 2.002679 2.532370 2.274706 1.880255 0.647229 -0.331911 -0.380724 -1.642774 -2.377266 -0.846019 -1.291296 -1.064288 -0.591479 0.634477 -0.649320 -0.398885 -0.538347 -0.723507 -0.978842 -0.825546 0.230208 0.830784 0.928071 0.655379 -0.306071 0.164258 0.133737 -0.781417 -0.869918 0.174828 -0.308219 -1.414783 -1.869871 -1.905538 -2.631330 -2.215838 -0.873814 0.442475 1.210045 1.111192 0.901609 1.058263 1.436312 1.143370 1.349677 0.400889 -0.147248 0.238946 0.437014 0.093021 -0.308433 0.650447 -0.186109 -0.884707 -0.877767 0.290453 -0.248730 -1.177574 -1.444280 -1.855200 -1.611612 -1.538182 -0.499204 0.192855 -1.863405 -2.435141 -2.340830 
192837465
3
-0.127953 -0.076917 -0.108939 -0.191093 -1.182303 -2.334281 -1.954106 -1.437601 0.328519 -0.023704 0.276552 -0.099521 -0.043571 -0.102039 0.422376 -0.619283 -0.011757 -0.319025 -0.742586 -0.379351 -0.539699 -0.340339 0.042972 -0.802735 -0.687789 -0.636910 -1.469891 -1.604956 -1.879836 -2.521025 -2.664552 -1.923314 -3.365570 -3.695517 -2.317256 -1.399554 -0.602146 0.582286 1.135371 1.604944 1.399090 1.636775 1.640690 2.261575 1.816301 2.273921 1.405937 1.296500 1.655807 1.289913 1.329810 2.439997 2.265811 2.204248 2.131433 2.146395 1.011827 0.898719 0.457736 -1.822428 -2.438190 -2.124911 -1.881990 -0.393343 -0.141243 -1.066595 -2.899385 -2.443033 -1.549244 -1.458224 -0.113379 -0.208520 -0.434437 0.104998 0.541972 0.537501 0.242192 -0.302490 1.010544 -0.142305 -0.526347 0.293017 -0.154599 -0.186170 -1.108015 -0.802577 -1.632205 -1.745216 -1.192268 -0.740644 0.169516 0.361263 -0.476143 -0.196017 -0.053228 0.516365 0.239356 0.415607 0.249790 0.653234 1.251801 1.200632 0.686399 0.452852 0.192572 -0.366198 -0.340860 0.093770 -0.297760 -0.725425 -2.119615 -1.925772 -1.226403 -0.418749 -0.041524 -1.197802 -2.177705 -2.908504 -3.179251 -3.465923 
192837465
4
-0.602781 -0.643285 -0.666449 -1.268641 -0.858305 -0.449772 -0.673424 -2.292262 -3.123997 0.144238 0.858938 0.438910 0.654243 1.445628 1.036424 0.776805 0.641510 1.335805 -0.612379 -0.139570 -0.704136 0.159421 -0.481986 -1.128878 -0.536748 -0.887981 -0.489802 -0.208100 -0.553141 -0.630384 -0.176712 -0.231540 -1.408751 -2.435841 -2.686896 -1.914777 -0.987006 0.732231 0.709471 0.975515 1.591490 1.165119 0.984355 1.421526 1.187988 2.495798 2.280058 2.092108 1.793000 1.789394 2.148331 1.683445 1.864494 1.257754 1.066446 0.851900 1.357456 0.931543 0.002666 -1.100388 -1.878621 -2.808329 -2.139553 -0.842036 -0.656430 -0.702022 -1.450102 -0.815516 -0.753365 -2.201354 -1.468875 -0.039879 0.425070 0.665104 1.001782 0.260426 -0.165075 0.625337 0.692613 0.802964 0.606130 0.070185 -0.111104 0.718868 -0.182848 -1.176486 -0.519776 0.024628 -0.261671 -0.421317 -0.062422 -0.345913 0.441923 0.633448 0.077333 -0.355643 -0.512112 -0.303135 -1.168779 -0.455695 0.298463 0.322208 0.356766 0.020973 0.533088 -0.475066 -0.950831 -1.176496 -0.609787 -0.945144 -1.980168 -1.432520 -2.684719 -4.282229 -3.548685 -2.192363 -2.438968 -3.893753 -1.917059 -1.129964 
192837465
5
-0.806973 -0.380263 -0.797158 -1.139942 -1.400875 -1.103163 -1.059391 -1.515797 -0.454285 0.325144 0.221672 0.295227 0.284267 1.144351 0.768897 0.173942 0.588490 -0.400461 -1.262142 -0.662579 -1.739701 -2.471398 -0.753267 -1.050500 -0.797623 -0.005760 -0.275189 -0.582894 -0.311650 -0.517295 -0.370099 -0.384452 -0.945754 -1.267700 -0.909694 -1.399919 -2.229029 -1.421725 -0.214063 0.441865 0.165297 -0.175896 -0.246262 0.342734 0.479627 1.148014 1.135191 1.659649 1.533494 1.556183 0.916106 0.185552 0.303133 0.959496 1.210846 0.962219 1.593984 0.391335 -0.716602 -2.908594 -1.121684 -1.859085 -3.234992 -2.331704 -0.648971 -0.539694 -1.199676 -1.016668 -1.188100 -0.363888 -1.663154 0.218868 0.038733 0.680447 0.164872 -0.974101 0.467568 1.388652 1.151433 1.358681 1.836690 1.463494 1.151395 1.225886 0.660373 0.883528 0.152180 0.095127 -0.734004 0.125955 -0.700502 -1.022381 0.132229 0.020643 -0.844583 -0.791283 -0.844647 -0.471084 -0.864112 -1.750703 -1.412290 0.199987 -0.429563 -0.726839 -1.229308 -1.906287 -2.691116 -0.993314 -1.963281 -1.363086 -1.345661 -1.958464 -3.640534 -3.109350 -4.312783 -2.663913 -2.009283 -1.055491 -1.056175 -0.931953 
192837465
6
0.729810 0.812030 0.339427 1.465329 0.558340 -0.983051 -0.153433 0.273838 0.060005 1.267712 1.072461 -0.614487 -0.375269 1.001473 0.188366 0.051724 -0.189281 0.159189 -0.685723 -0.620652 -0.306458 -0.851275 -0.838265 -0.823177 -0.884447 -0.893468 -1.423349 0.195764 -1.040172 -2.284142 -2.800908 -1.709029 -1.139023 -1.374602 -0.646105 -0.848877 -0.264454 -0.201107 0.204654 0.484709 0.286437 0.515845 0.738352 0.536220 1.106377 1.038243 1.400512 1.912150 1.983892 1.772304 0.934098 1.239817 0.752527 1.208796 0.804407 0.131745 0.290187 -0.786703 -1.014432 -0.284037 -0.760561 -1.023113 -2.697575 -1.046359 -0.214984 -0.982228 -0.900234 -0.868420 -1.686519 -1.070521 -0.007087 0.103745 0.975795 0.998779 0.910332 0.830461 1.090892 1.404725 1.922962 1.036360 1.319020 0.817998 0.938135 0.699136 0.527725 0.469669 -0.005786 -1.243641 -1.651362 -1.099980 -2.407081 -0.693942 -0.592326 -0.626132 -0.829685 -1.388357 -1.020607 -1.374058 0.096452 0.099698 0.072511 0.358015 1.192285 0.544080 -0.091549 -1.076692 -1.869797 -1.343013 -1.071724 -1.455556 -0.691880 -0.376668 -0.413317 -1.395623 -0.496254 -1.561828 -0.785943 -0.537925 0.007524 -1.450549 
192837465
7
-0.082199 0.255102 0.996057 1.750622 1.751697 0.933816 0.944393 1.284497 1.734418 0.934385 1.522759 0.745406 -0.206880 -0.699196 -0.115949 0.008396 -0.307023 -0.302658 0.111934 -0.031692 -0.642548 -0.540710 -1.152138 -0.853097 -0.459754 -0.899925 -0.982607 -1.437095 -1.645195 -1.785447 -1.582262 -2.342691 -2.268863 -0.695964 -1.314869 -0.226795 0.616465 0.416391 1.432705 0.657436 1.245770 1.341360 2.381533 2.095852 1.027861 0.630644 0.697854 1.134315 2.101187 1.150314 0.572279 -0.098286 -0.461917 -0.939725 -0.762567 -0.852596 -0.973827 -0.625737 -0.778366 -1.599384 -1.261689 -0.695162 -1.283125 -0.204242 -0.646887 0.103103 -0.540808 -0.009827 0.566717 -0.652087 0.329801 0.703916 1.365286 0.969690 1.299206 1.880416 1.457780 0.580697 0.654109 0.278516 0.386159 0.576876 0.778284 -0.191323 -0.064060 -0.031687 0.559629 0.293322 0.112798 -0.884664 -2.228887 -1.531620 -1.822499 0.066027 -0.120654 -0.401714 -0.410663 -0.358632 -0.643209 -0.339150 -0.593033 -0.194042 0.592088 0.705182 -0.476040 -0.258206 0.250838 0.286242 0.405178 0.112277 -0.402490 -0.383055 -0.805655 0.482340 0.180460 0.575936 1.232931 0.894166 1.347160 0.976410 
192837465
8
0.411482 0.880489 1.273798 0.908151 -0.311779 0.276825 0.010809 0.974462 1.775807 0.974462 1.094660 -0.166075 -0.750779 -0.039521 -0.438585 -1.218854 -1.361112 -0.478606 0.618984 0.618696 0.568757 0.181706 -0.181395 0.214582 0.102326 -0.207807 -0.859645 0.059910 -1.068006 -0.810976 -1.900007 -1.120760 -0.879066 -0.154887 -0.517483 -0.127113 -0.029981 0.251845 0.635345 0.688119 0.762903 0.343313 1.174047 1.462921 1.698964 1.839108 1.477579 1.484788 1.404906 -0.633200 -1.175120 -1.058142 -0.846911 -1.177421 -0.626841 -0.165020 -2.269663 -2.158000 -1.586462 -2.174172 -2.723940 -1.993440 -2.055358 -1.639794 -2.333810 -0.606143 0.522841 -0.671149 0.155340 0.594659 0.900338 0.860737 1.248719 0.911665 0.630597 0.634128 1.167126 1.871872 1.635398 1.477931 1.106598 -0.059727 -0.076398 -0.606450 0.049980 0.719682 0.443100 1.074194 0.505177 0.040268 -1.510072 -1.318617 -0.767462 -0.549778 -1.085882 -0.238834 -0.660260 -0.496407 -0.866061 -1.022698 -0.746017 -0.700705 0.176975 0.431612 0.065610 -0.206675 1.136505 0.696764 0.418134 0.039782 0.388446 0.145041 -0.905446 -1.410292 0.128348 1.001719 1.321267 0.218399 1.019956 0.749505 
192837465
9
-0.080679 -0.440922 -0.680655 -0.531331 0.598820 0.014958 0.632638 0.697559 0.812105 0.615492 0.153204 0.179532 -0.279010 -0.153140 -0.687740 -2.218407 -1.433971 0.110665 1.501079 1.182567 1.302175 1.018490 0.402897 0.221603 0.089580 -0.685361 -1.176572 -0.034138 -0.320539 -0.948337 -0.724517 -0.892417 0.583505 0.698857 -0.051871 0.092453 -0.703116 -1.074401 0.027443 0.635512 0.032297 0.173254 0.436735 0.523025 0.944133 1.248078 1.410104 0.822039 0.774559 -0.102770 -0.694994 -0.380730 -0.355427 -1.013202 -1.689674 -1.936944 -2.328917 -4.750347 -10.424008 -5.645270 -4.106081 -2.554924 -1.893063 -0.100582 -0.663457 -0.536369 -0.533338 0.045297 0.827450 1.181595 1.205530 1.363839 1.557507 0.652702 1.167741 1.550929 1.972501 1.184212 1.451832 1.739017 1.304998 1.045116 0.954504 0.746751 0.357945 0.435153 -0.392676 -0.210771 0.394620 -0.527381 -1.685158 -0.621247 -1.082307 -0.876726 -0.263907 -0.178171 -0.042261 -0.509490 0.196660 -1.119894 -0.188508 0.367652 0.784629 1.074735 0.699827 0.898115 0.993367 2.046476 1.077101 0.479471 0.595434 0.681181 0.001006 -0.653635 -0.079045 -0.156423 0.090856 0.680231 1.016650 1.306175 
192837465
10
-1.565491 -1.205334 -1.775558 -2.584225 -2.303093 -2.506439 -2.058734 -0.151479 -0.435343 -0.194126 -0.491674 -0.087832 0.245034 -0.376530 -0.420500 -0.064776 0.561123 0.697516 0.946606 1.334375 1.452044 0.712935 0.119619 -0.721893 -1.449159 -1.093866 -0.526279 -1.629871 -0.946814 -0.604040 -0.078214 -0.147783 -0.022629 -0.403556 -0.173789 -0.323968 -0.258152 -0.106818 -0.027007 -0.478782 0.291847 0.780795 0.951418 1.265577 1.083949 0.402833 0.770417 1.262489 -0.427983 -0.314655 -0.880871 -0.754492 -0.709948 -1.479715 -2.245449 -1.729007 -2.538340 -3.310202 -4.651085 -5.648341 -3.975538 -1.829662 -0.934828 -0.949027 -0.393951 0.250006 0.548048 0.882139 1.552320 1.333125 1.744508 1.627919 2.302592 2.016219 2.148490 2.624601 2.258001 1.576098 0.764180 0.079149 1.430755 0.912110 0.658902 0.600733 0.421442 0.009243 -0.692133 -0.719236 -0.052328 0.385194 -0.687852 -0.185241 -0.135967 -0.995820 -0.894838 -0.333423 -0.598684 -0.307478 -0.265802 0.766137 1.108106 0.509581 0.433664 -0.845414 0.362294 0.414678 0.378411 0.404944 0.452521 0.098921 -0.251687 0.091889 0.090605 0.177514 0.756518 0.185659 0.734963 -0.041941 1.174748 0.597403 
192837465
11
-0.120114 -0.556064 -1.433524 -0.816081 -1.253154 -2.036042 -1.831979 -1.874798 -1.872362 0.064362 0.289254 0.350042 0.748440 0.959311 0.918463 1.565200 1.560467 1.436227 1.340030 -0.363910 -0.357202 0.628660 0.874764 0.382988 -0.145580 -1.192691 -1.079773 0.132173 -0.993518 -1.041140 -0.126576 -0.737339 -0.479499 -0.100462 0.436424 1.002089 0.085274 -0.031047 0.026910 -0.254982 -0.090583 -1.988055 -0.896232 0.367401 -0.650126 0.762656 -0.021207 -0.586411 -1.255198 -0.739503 0.276405 0.776452 0.966374 0.689486 -0.661243 -1.109317 -1.628507 -1.551335 -2.650616 -4.067239 -2.660029 -3.455950 -1.952748 -1.100356 -0.203201 0.961462 0.258109 0.428098 0.736074 1.302573 1.150696 0.860408 1.443013 1.561174 0.565003 0.896522 -0.103092 0.844878 0.226288 -0.115663 -0.291301 -0.521575 0.345903 -1.537197 -0.278626 -0.666716 -1.278595 -1.968176 -0.963007 -1.570721 -2.534312 -0.434445 0.090807 -0.193918 -0.453772 0.109206 0.201295 -0.924253 -0.560877 -1.308268 -0.244700 0.105743 -0.378612 -0.635841 0.814256 1.396035 0.873248 0.501279 0.306580 -0.288446 -2.129667 -0.511918 0.143026 0.521434 1.133445 0.378646 -0.197858 -0.325644 0.056646 -0.498663 
192837465
12
0.953546 0.403984 0.175865 -1.398885 -1.657008 -2.766941 -1.921120 -0.657559 -0.459799 0.789689 0.747161 0.305647 0.916482 0.731949 0.116655 0.518196 1.449051 1.121326 0.756289 1.244043 0.506169 1.221577 0.298741 0.579502 0.521944 -0.148400 -0.255617 -0.908612 -0.761060 -0.493707 -1.592656 -0.867313 -0.046561 1.007116 0.678140 1.315067 0.381439 0.695793 0.720656 0.682274 -0.085162 -1.235103 -0.742574 -0.418028 0.168370 0.716558 0.047057 0.747234 -0.373363 -0.835273 0.478183 0.771130 0.207066 -0.364222 -0.121283 -0.811219 -1.864235 -2.830307 -2.873269 -1.982219 -3.408273 -3.282224 -1.625447 -1.310313 -0.750873 -0.680181 0.022697 0.027793 -0.742123 0.388519 1.563045 1.850818 1.128243 0.505751 0.736404 0.755986 0.506626 1.327845 1.093744 0.562811 -0.385808 -0.695961 -0.098890 0.502903 0.148510 -0.226198 -1.046390 -0.933469 -1.768892 -2.048489 -0.983000 0.233980 0.151536 0.551753 0.794635 0.356351 -0.491016 0.199086 -0.263902 -0.706937 -0.897393 -0.864509 -0.963601 -0.106224 0.500346 0.625789 -0.037800 0.496538 -0.329291 -0.940954 -1.560981 -0.865473 -0.496822 0.154978 0.087239 -0.179230 -0.147058 -0.098305 -1.133415 -1.327740 
192837465
13
0.252462 -0.086459 -0.694947 -1.669198 -0.709565 -0.947140 0.039553 0.104901 0.271396 0.690337 0.646798 0.701172 0.304286 0.889739 1.379163 0.997081 0.878906 1.213787 0.997317 1.121306 1.081745 1.100899 1.661473 0.236630 -0.333106 -1.368707 -1.551939 -0.275005 -1.302128 -0.601919 -0.415129 -0.062127 0.239177 0.137960 -0.142870 -0.085522 0.858644 0.688211 0.405851 0.729580 0.445727 -0.821666 0.053183 0.042433 0.296286 0.597772 0.076147 0.458015 -0.198112 -0.592727 -0.475237 -1.057829 -0.275003 -0.108524 -0.665166 -0.686850 -0.383097 -1.602217 -2.136298 -1.534987 -3.445479 -1.655836 -0.352774 -0.151778 -0.267778 -1.022993 -0.736357 -0.274810 -0.611646 0.502130 0.835351 1.513083 1.403385 0.632696 0.379393 -0.558948 0.689622 1.008689 0.855000 -0.209761 -0.139572 -0.074513 0.892754 0.475719 0.796729 0.203327 0.388265 -0.214532 -0.276836 -0.244708 0.227377 -0.248233 0.923094 0.488250 1.677166 1.046639 0.440228 0.365379 0.538526 0.033466 -1.137252 -1.338062 -2.469418 -0.624862 -0.216222 -0.096640 -0.509696 -1.311643 -1.209661 -0.974367 -1.133227 -1.293580 -0.471010 0.209678 0.247076 0.738471 1.064347 0.434279 -0.871883 0.043010 
192837465
14
0.419100 -0.098774 0.335429 0.006338 -0.403393 -0.090780 0.283253 1.368502 0.655229 0.302786 0.687922 1.502022 1.430535 2.074567 2.221506 1.634029 1.378721 1.506332 2.354462 1.930337 1.257060 1.180231 0.943665 -0.077986 -0.384116 -0.391171 0.589717 0.929032 0.198627 -0.091811 -1.064825 0.456939 -0.153882 0.342148 -0.304660 -0.140645 0.650474 1.052530 1.169876 0.434614 0.218242 0.200389 0.115581 0.582091 1.044774 0.413045 0.578567 0.063390 -0.489536 0.431135 0.100101 -0.877654 -1.044997 -1.197037 -1.637632 -1.736837 -1.506116 -2.761451 -1.228884 -1.755232 -1.193991 -1.657875 -0.936931 -0.285888 -0.812361 -0.849455 -0.786265 -0.587222 0.065979 0.878903 1.027441 1.712937 1.124305 0.828904 0.491810 -0.277711 0.349562 1.648927 1.535618 0.981318 1.394921 1.175178 0.947472 -0.595682 -0.139471 0.318201 0.893515 1.358240 1.619345 2.036536 2.020629 2.014206 1.107672 1.023688 0.974200 -0.521247 -0.291932 0.133966 -0.477515 -0.935524 -0.243166 -0.747699 -0.643202 -0.111346 -0.250483 0.092348 0.382813 -0.178765 -0.696626 -0.694953 -0.088191 -0.954131 -0.030826 -0.251581 -0.058490 -0.733738 -1.246993 -1.395601 -0.778156 -0.424361 
192837465
15
-1.230315 0.554366 -0.757181 0.058626 -0.450784 -1.150217 -0.219663 0.291075 0.595008 -0.181797 0.698946 0.762856 1.568801 2.301434 1.667103 1.973072 1.905006 2.074162 2.142741 2.907507 1.355952 0.994769 1.050793 0.872688 -0.365303 0.477567 0.612023 0.213523 -0.609904 -0.361112 -0.179701 -0.146660 0.558243 0.813878 -0.341665 0.041079 -0.105938 -0.482411 -0.625381 -0.640519 -0.306335 0.126918 0.848612 1.720586 1.976230 0.940968 -0.419392 -0.569361 -0.440825 -0.776898 -0.544908 -0.723583 -0.419700 -1.513010 -2.868141 -2.666442 -1.113937 -0.480636 -1.802635 -3.333326 -2.241931 -2.977165 -1.519523 -1.407440 -1.817331 -0.343606 0.173666 0.499705 0.484232 1.073608 1.630737 1.574775 0.525439 0.718827 1.049995 0.140864 0.034982 0.501384 1.602298 1.437586 2.014287 2.150333 2.496461 1.931779 1.886032 0.725704 1.100753 1.855478 2.031178 2.287982 2.566089 2.548862 1.860441 1.899504 1.141230 1.153309 -0.154905 0.018784 -0.823623 0.826263 1.321194 0.809570 0.276822 0.362998 0.369672 0.190776 0.819309 0.570153 0.495826 0.644633 0.864079 0.426994 0.356219 0.649526 0.029514 -0.068344 -0.561324 -0.155916 0.068118 0.700691 
192837465
