1200.000000
160.000000
120
16
1
0.500000
2
2
0
-0.518181 -0.312026 0.712512 1.002489 0.963895 1.463288 0.730895 0.918517 0.363072 0.480891 0.303599 0.217138 0.734245 0.796655 -0.176266 0.548073 -0.433213 -1.181845 -0.869966 -0.533163 -0.776733 -1.275399 0.199978 1.086521 0.371303 1.317078 0.516973 0.496171 1.356806 1.520869 0.882791 -0.280887 0.427917 -0.444888 -1.475643 -0.271494 -0.393440 -0.201374 -0.295856 -0.063597 -0.266385 0.721573 0.256988 1.009284 0.793171 1.230867 1.124243 0.352585 0.863036 1.299317 1.549025 1.584444 1.767763 1.080011 0.954380 1.446362 0.391220 0.799543 0.173014 -1.164503 -0.934712 -1.087809 -2.389139 -1.456017 -1.063877 -0.547557 -0.747445 0.050818 0.528212 0.064548 -0.098052 -0.367072 -0.143340 -1.079375 -0.852147 0.289553 0.094308 0.105726 -0.684757 0.457932 -0.322896 0.112400 0.138704 -0.448507 -0.818778 -1.352170 0.321760 -0.380647 -0.616164 0.496878 0.142866 0.779405 0.493378 -0.079732 0.052836 -0.216279 0.582348 0.616748 0.903767 -0.256675 0.654923 1.398264 1.202897 1.675393 2.216496 2.045728 2.242566 1.545798 1.205041 0.553481 -0.048047 0.322432 0.301555 0.877557 1.102998 0.993036 1.142930 1.555372 1.154241 2.005332 
192837465
1
1.972656 1.682538 1.305539 0.496152 1.521576 1.470353 0.973203 1.159703 -0.499362 -1.488451 -0.470727 -0.167354 1.270821 1.399012 1.527192 -0.370819 -0.380927 0.257686 -0.440830 -0.644813 -1.236650 0.157575 0.667077 0.513919 1.656022 2.150704 2.295318 1.562965 0.726411 0.976105 0.830579 -0.004555 -0.280814 -0.667872 -0.954068 -0.673343 -0.162399 -0.237844 -0.922521 -0.219618 0.037900 -0.201932 0.596560 0.678963 0.972394 1.351594 0.990136 0.941152 0.961078 1.522259 1.875414 1.626764 0.979583 0.651019 0.130733 0.433886 0.263960 0.600650 -0.078944 -0.202117 -1.064769 -0.466640 -0.708386 -0.572093 -1.050511 -0.978925 -0.601402 0.287537 0.020161 -0.236254 -0.130164 -1.178105 -0.531449 -0.717513 -0.020092 0.244966 0.589996 0.735227 0.022247 -0.519719 -1.041939 0.382728 -0.639337 -0.892556 -1.709013 -1.418132 0.367594 0.356666 -0.819926 -0.214876 -0.324318 -0.572569 0.404313 0.340259 0.309475 0.148894 0.186039 0.216427 0.695337 0.641393 0.855822 1.374967 2.180417 0.470556 1.884692 1.625515 1.277721 0.827097 0.750856 1.108474 1.052108 0.804209 0.540332 1.215921 1.379510 2.056992 1.932871 1.664931 1.498717 1.456823 
192837465
2
2.271183 1.613897 1.417751 1.136811 1.321176 1.663977 1.352090 0.627884 0.187907 -0.720165 -0.417301 -0.389045 0.539886 1.042536 0.142834 0.551912 0.004014 -0.076924 -0.638503 -0.514502 -0.637815 -0.016870 0.978603 0.488846 0.641227 1.087299 1.939506 1.815775 1.257074 0.705680 1.344863 0.801359 -0.741795 -0.247116 -1.103887 0.237169 -0.475574 -0.405012 -0.204364 0.260465 0.148783 0.438461 0.831166 1.048870 0.823905 0.545801 0.559334 0.931677 0.695435 0.723199 0.624954 1.284409 1.637904 0.933079 1.156655 1.528087 0.511388 -0.517879 -1.975628 -1.252014 -0.603990 -0.641096 -1.311579 -4.151640 -1.783794 -2.390550 -1.954036 -0.629315 0.326825 -0.427879 -1.480663 -1.014921 -0.498329 0.167431 -0.067611 0.453074 0.323537 0.218239 0.021546 -1.000072 -0.174729 -0.028942 -0.462591 -0.196620 -0.341506 -0.214130 -0.601242 -0.903896 -0.131855 -1.259318 -1.456967 -1.529973 -0.597503 -1.164368 -1.396520 -0.872905 0.175506 -0.565499 0.643026 0.771535 1.495855 2.093016 1.999523 2.262303 2.430278 2.797122 2.475711 1.736999 1.892156 1.449231 1.398716 1.444390 0.425961 0.781997 0.733245 1.613271 2.036127 1.843723 1.678408 0.277027 
192837465
3
1.266095 1.199847 0.844547 0.429851 0.351311 0.713184 1.082261 1.047842 0.776000 0.159714 0.247974 -0.437497 -0.218606 0.519905 0.503729 0.367733 0.082496 -0.288236 0.101558 -0.536499 -0.315855 -0.527432 -0.348259 0.346797 1.716830 1.555700 0.363421 0.306062 0.724150 0.764940 1.051295 1.085958 0.402335 -0.462099 -0.657062 0.009896 0.078257 -0.008959 0.373565 0.429479 1.119698 0.786841 0.444683 -0.258914 0.591368 0.240402 -0.006665 0.084919 -0.017681 0.470991 -0.637823 -0.031857 0.882172 0.378678 0.151642 -0.263653 -1.012996 -1.337061 -1.152683 -1.258832 -1.109505 -1.193442 -1.814636 -1.200102 -1.595067 -1.180282 -1.747358 -1.278700 -0.544608 -0.565839 -1.109872 -1.964337 -0.893014 -0.752109 0.023777 -0.477844 0.082246 -0.059985 0.389457 0.706981 0.077205 -0.445632 -0.677185 -1.475618 -0.854363 -1.049126 0.179108 -0.163320 -0.807927 -0.928653 -0.745182 -1.891360 -1.861439 -2.028349 -1.521543 -0.211671 -1.451052 -0.221256 -1.082326 -0.945457 0.196740 0.776441 0.663157 0.872279 1.571054 0.693798 1.045088 0.391912 -0.519677 0.773561 0.610076 0.844824 1.168620 0.520111 -0.346777 0.538871 1.086833 1.385149 1.089522 0.082907 
192837465
4
0.688050 1.367353 0.642399 -0.040861 0.182030 0.217037 0.402544 0.703184 -0.132556 0.682215 0.831178 0.133551 0.053357 0.031151 0.579203 -0.013971 -0.501269 -1.849334 -0.629571 -1.061467 -0.593253 0.588176 0.460644 -0.145290 -0.511825 -0.056373 0.833941 0.604112 0.003817 0.330411 0.372104 0.762352 0.345317 -1.309048 -1.958137 -0.665709 -0.124819 -0.132634 0.079967 0.586462 0.717416 0.998309 1.620501 1.353643 0.286530 -0.049037 -0.751818 -0.871028 -0.748410 -1.631988 -2.827522 -1.892162 -0.735022 -0.488373 -1.739981 -2.161828 -2.638424 -1.754169 -0.631092 -0.580011 0.240147 0.284410 -0.644172 -0.118732 0.118612 0.309267 -0.797612 -1.414802 -0.892805 -1.158122 -1.156696 -0.825145 -3.016457 -0.649845 0.266753 -0.230379 -0.272117 -0.231583 -0.356738 -0.141554 -0.602693 -0.331177 -0.937831 -0.002991 -0.774423 -1.011384 -0.109681 -0.123300 -0.267588 -0.041200 -0.633949 -0.800026 -1.888606 -1.242461 -0.678266 -0.286781 0.433295 0.440541 -0.003315 -0.231768 0.241328 0.620876 0.938313 1.421556 0.530028 0.309709 -0.870161 -2.175373 -0.889610 -0.202690 -0.215652 -0.160299 0.729154 0.309953 0.060086 0.023547 -0.408143 -1.075361 0.899062 0.561992 
192837465
5
-0.171675 -0.510599 -0.663103 -0.417787 -0.090683 0.132943 0.629761 -0.125591 -0.032619 -0.340260 0.203760 0.082627 0.995496 0.491365 0.552181 -0.547913 0.058498 -0.897149 -0.686013 0.685659 0.189248 0.493852 0.592891 0.012193 0.307339 0.805213 0.104298 0.822447 -0.172133 0.737032 0.509231 0.780171 0.273601 -0.979257 -1.710677 -0.975979 -0.942051 -1.158447 -0.929948 0.106678 0.641479 0.740685 0.716338 0.944167 -0.117621 -0.195158 -1.152685 -1.668035 -0.869892 -0.899077 -1.588264 -2.424724 -2.437938 -1.138318 -0.604440 -1.642646 -1.852777 -1.713412 -1.129492 0.118584 0.607540 0.009074 -0.001172 0.985469 0.321160 0.644153 -0.887613 -0.910902 -1.206142 -1.592576 -1.960420 -2.920105 -1.541322 -1.445351 -0.772261 -0.535804 -0.092905 -0.255551 -0.573326 -0.227859 -0.517868 -0.875370 -1.003151 -1.256280 -1.326199 -1.258522 -1.157586 -1.367417 -1.166588 -1.017826 0.370841 0.485536 -0.359300 -0.378932 0.112028 0.986563 0.239008 0.110873 0.011884 -0.413757 0.212488 -1.137030 -0.913128 -1.198695 -1.430341 -2.132283 -0.527032 -2.115436 -1.111304 0.206850 0.128473 0.004601 0.558456 0.983881 1.279378 0.448524 0.631720 0.734405 0.682050 0.356765 
192837465
6
-1.212839 -1.619125 -1.013834 -1.012037 -1.092697 -2.341985 0.340560 0.873656 0.971377 0.329328 -0.879953 0.274525 -0.267408 0.121612 0.253838 0.010514 -1.717476 -1.498562 -0.125377 -0.785545 -0.036153 0.984900 0.641997 0.910333 0.605834 0.669128 -0.735650 0.513030 0.119927 0.315482 0.329312 -0.046325 -0.493270 -0.176991 -0.228585 -1.032487 -0.442239 0.282157 -0.208534 -0.093111 -0.077333 0.886282 1.127870 0.792630 -0.151668 -0.381304 -0.639618 -2.324727 -2.355515 -0.344422 -0.697145 -1.368197 -1.022582 -1.332111 -0.665942 -1.160096 -0.489683 -0.799128 -0.601331 0.403020 0.432510 -0.254792 -1.162976 -1.697872 -0.907845 -1.114032 -0.009802 1.078070 -0.514854 -0.824950 -0.857705 -0.891104 -0.935752 -0.936963 -1.905869 -0.376442 -0.957557 -1.130359 0.017750 0.198469 0.032458 -0.523569 -0.625786 -0.189091 -0.737676 -0.853962 -1.456173 -2.083813 -1.779694 -1.157036 0.210012 0.437734 -0.053883 -0.135304 0.151690 0.928419 0.589127 0.448650 0.719506 0.775915 -0.230295 -0.364937 -0.756161 -1.350313 -2.100438 -4.253483 -2.565686 -1.308614 -1.111978 -0.478295 -0.638016 0.048512 1.406457 1.764664 1.866612 1.118172 1.212165 0.953257 1.364294 0.877265 
192837465
7
0.042743 -0.001368 -0.713330 -1.400793 -2.415911 -3.096078 -2.231309 -0.189689 0.431340 -0.100292 -0.111263 0.316636 0.570769 0.344326 0.433514 -0.192253 -0.612468 -0.528462 -0.015405 -0.314245 -0.196173 -0.122674 -0.163912 0.012821 1.054694 0.502695 0.381086 0.370271 0.182000 -0.188417 -1.946969 -1.735330 -1.791685 -1.702214 -1.150156 -1.515344 -1.066769 0.160361 0.452961 -1.202394 -0.349325 0.191371 0.285067 -0.104652 0.142746 -1.307837 -0.357734 -0.686306 -0.711490 -0.201171 0.053836 -0.066384 -1.054161 -0.201451 -1.108417 -0.296278 0.377650 0.472727 0.956269 0.940267 0.726890 -0.131899 -0.379771 0.043688 -2.108321 -3.019726 -1.533418 -0.055789 0.054100 0.403649 0.077303 0.409206 0.546922 0.266063 -0.486713 -1.085790 -1.198190 -1.680228 -0.927862 -1.232170 -1.964440 -1.625977 -1.066751 -0.669155 -1.567208 -0.866571 -1.120204 0.375434 -0.417051 0.428928 0.172021 0.819104 0.712390 -0.526955 0.495346 1.441041 1.656974 1.657501 1.879168 1.335524 0.260352 -0.585695 -2.298605 -1.755961 -3.352329 -3.506222 -1.047504 -2.658780 -0.938244 -0.463161 -0.287411 1.115875 2.208982 1.348401 1.417684 1.484385 0.510284 -0.146886 0.856798 1.233497 
192837465
8
1.136950 0.772912 0.255182 -0.569328 -1.261803 -0.630168 -0.718832 -0.402168 -0.070815 0.435537 -0.596531 0.036733 0.146114 -0.036825 -0.166557 -0.281670 -0.099560 -0.070104 0.132089 0.068648 -0.504431 0.495919 0.854287 0.812829 0.326090 0.002347 0.492859 -0.162785 -0.086646 0.048020 -1.469405 -2.744936 -2.667861 -1.083856 -1.267595 -0.786839 -1.765163 -1.213117 -1.035020 -0.321489 -0.453209 -0.134434 0.442323 0.351968 -0.013384 0.255735 -0.256737 -1.155449 -1.778941 -0.227990 -2.205401 -0.897418 0.120486 -0.348679 -0.489534 -0.169067 -0.563758 0.346446 -0.224211 0.113152 0.421104 0.020775 -1.188422 -1.171068 -1.096053 0.462553 0.614695 0.281593 0.162441 0.468341 0.464362 0.834555 -0.214424 -0.159409 0.113349 -1.364564 -2.793818 -1.816306 -0.399567 -0.783688 -0.831565 -0.502354 -0.869727 -0.568262 -0.587354 -0.597249 0.080720 -0.235646 0.003137 -0.565483 -0.200216 -0.251835 -0.124686 -0.267590 0.738351 0.414664 1.671901 1.132745 1.561206 1.710276 0.829304 -0.573939 -0.144416 -0.631099 -0.380766 -1.159948 -0.938728 -2.066646 -1.895505 -0.781122 0.096709 0.994086 1.661668 1.773684 1.790643 2.027330 0.277574 0.473449 0.675500 0.777201 
192837465
9
2.308763 1.212890 0.255567 -0.029441 0.016827 1.111881 -0.024042 0.305594 -0.451210 0.312678 -0.970123 0.171585 -0.693003 0.059408 0.003845 0.276186 0.475412 0.248052 -0.220405 -1.160996 -0.780940 0.576408 -0.878209 -0.946647 0.639129 -0.462067 -0.955925 -0.423323 -0.238124 -0.148718 0.070350 -1.160039 -1.568192 -3.397773 -2.202894 -2.028394 -0.465521 -0.279410 0.312207 0.928060 1.246244 0.793110 -0.036734 0.282046 0.852433 -0.031955 -1.456766 -2.431344 -1.315370 -0.705059 -1.355944 -1.267107 -0.649517 -1.573488 -1.651465 -1.719467 -1.128246 0.395577 0.267973 0.092656 -0.396833 -0.211165 -1.003432 -1.047804 -0.409827 -0.368945 0.262171 -0.943427 -1.582100 -0.568529 0.080118 0.253746 -0.195597 -1.023329 -0.637898 -2.546363 -0.790768 -0.188879 -0.037729 -0.594769 -1.534627 -0.387423 -1.238384 -0.038687 0.284472 -0.317683 -0.169243 0.522320 0.340411 -0.046254 -0.491774 -1.290609 -0.252408 0.706098 -0.493554 0.324200 0.628154 1.153672 1.295454 0.781468 0.328968 -1.003925 -0.422266 -0.763297 -0.061235 -1.005171 -0.745957 -1.554883 -0.421770 0.222187 0.239278 1.451180 1.771025 1.925701 2.790877 2.039066 1.122652 1.868388 1.112292 1.366322 
192837465
10
1.897921 1.059176 1.017909 0.941680 0.869910 1.097499 -0.615399 -1.563053 0.424177 0.085662 -0.367262 -0.129528 0.143610 -1.766456 -1.190739 0.032654 0.279890 0.960103 0.123390 0.413190 0.446174 -0.242467 0.602203 0.634085 0.451294 0.407310 0.793375 0.837770 0.558957 -0.812252 -1.760005 -3.090962 -0.849109 -0.665814 -0.810522 -0.348079 -0.366295 -0.802678 0.436199 0.936402 1.182369 1.024773 1.129781 1.385052 0.369304 -0.493979 -1.246119 -1.314663 -0.610741 -0.902304 -0.078754 0.133362 -0.078888 -1.335842 -1.206064 -1.355846 -1.929346 -0.764744 -0.746044 -0.684638 -1.112333 -3.989073 -2.404511 -2.900394 -0.932670 -0.683382 -0.240446 -2.148977 -2.272727 -0.444061 -0.220952 -0.472324 -1.119127 -2.298368 -3.921682 -4.819371 -1.033256 -0.364110 -0.371151 -0.882500 -1.487846 -1.526474 0.974327 -0.202997 -1.100766 -1.102882 -1.693478 -1.780065 -0.216072 -0.472224 0.268182 0.014684 -0.801901 -1.132175 -0.693171 0.414088 0.313489 0.885955 1.082548 1.184300 0.972120 1.300523 0.487568 0.394886 -0.222626 -0.524208 -0.096144 0.077533 0.139652 -0.478264 -0.123281 1.073814 0.619979 0.677715 1.838901 2.202220 1.613838 1.742994 2.610039 2.067897 
192837465
11
2.240568 1.376095 1.659922 1.505332 0.705473 -0.126056 -0.647766 -0.381657 -1.027477 0.155883 -0.011112 -0.022517 -0.110907 -0.231870 0.763417 0.427749 -0.007143 0.252796 0.012137 1.060124 1.000866 0.031899 0.279702 0.397593 1.223249 0.502955 0.143553 0.463700 0.072460 -0.802120 -1.555550 -2.080906 -0.675505 -1.241222 -1.015959 -0.335794 0.015985 -0.905180 0.963165 0.413757 0.074659 0.572989 0.595306 0.677006 0.438000 -0.546961 -0.765896 -0.762066 -0.862014 0.015654 -0.777170 -1.217602 -0.374430 -0.284891 0.055832 -0.188345 -2.386621 -1.398712 -2.470186 -3.109358 -2.444695 -2.240273 -1.265502 -1.222110 -1.758451 -0.472584 0.762591 0.147975 -0.527810 -0.598890 -0.613681 -0.260019 -0.525054 -0.649279 -0.936640 -0.358808 -0.463097 -0.372987 -0.212951 -1.798127 -0.444146 0.714877 -0.285135 -0.082946 -0.500910 -2.026714 -2.176756 -3.223442 -0.932520 -2.083337 -1.181018 -0.919500 0.478597 -0.230950 -0.169534 0.957869 0.594517 0.195584 0.653804 0.575115 0.396892 0.590678 0.845656 0.529726 0.386967 -0.719389 -0.757711 -2.477222 -1.100620 -0.849045 -2.293209 -1.562929 -1.389856 -0.522106 0.556311 1.254080 1.908389 1.805494 1.552065 1.728136 
192837465
12
2.861846 1.876187 1.194694 0.418123 0.233331 0.786243 0.089169 -0.281603 0.206701 0.874697 0.499264 0.290258 0.491971 0.822072 0.285762 0.623252 0.594441 0.746046 0.663337 0.832803 1.140620 1.079768 1.518381 1.435248 -0.022321 -0.556091 0.805537 0.853750 0.224626 -0.329542 -1.411219 -2.112510 -2.183698 -1.884244 -1.541052 -0.093073 -0.066781 -0.166881 -0.593245 -0.489700 -0.365767 -0.939630 -1.285441 -0.056630 0.857097 0.904488 0.189119 0.699399 0.314314 -0.919238 -0.723853 -0.212419 0.342528 0.774252 0.970950 -0.771104 -1.373155 -2.755410 -1.301660 -1.371970 -1.493004 -0.525321 -0.154224 -0.989746 -0.446120 -1.812862 -1.054784 -0.318805 0.239226 -0.512448 -2.037627 -2.962071 -2.078872 -0.544257 -0.631803 -1.440451 -0.877476 -0.393510 -0.904111 -0.440846 0.061731 -0.299503 -0.675786 -1.324487 -1.566172 -0.742109 -1.135823 -0.647258 0.463852 0.291766 -0.019490 -0.558952 0.170918 0.050287 0.563960 0.505073 0.479034 1.301746 1.222023 1.577804 1.022330 1.362540 1.031917 0.978105 -0.494422 0.401004 0.148961 -0.941756 -3.767518 -5.635649 -3.778599 -2.315323 -0.972238 0.559590 0.928258 1.106817 1.714869 1.457700 1.145827 1.580301 
192837465
13
1.548150 1.443336 1.658582 1.101723 0.712562 1.072349 0.587760 0.985484 0.059044 0.611486 0.309825 -0.217298 -0.011283 0.628124 0.356571 0.712390 0.356575 0.806128 0.800415 0.406450 1.422429 1.876639 1.906013 0.685801 -0.061769 0.193336 1.041870 0.379129 0.984576 -0.544816 -1.202274 -1.097151 -1.826535 -1.290748 -0.069136 -0.073525 -0.293208 -0.827423 0.316250 0.254012 -0.272011 -1.340260 -0.613132 -0.009392 -0.102547 0.435584 0.727761 0.475354 0.602362 0.581075 0.736447 0.244133 0.414099 0.911095 0.544993 -0.692808 -1.077240 -0.618051 -1.589215 0.275190 -1.024384 -0.192453 0.018113 -0.549884 -0.402646 -0.439478 -0.200647 0.177279 -0.364358 -1.002058 -1.035217 -2.322636 -2.436151 -1.304527 -0.428899 -0.705392 -1.048378 -0.375511 0.016260 0.192497 0.982808 1.013224 0.737838 -0.367739 0.066473 0.134009 0.057838 0.822369 1.469368 1.364766 1.407637 0.155653 0.185830 0.808030 1.350604 1.250427 1.467060 1.642170 1.915010 1.165693 1.609302 1.293435 1.505294 0.367998 0.682893 1.091025 1.173423 1.228235 -0.210162 -1.579744 -3.748408 -8.187426 -4.289412 -1.509164 -0.868293 -0.698169 -0.427015 0.755617 0.770915 1.888821 
192837465
14
2.270122 2.123073 3.243347 2.080854 1.996281 3.109011 2.248341 1.795387 1.340033 1.791239 1.032421 1.341260 1.433939 0.799319 1.574416 0.387411 0.629997 1.565292 0.698836 0.946044 1.182770 1.502481 1.853496 1.475358 0.974807 1.018235 0.916475 0.526137 0.669484 0.711120 -0.831101 -2.128624 -1.864374 -0.442771 -0.706107 -0.602308 0.470351 -0.727131 0.943351 -0.041506 -0.094553 -0.962045 -0.807874 0.028147 0.649582 1.232119 0.701737 0.395177 0.509306 0.275696 0.074593 1.074040 1.015939 0.862496 0.444418 -0.433757 -0.990384 0.262503 0.355925 0.108188 0.042727 -0.521181 -1.222396 0.358179 -0.045850 -0.737589 -0.000546 0.304365 0.017064 -0.871716 -1.527207 -1.402727 -1.422741 -0.654714 -0.252280 -0.469400 -0.065637 0.270334 0.921134 0.067881 -0.592125 -1.625618 -0.077431 -0.856583 -1.813669 -0.060876 0.383534 -0.466700 0.121772 0.314871 0.309197 0.833788 0.896849 1.807001 1.327851 1.348949 1.318832 1.254571 1.013715 0.992975 0.402710 0.859513 0.235607 0.954081 1.142444 0.970503 0.714336 -0.214264 -0.758764 -2.068476 -3.525498 -11.316799 -6.028338 -2.990043 -1.187228 -1.784233 -0.922385 -0.092952 0.197503 2.175531 
192837465
15
2.802826 2.907796 2.492470 2.798566 2.853429 2.593764 2.217252 2.988093 2.810100 2.139579 2.256430 2.684871 2.165360 1.817617 1.737227 1.553448 1.334127 1.489741 1.189207 0.484330 1.458918 2.000163 1.535331 1.185374 0.873464 1.239072 0.619840 0.175345 -1.377638 -1.837204 -0.775896 -1.300850 -1.389482 -0.185744 -0.957830 -0.543091 0.407891 0.224214 0.627057 -0.436897 -1.096068 -0.342679 -0.655459 0.163306 0.835040 0.721486 1.389258 1.744680 0.736328 1.390345 0.998099 0.862452 1.274564 1.426623 -0.105616 -0.428586 -0.441294 -0.031381 0.462645 -0.187668 0.104123 -0.394843 -0.414606 -0.520494 -1.184581 -0.140560 -0.243528 0.267728 -0.869399 -0.354754 -1.304851 0.344006 1.140351 1.691022 1.218682 0.403645 0.833024 0.029008 -0.659223 -1.899301 -4.324802 -4.073326 -3.245492 -2.407973 -1.730281 -0.901059 -0.686935 0.145411 0.086871 0.371801 0.242470 0.362783 0.475542 0.727593 0.793102 0.743700 0.381143 0.528958 0.536419 0.444458 0.159379 0.967272 0.108942 0.714168 0.779782 0.412495 -0.222177 -1.081155 -2.583811 -3.144892 -6.728214 -7.771911 -6.423659 -5.785536 -2.426091 -0.639994 -0.575298 -1.090170 -0.675711 0.284471 
192837465
