1200.000000
160.000000
120
16
1
0.500000
2
2
0
1.164152 0.919990 0.890964 0.528844 -0.650262 0.578879 0.322538 0.648552 0.237155 0.223010 0.787049 1.039748 0.639063 0.461040 -0.456750 -0.167286 -1.182184 -1.139504 -1.886461 -2.424147 -1.046845 -1.918422 -3.173396 -4.526000 -3.554988 -2.093985 -3.207352 -2.664905 -2.016848 -2.031967 -1.960728 -2.454956 -0.789253 -2.005326 -0.852962 -1.371869 -0.234783 -0.614543 -1.353301 -1.474184 -1.725309 -1.693241 -0.081885 0.511432 -0.697904 0.091548 -0.520574 -0.998090 -0.107730 0.697327 0.931428 0.125253 0.844642 1.040418 1.507275 0.787397 0.425529 1.158268 -0.475743 -0.229674 -0.779054 -1.071890 -0.979726 -1.276854 -0.188976 -1.511975 -0.493592 -0.579459 -0.208799 0.224592 -0.413245 -1.630060 -2.243176 -0.844463 -0.821792 -0.558832 -0.376265 -0.438723 -0.363568 0.594731 -0.009650 0.780621 1.016706 0.161311 -0.056203 -1.183694 -1.248287 -0.563221 0.145519 0.252814 0.152527 -0.469697 -0.369000 -0.012341 -1.613732 -1.311951 -1.710705 -0.693176 -0.356505 -0.856238 0.188007 -0.035119 -0.545978 0.026519 0.004238 -0.406583 -1.064629 -0.910853 -0.721579 -0.507039 -0.946770 0.348622 -0.230771 -1.453388 -1.383561 -0.673095 -1.221741 -0.216241 0.580253 -1.316355 
192837465
1
-0.680751 0.775844 1.386996 0.557405 1.046236 1.338712 0.744150 1.792931 1.564521 0.963434 1.628736 1.700913 1.472818 -0.041888 0.265057 0.724672 -0.184644 0.164672 0.164002 0.439582 0.934541 -0.378064 -0.690120 -2.284615 -1.533356 -0.835875 -2.387203 -3.025586 -3.000490 -2.314466 -1.722508 -0.956421 -1.403210 -1.692970 -2.089312 -4.156371 -3.573900 -2.351758 -1.767215 -1.464908 -1.460794 -2.260573 -2.264031 -0.124434 -0.565249 -0.402522 -0.052920 -0.796333 -1.051359 -0.987299 -0.853642 0.041360 -0.842914 -0.345713 0.174833 -0.464513 -0.249304 -0.083871 -0.290352 -0.184979 -0.278491 -1.594407 -0.673967 -1.752156 -0.142636 -1.274187 0.010397 -1.765473 -0.861111 0.115468 0.179639 -0.327533 -2.639518 -0.340763 -0.166287 0.105667 -0.792407 -0.277982 -0.489042 -0.347223 -0.718771 -0.391087 -0.466664 -1.007801 -0.114670 -0.309296 0.092143 0.203469 1.601644 1.814081 1.569880 1.389913 0.599808 -0.534811 0.800752 -0.829167 -0.341327 0.687455 -0.901614 -1.335238 -0.276387 -0.269077 -0.634941 0.108248 0.089701 0.248863 0.568631 0.125431 0.098751 0.803569 1.262143 0.885980 0.717417 0.369740 0.936423 0.472766 0.661733 0.575431 1.350048 -0.315474 
192837465
2
-0.348646 1.031755 -0.406370 0.417364 0.853636 0.891701 1.905079 1.685015 1.989804 2.065732 1.236780 -0.007305 0.670015 0.601263 0.659308 1.025034 1.586291 1.653379 1.551070 0.779874 0.981666 0.910400 0.856994 0.042217 -0.271721 0.787116 -0.227543 0.679468 1.168548 -0.395787 -0.520461 -2.885087 -3.081896 -2.846475 -5.301548 -2.773620 -4.342437 -4.723373 -4.304848 -1.752869 -1.389551 -0.825436 -2.003202 -1.291480 -0.887305 0.293412 -1.027144 -2.238976 -0.358878 -1.250618 -1.013997 -1.308938 -0.903126 -0.212507 -0.860574 -2.407985 -2.751602 -2.120948 -3.012646 -3.243698 -3.579687 -2.734681 -2.208347 -2.102308 -1.637223 -2.405790 -0.850370 -0.075886 0.010518 -0.045938 -0.387304 -0.023714 -0.418076 -1.646285 -0.279939 -0.769249 0.514433 0.159604 0.076327 0.953499 0.247002 1.155226 0.849822 0.527846 1.107280 0.638429 1.101379 0.724216 1.003265 1.087815 1.188357 2.095321 1.262473 1.598400 1.602602 0.599677 0.727235 0.358183 0.285761 -0.132944 0.185825 -0.356572 -1.225449 -0.798102 0.123385 -0.318934 -1.294715 -0.161859 0.099026 0.420780 0.995825 0.141986 1.162470 1.225364 0.599310 0.601134 1.170550 1.220989 0.589549 1.032836 
192837465
3
1.105005 -1.017600 0.396535 0.568701 -0.403651 0.285802 0.703650 0.934846 2.068329 2.111252 0.435506 0.091359 0.467802 0.525264 0.742311 0.467428 1.919802 1.266653 1.267759 1.708482 1.303874 0.647798 2.089136 1.571496 0.823629 1.027777 0.823697 1.354575 0.855804 0.761640 -0.759146 -0.739878 -2.229385 -5.788252 -4.044694 -1.534513 -1.374966 -1.431021 -2.444135 -1.528457 -0.712577 -1.229174 -2.287667 -3.391434 -4.740403 -4.316550 -3.259228 -2.689473 -1.192941 -0.942230 -0.227328 0.149594 0.145788 -1.093471 -1.775946 -2.736834 -2.723221 -2.029177 -1.881188 -3.180095 -3.875639 -4.021807 -4.969494 -4.636913 -5.477406 -1.460056 -0.997893 -0.410827 -0.318847 -1.199823 -0.559063 -0.545961 0.380767 0.451510 0.298449 1.174558 1.096211 1.238710 1.603561 1.486558 0.488780 -0.421981 0.112416 -0.217375 -0.036425 -0.391259 0.028280 0.947218 0.212920 1.100646 1.742109 1.914493 2.019052 1.684924 1.811824 0.482747 -0.246014 0.669696 0.818298 -0.082048 -1.111997 -1.553500 -1.635207 -1.160596 -1.544437 0.182322 0.323714 -0.190395 -0.499866 0.352243 0.970719 0.345894 1.893816 1.575426 1.286717 1.498936 0.920128 0.786430 -0.225655 -0.808529 
192837465
4
0.542032 -0.282142 0.352483 -0.198457 -0.671133 -2.070904 0.244449 -0.889544 0.050938 0.660157 -0.717949 -1.736080 0.565724 1.064634 1.468443 2.691376 1.718649 1.458781 1.434956 1.642329 1.380068 1.360882 1.718914 0.718871 1.408118 1.219859 0.687583 0.491868 0.063084 0.039142 -0.177645 -0.690066 -0.621010 0.135574 -0.626817 0.786839 -0.493217 -2.065990 -2.179242 -1.459044 -1.915176 -2.869260 -3.880589 -2.561089 -2.861479 -3.100291 -3.734856 -1.873809 -0.590754 0.154496 1.403784 1.211693 0.987153 0.764357 0.226240 -0.358000 -0.692266 -0.598454 0.382378 -0.385236 -1.044122 -2.189729 -3.177970 -2.806087 -5.062620 -3.034518 -4.655661 -2.783896 -2.168153 -0.973059 -1.513196 -0.175627 0.793468 0.793167 1.040165 1.020696 0.610097 0.917554 1.182391 1.292788 0.763220 1.436978 0.841823 -0.161862 0.581828 0.219847 0.977890 1.908548 1.451447 1.107888 1.061115 1.974483 1.989919 1.573833 1.452572 0.540959 0.724228 1.697508 0.996274 0.194621 -0.724318 -1.520667 -0.820850 -0.424446 -0.763233 -1.227651 0.637203 -0.068264 -0.036244 -0.182033 -0.257950 0.568884 0.227831 -0.039950 0.311861 1.085701 0.489330 -0.015886 -1.177212 -1.076439 
192837465
5
0.480925 -0.127258 0.019415 0.916651 0.162265 -0.648738 -1.362095 -1.184478 0.637166 0.437370 0.019410 -0.446824 -0.025600 1.053038 2.068413 1.712544 1.796792 0.972810 1.809538 2.189773 1.744140 2.430977 1.372507 1.384215 0.962169 0.899168 -0.116905 -0.285223 -0.887568 -0.179923 0.516524 0.085032 -0.815593 -0.037620 0.164208 0.855682 0.372148 -0.522975 -1.694165 -2.180176 -1.411774 -1.435614 -1.743876 -2.973169 -2.503430 -1.337027 -2.245562 -0.303787 -0.195847 1.287139 1.933977 1.087779 1.098133 0.490341 0.957392 -0.412463 -0.543330 -0.167693 -0.886435 -0.592433 -1.647295 -2.019064 -0.625069 -1.926659 -2.506095 -3.414927 -3.528175 -5.323553 -2.839664 -1.724316 -1.730126 -0.332879 0.544788 0.778908 0.690540 1.091055 1.110075 1.038312 1.584652 0.974714 1.754175 1.778707 1.974909 1.672551 0.364039 1.437227 0.566682 0.297086 0.410358 1.065152 1.318950 0.620400 1.270662 0.555102 0.640966 0.965990 0.010568 0.743274 -0.696462 -1.005851 -0.623593 0.395407 0.209239 0.178726 -1.099413 -0.505741 -0.169218 0.368927 -0.109698 -0.609799 -0.165843 -0.379520 -0.039454 0.163835 -0.175503 -0.775065 -2.159306 -1.230188 -0.898539 -1.806173 
192837465
6
0.463526 0.224173 -0.087928 -0.859894 -1.518530 -1.826083 -1.234158 -0.368833 -0.533678 0.144549 -0.209515 -0.104705 -0.593883 1.319949 1.203896 1.057076 2.185604 1.861746 1.812973 1.916406 1.508733 1.665839 1.828135 1.782094 1.193828 0.299520 -1.042613 -0.645753 -0.683620 0.094541 0.343827 1.112050 -0.251049 -0.923937 -0.443163 0.353580 0.530627 0.687337 0.475711 -0.432803 -1.169199 -0.128845 -0.059199 -2.630001 -2.250662 -1.666553 -0.645646 -1.298238 -0.037869 0.031106 0.179858 0.295311 0.131365 -0.081048 -0.209693 -1.435571 0.300663 0.200254 -0.507679 -0.493968 -0.686777 -0.143448 -0.309094 0.035445 0.010583 -1.372651 -3.004853 -2.483473 -1.529613 -0.836990 -1.452148 0.492065 0.955950 0.973024 0.973461 0.781388 1.025389 1.451217 1.617684 2.075036 2.123103 1.187517 1.365830 1.738784 1.546327 1.084617 0.687394 0.423374 0.494339 -1.395505 -1.033877 0.293924 0.045299 -0.001051 -0.140040 -0.290643 -1.121445 -0.785690 -0.527053 -0.456770 0.074950 -0.689576 0.194373 -0.682788 0.125456 -0.958250 0.898965 0.028510 -0.870658 -0.211880 -0.516880 -0.020105 -0.116627 -0.217716 -0.167302 -0.904698 -2.361110 -3.656773 -3.841961 -3.265024 
192837465
7
-3.559368 -0.368902 0.423763 1.226229 0.027696 -0.577987 -0.062469 -1.379501 0.069975 0.579879 -0.013183 -0.475354 0.985213 -0.390658 0.464900 0.496360 1.022074 1.950218 1.502276 0.899333 1.536310 1.078684 1.332209 0.633098 0.526732 0.732346 0.349574 -0.251367 0.299552 0.397510 1.405458 1.735777 1.258736 0.842610 0.846629 0.417977 1.248817 1.189991 1.275632 0.063134 0.182575 -0.263676 -0.334212 -1.406285 -0.790404 -0.873675 -0.925397 -0.003161 -0.111971 1.215585 0.560446 1.287431 1.056335 0.563574 -0.718416 -1.217699 -1.675070 -1.113071 0.002551 -0.112318 1.211964 -0.758517 -0.222338 -0.224479 0.015734 -0.778910 -0.949878 -0.456333 -0.850889 -0.515801 0.592867 0.212853 0.991542 2.144707 0.995894 1.408060 2.060077 1.364774 0.311882 0.106878 0.200044 1.217113 1.153507 1.195675 0.410623 0.581989 0.228548 0.845259 0.875833 -0.523520 -0.528469 0.043316 0.124492 0.344455 -0.558699 -0.481992 0.410546 0.564003 -0.200777 0.021055 0.612132 0.039261 -0.383674 -0.010666 -0.191881 -1.383011 0.226251 0.906796 0.669916 0.093036 0.325626 -0.212216 -0.247990 0.239518 -0.919341 -2.054778 -2.402467 -2.837441 -2.654052 -2.914974 
192837465
8
-0.433483 -0.394447 0.608464 -1.036587 -1.087812 -2.669258 -1.305771 -1.042581 0.645798 0.646027 0.086410 1.250809 0.282450 0.265946 0.318431 0.301936 0.960284 0.742056 0.905384 1.262895 0.440881 0.542741 1.589533 0.998266 0.499480 -0.668316 -0.584587 -0.157797 0.317629 1.505509 1.844975 0.928275 1.078977 0.061185 -0.230901 -0.064510 1.122304 1.271327 1.379105 1.300728 2.418423 1.425046 1.087425 0.716580 0.338919 -0.233138 -0.499490 0.041942 1.206762 1.345160 2.826819 1.807228 0.741723 -0.530035 -0.656921 0.195639 0.659027 0.709052 0.968379 -0.485490 -0.401313 -1.991968 -0.661432 0.171840 0.508521 -0.015632 0.117308 0.267211 -0.239113 0.095659 0.257606 0.985793 1.144083 1.716448 1.747900 0.961438 1.701433 2.105254 0.759923 1.301315 1.259306 0.953356 0.645765 1.870082 1.052745 0.897174 1.215151 0.524840 0.759174 1.409853 0.577216 0.855408 2.242042 1.185162 0.756974 0.711749 0.317654 0.562566 1.056363 0.011266 1.052174 1.111671 1.559771 0.645815 0.849409 -0.477587 0.165243 0.292538 -0.429512 0.092289 -0.871444 -1.198311 -0.886797 -1.068509 -0.902983 -1.375576 -0.172275 -0.514446 -1.683358 -2.487880 
192837465
9
-2.987362 -1.692789 -0.207597 -0.152622 -1.656893 -1.270577 -0.506117 -1.049034 -0.614782 -0.436810 -1.306769 -0.724589 0.226787 0.412210 0.977302 1.054016 0.764040 0.593351 0.350731 1.047302 -0.025689 -0.614512 -0.116882 -0.349618 -0.754291 -2.826572 -1.015421 -1.049341 -0.948508 -0.952965 0.894081 0.562596 0.332569 0.705329 0.012375 0.736487 0.461174 0.770726 1.935150 2.043789 2.253923 2.672477 1.037559 1.350807 1.711877 1.071058 0.604507 -0.003257 0.888029 0.782715 1.231898 2.405803 2.602459 1.859033 1.408220 0.628359 -0.225798 -0.600665 -1.082903 -0.439267 -1.179729 -0.975937 -1.315368 -0.836843 -0.194019 -0.545136 0.619731 0.650460 0.192406 0.257949 -0.136759 -0.353411 0.501491 0.072323 0.318319 -0.286113 0.318173 2.174597 1.859064 1.832566 1.458861 1.078689 0.663615 2.254284 1.691669 2.108692 1.713764 1.346036 1.885808 1.863359 1.526157 1.951077 1.834862 2.126137 1.639234 0.849854 1.356697 1.294732 0.739553 1.360728 0.830153 1.530149 1.097468 -0.223144 0.067765 -0.289403 0.960878 0.997254 -1.262841 -0.318354 0.039160 -1.152248 0.680441 -0.314096 -0.720694 -0.006611 0.040692 -0.223704 -0.968433 -0.525325 
192837465
10
-1.893511 -1.791152 -0.446277 -0.125284 0.527174 0.238649 0.427973 -0.553100 1.337959 0.323745 0.154905 -0.459013 -1.008931 0.916765 0.357927 0.446844 0.223417 1.038604 0.811592 -0.594824 -0.972290 -1.391520 -1.776930 -0.772395 -0.814205 -1.685882 -2.124154 -2.257629 -2.549557 -2.213042 -1.083925 -0.390848 -0.244018 -0.190794 -0.196102 -0.737397 -1.133417 0.196542 0.593435 1.559352 1.367853 1.810519 -0.094359 0.447700 0.949153 0.558232 1.300276 0.826198 0.974634 1.670301 0.877154 1.293792 1.382692 0.545979 0.177521 0.435738 -0.928587 -1.332524 -1.523265 -0.403659 -1.596095 -1.184962 -0.645098 0.150958 -0.341670 0.303377 0.708594 0.413853 0.504786 0.763925 1.400636 0.595015 0.577877 -0.516652 -0.158516 0.214381 0.609435 1.131862 0.771832 0.491428 0.231771 -1.233571 -0.251330 1.395472 1.547413 1.251819 0.472887 1.136359 1.193078 1.940026 2.823324 2.519824 2.522473 2.211948 1.951265 1.488611 1.681374 2.054259 1.740017 2.104906 1.583137 1.961464 1.297756 0.834246 0.656562 0.232137 0.766381 0.186455 -0.973651 -0.842365 -0.228369 -0.082975 0.533315 1.012123 1.254334 1.310990 1.239733 0.094281 0.063830 0.466591 
192837465
11
-4.602760 -2.281727 -1.089032 -0.606216 -0.432091 0.521775 0.373549 0.025729 1.249702 0.418818 -0.167384 0.081573 0.119714 0.568249 0.460987 -0.108261 -0.903234 0.226714 -0.244230 -1.317094 -1.951595 -2.718664 -1.838986 -0.083358 -0.486479 -1.206320 -1.654182 -1.377979 -0.782750 -1.218913 -1.519805 -1.362879 -0.884930 -0.967107 -1.000213 -1.471032 -1.257363 -0.285914 0.253765 0.599579 0.219701 -0.376711 -0.840164 -0.462582 -0.177203 0.478392 0.634707 0.534949 1.401529 1.126358 -0.016326 0.131880 -0.030778 1.245056 0.908404 1.298471 -0.306242 -1.984658 -1.983735 -1.714106 -1.966941 -1.837500 -0.517224 -0.438008 -0.507226 0.078831 -0.631316 -0.327461 -0.270633 0.980530 0.488366 0.152160 0.743553 -0.300284 0.002487 -0.089874 0.069337 0.028279 0.094443 0.255796 -0.543193 -0.390824 0.458997 1.671632 1.411427 1.606533 1.071905 2.072026 2.218375 1.910391 2.221258 2.689902 2.427394 1.917130 2.147938 1.711853 1.293487 1.595785 1.261702 1.315344 0.858503 0.415639 -0.025067 0.346878 0.032098 -0.807187 -0.348704 -1.576436 -1.269343 -0.751562 -1.197937 -1.106166 -0.169232 0.925933 1.039626 1.734588 2.145758 1.517125 1.186720 0.368310 
192837465
12
-1.357977 -1.527641 -1.723994 -1.040097 0.525467 0.750514 0.488935 -1.613766 -2.090040 -1.642875 -0.967160 0.110374 0.145526 -0.723492 -0.787516 -1.500274 -1.512438 -1.304962 -0.838526 -1.565532 -4.070298 -3.389159 -4.693506 -3.306255 -0.901932 -2.053011 -2.110431 -1.652744 -2.284984 -5.201043 -3.124525 -1.617053 -0.842325 -1.826700 -1.150486 -1.691502 -0.943436 -0.441113 -0.819803 -1.477727 -0.411609 -2.358285 -1.929348 -1.363735 -1.138716 0.664899 0.803199 0.509912 -0.119641 -1.098070 0.241266 0.447956 -0.131339 0.541683 0.809961 0.474183 -0.804272 -2.703663 -3.892173 -3.361508 -4.091775 -4.604384 -2.525255 -0.948575 0.460649 0.751058 0.476255 0.234796 -0.196669 -0.389066 0.055531 0.313503 0.336515 0.100949 -0.036437 -0.289704 -0.418093 -0.569141 0.021459 -0.464022 0.119353 -0.217707 0.665346 1.639569 2.007540 1.217373 0.717485 1.287136 1.682810 1.501202 1.870647 1.561085 1.423099 2.305239 1.588015 1.283995 1.155964 -0.453031 -0.681078 -1.126068 -2.046911 -0.727529 -0.230859 0.041857 -0.091507 0.286833 -1.562642 -2.237826 -1.988982 -2.321692 -2.516418 -1.515293 0.041925 0.658831 0.923131 1.601549 1.373356 1.369049 0.803635 1.212858 
192837465
13
-0.715984 -1.668673 -2.630554 -1.319094 -0.693069 -0.080143 -0.944169 -2.423466 -3.253904 -2.462061 -2.594258 -1.593533 -1.462580 -1.214018 -0.854893 -0.444971 -0.758189 -1.549119 -0.181691 -0.993960 -1.933360 -1.324463 -0.951806 -1.282028 -1.313448 -1.795157 -2.370263 -2.116494 -3.277081 -2.453424 -2.309933 -0.949909 -0.400811 -0.387754 -0.298501 0.116458 -0.443378 -0.490780 -0.384862 -1.225545 -0.154033 -1.118462 -1.414316 -0.628654 0.157766 0.363157 -0.225029 0.197107 0.532738 0.333517 0.156784 -0.080831 0.338701 1.015415 0.433235 -0.064164 -0.098932 -1.359869 -1.284630 -2.389588 -2.469395 -1.031212 -0.274180 -1.251206 -0.948843 -1.095997 -1.071140 -0.974929 -1.077678 -0.834127 -0.880082 -1.047076 -1.753402 -1.357035 -0.400105 0.171890 -1.279723 -1.286318 -0.840693 0.932536 0.397866 -1.705992 0.020416 0.797529 0.426944 0.552093 1.527055 0.954758 1.143748 1.704081 1.989937 1.780137 1.761929 2.062056 1.901587 0.728227 1.077649 1.346920 0.112085 -0.128966 -0.234861 -1.419684 -1.936383 -1.336714 -3.057369 -4.610643 -6.132518 -3.894896 -3.504812 -1.197260 -0.553082 -0.738826 -0.089869 0.032961 -0.315336 0.555892 0.448429 0.373974 0.193871 -0.246651 
192837465
14
-1.379137 -1.577175 -3.079528 -4.295194 -2.522456 -1.162505 -1.641327 -2.436498 -2.345296 -3.021056 -2.025865 -2.020985 -0.953223 -0.388790 -0.561862 -0.807338 -1.151893 -2.427836 -2.071549 -1.891638 -2.435030 -1.629463 -2.344964 -0.734150 0.124012 -0.363092 -0.965865 0.018437 -1.417865 -0.320414 0.102654 1.333576 1.985724 1.505556 1.290093 0.777677 0.589696 0.865628 0.536353 0.303026 0.082033 0.383061 0.760688 0.383939 -1.040129 -0.813686 -1.001873 -1.029952 -0.629448 -1.394360 -2.181527 -1.468768 -1.515605 -0.532832 0.036241 -0.068441 -0.148615 -0.476221 0.312066 0.659137 -0.642442 -0.003333 -0.889336 0.124294 0.226804 -0.513139 -1.170069 -1.266161 -2.164046 -1.100521 -1.469879 -2.662707 -2.436335 -1.241256 -0.520159 -1.645615 -1.300264 -1.525126 -0.719623 -0.102151 0.458272 0.377370 1.609523 1.038463 1.314243 1.553132 1.442816 1.558479 2.062410 1.341224 1.181649 0.979552 0.950752 2.025405 1.350189 1.309079 0.023786 0.309266 0.342656 -0.072420 -0.925829 -1.224839 -2.501836 -2.091797 -3.015165 -13.717716 -13.575776 -9.557759 -9.705182 -7.006151 -4.614922 -1.348680 -0.591283 -0.959847 -0.923159 -0.136045 0.405121 0.728985 -0.438100 -1.585283 
192837465
15
-2.890593 -1.811608 -2.685565 -5.288447 -1.953734 -2.147953 -3.129944 -3.559370 -0.391656 -2.380301 -4.665192 -2.749942 -1.948822 -2.548954 -1.205782 -0.612109 -0.381902 -1.032947 -1.906574 -1.710617 -2.256183 -0.694794 -1.338727 -1.681242 0.469548 0.884829 1.075326 1.230431 -0.163912 0.533409 -0.104470 0.306346 1.168547 1.732909 2.063147 1.451206 0.280208 0.114447 1.131947 1.371537 -0.175754 0.107728 0.040175 1.198864 -0.094145 -2.084295 -1.086530 -0.810117 -0.787612 -1.621007 -1.449031 -0.966194 -0.099464 -0.286092 -0.192320 0.144633 1.312635 1.291360 -0.079056 0.797283 0.142099 -0.052479 0.671935 0.383668 0.680831 -0.900704 -0.582947 -1.246497 -0.919242 -1.520341 -3.387449 -1.362232 -3.018843 -2.143086 -3.041908 -2.399287 -0.785253 0.022680 0.795874 0.488078 -0.394675 -0.774100 0.729110 1.834252 1.791743 1.157226 1.221532 0.199887 1.022556 1.124444 0.976238 0.648344 0.695498 -0.182123 0.621538 1.627171 1.396282 -0.326357 0.790744 0.227667 -0.799017 -2.647443 -4.199450 -2.006586 -3.692384 -2.763867 -3.480820 -3.736601 -4.112019 -5.059842 -5.955487 -2.687351 -2.033342 -1.761875 0.251388 0.802565 1.275322 1.121623 -0.005498 0.217884 
192837465
