1200.000000
160.000000
120
16
1
0.500000
2
2
0
1.037989 -0.466411 -0.287630 -1.429719 -2.619385 -1.543214 -2.845531 -2.348188 -3.541383 -2.559331 -0.754779 -1.758328 -0.986626 -0.665847 -0.216100 0.019784 0.109431 -0.961444 -1.140439 -2.147345 -1.678122 -2.140473 -0.915925 -1.195770 -0.827768 -1.261974 -1.954341 -3.044672 -2.396672 -3.496818 -2.350691 -2.971532 -1.128684 -0.143668 -1.296007 -0.230520 0.443807 0.255464 -0.429577 -0.398462 1.203690 1.747390 0.947682 0.964187 0.954841 -0.042466 0.302073 -1.012131 -1.087565 -1.183446 -2.374473 -1.477719 -1.958244 -0.877751 -1.807306 -0.619872 -0.185644 -0.355403 -0.111625 -0.206175 -0.247991 0.826403 0.344048 0.280443 0.030710 1.576953 1.567270 0.944392 1.052868 0.758076 0.690425 1.022069 1.033940 0.442015 0.327848 -0.438747 -1.018472 -0.565533 -1.120710 -0.971757 -0.443842 -0.959506 -0.245862 -0.258453 0.675536 0.563079 0.625018 0.090128 -0.982911 -1.102744 -1.522458 -2.329739 -1.425901 -0.424675 -0.802055 0.503026 -0.171506 0.100402 -0.393419 0.341091 1.109470 1.570516 1.185631 1.605583 1.017590 -0.950589 -1.923410 -0.796008 -1.378990 -1.436642 -1.203306 -1.368531 -2.601102 -1.361966 -1.749497 -3.303722 -1.600067 -0.766638 -1.397706 -1.806657 
192837465
1
0.615152 0.513856 0.248382 -1.482566 -1.564948 -1.230702 -3.670850 -4.804507 -2.275865 -2.659474 -1.554703 0.505800 0.479061 0.927063 0.027002 0.135112 0.463093 -0.666295 -1.360332 -1.590966 -1.114254 -1.419113 -0.917193 -1.003554 -0.937034 -0.247923 -0.274270 -1.643497 -1.923421 -3.187199 -1.487360 -1.218823 -1.089932 -1.669500 -1.407864 -2.522760 -0.386664 -0.960828 -1.657684 -0.972331 -0.977011 -0.363318 0.080396 -0.373407 -0.304590 -0.501031 -0.435131 -0.866750 -0.482555 -0.842488 -0.840925 -0.882139 -0.848673 -1.212082 -0.719140 -0.131362 -0.127288 0.369593 0.530806 -0.030902 -0.301770 0.479786 0.469669 0.204138 -0.605394 -0.120280 -0.105918 0.118970 -0.153386 -0.791455 -0.751149 0.045281 0.707745 -0.187759 0.733273 -0.425625 -1.490763 -1.595231 -0.582033 -0.724423 -0.428602 -1.171369 0.127381 -0.300461 0.366836 0.354780 0.559272 -0.432082 -0.857779 -0.783939 -0.811499 -1.884011 -1.706681 -1.764932 -0.448731 0.758582 0.993304 1.394647 0.180614 -0.196232 0.722791 1.236489 1.033256 -0.144633 0.633907 -0.160070 0.356029 0.354550 0.269133 0.657126 -0.228956 -0.758723 -0.247307 -1.641460 -2.860238 -3.008191 -1.944006 -2.872455 -3.174532 -2.778434 
192837465
2
-0.195365 -0.915736 -1.284958 -1.969456 -0.822559 -0.351549 -1.102938 -2.986401 -2.472269 -1.409189 -0.234740 0.465138 0.229110 0.198962 0.887066 1.047408 1.301989 0.816798 0.807980 -0.281232 -0.716807 -1.074077 -0.960238 -0.558475 -0.573968 0.031734 -0.057890 0.287931 -0.374360 -0.715051 -0.548317 0.617640 0.379442 0.119883 -1.148479 -0.833818 -1.732999 -2.434350 -1.953644 -2.613391 -2.603197 -1.671972 -2.544257 -1.044607 -0.571870 -0.938194 -1.561996 -0.757725 -0.610074 -0.167346 -0.182568 -0.897807 -0.575420 -0.569931 -1.294106 -1.159525 -1.407811 -0.822830 0.658175 -0.423714 -1.452213 -1.138194 -1.375122 -1.574000 -0.419225 -0.417351 -0.904224 -0.535989 -0.773469 0.054963 -0.841406 0.069077 0.364134 0.352852 -0.090353 0.142920 -0.748349 -0.649082 -0.593444 -1.005689 -2.344615 -1.961160 -1.650940 -1.829430 -1.399627 -0.271399 -1.108425 -2.902171 -2.390662 -1.900335 -1.729883 -0.382998 -0.058039 0.355443 -0.183472 0.374693 -1.235617 -0.513131 0.031331 -0.253701 1.182718 0.637240 -0.019501 -0.247129 0.559494 0.232955 0.570860 0.017429 1.485635 0.969585 0.669759 0.548938 0.340970 -1.069499 -0.271260 -1.636645 -1.162100 -0.203892 -1.936242 -1.728611 
192837465
3
-0.318062 -0.842282 -1.052132 -0.387531 -0.092750 -0.719004 -0.726809 -1.224903 -0.986692 0.043950 -0.047767 -0.433946 -0.288596 0.562075 1.275674 1.396274 1.123385 0.068737 -0.267059 -1.538061 -1.004112 -1.620499 -0.674410 -1.063892 -1.413677 -2.168500 -0.604890 0.218897 0.261674 0.571199 1.241544 1.001822 0.216367 0.215733 0.365883 -1.059610 -1.612631 -1.228059 -1.651621 -1.204175 -2.028695 -2.101108 -1.181560 -0.945503 -1.074764 -0.453043 -0.346891 -0.137814 0.424519 -0.190445 -0.877580 -2.065797 -0.671025 -1.222775 -0.445198 -0.623023 0.128257 0.422453 -0.325617 -0.779133 -0.943601 -0.552367 -0.614190 -0.757431 -1.757961 -0.234223 -0.947682 -0.345968 -0.538735 0.430236 0.061334 0.119360 0.605666 0.554647 0.124054 0.096432 -0.225991 -1.476077 -1.788593 -1.513510 -2.683119 -2.361660 -3.394355 -3.323442 -1.543416 -2.534426 -2.135159 -1.692694 -0.938118 -1.409488 -2.486195 -1.443111 -0.714381 0.033729 0.048554 0.447830 0.313730 -0.050691 0.646266 0.242530 1.372296 1.999163 1.416449 0.780614 0.763610 0.510577 1.245678 0.470621 0.321282 0.455537 0.565101 -0.374110 -0.499955 -1.207867 -0.409596 0.015079 -0.307305 0.795871 0.006572 -0.568525 
192837465
4
-1.353568 -0.662605 -0.577084 0.000107 1.113761 0.145226 0.193470 0.093548 -0.276200 -0.303001 -0.034298 0.391707 0.957848 0.677684 0.998957 0.445082 0.225978 -0.598293 -0.792694 -0.108725 -0.050541 -0.057756 0.255538 0.323535 0.163571 -0.139193 0.416593 0.503266 0.250121 0.747969 0.278163 0.324207 -0.128588 0.166174 -0.078974 -0.298330 0.516721 -0.329632 -0.572583 -0.731067 -0.634149 -1.321140 -3.121959 -2.436942 -1.982442 -1.519712 0.390165 0.615924 -0.633312 -0.726056 -0.691235 -0.409342 -0.608520 -0.408765 0.200660 -0.021236 0.563427 0.419012 0.829984 0.808923 -0.139411 -0.222080 -0.589799 -0.592879 -1.486035 -0.789052 0.640267 0.803901 0.311779 -0.019592 0.534483 2.000176 1.232182 0.593556 0.254901 1.105464 0.197568 -0.977165 -2.745597 -3.192329 -4.037285 -3.011256 -4.757581 -3.821855 -3.141748 -4.741549 -3.133592 -3.406935 -2.034959 -2.865322 -4.830482 -2.320859 -1.803134 -0.839234 -0.021757 0.856641 0.909911 1.083386 0.999405 2.045660 2.352633 2.349591 2.514098 1.181751 0.474464 0.676472 0.899423 -0.296416 -0.777089 -0.166254 -0.732112 -0.675479 0.075040 0.325936 -0.180282 -0.470392 -0.177975 0.076727 -0.281102 -0.018360 
192837465
5
-0.105489 0.394740 -0.096753 -0.609298 0.398799 1.095321 1.079782 0.691459 0.148237 -0.434557 0.146655 -0.358232 -0.212012 0.250607 0.172884 -0.025727 0.082656 -0.883661 -1.535114 -1.904516 -0.553724 -0.099736 0.212171 1.180298 1.338366 1.101926 0.157074 1.165457 0.987601 1.575734 0.328508 -0.269123 -0.780029 -0.925560 0.424194 -0.109088 0.034225 0.621103 -0.930832 -1.188106 -2.309895 -2.480892 -1.751130 -3.149660 -3.629050 -2.621622 -1.360897 -0.443730 -0.885351 -0.503876 -0.066681 -0.201587 0.132304 -0.955267 -0.434760 -0.892031 -0.461826 -0.169801 0.472205 0.611081 -0.188136 -0.291934 -0.397979 0.075787 -0.824566 0.111003 0.571227 0.974998 0.495991 0.805371 1.190939 2.363454 1.729730 1.021344 0.266154 0.163929 -0.407762 -0.196047 -0.985639 -1.054124 -3.506623 -2.855419 -3.961556 -4.663607 -6.221354 -4.861918 -5.605769 -1.763518 -2.058094 -5.526353 -10.602490 -5.481966 -3.233493 -1.103416 0.304349 0.177203 1.030236 0.885416 1.484742 1.427932 1.676604 1.499142 1.900628 1.740272 1.520156 1.675653 1.670687 1.069035 0.109944 0.583006 0.203177 0.426341 -0.851836 -0.758383 -0.618345 -0.020927 0.486814 0.581082 -0.036003 0.442057 
192837465
6
0.787322 1.310906 1.034874 0.543717 0.879328 1.423687 0.315181 0.802698 1.236730 0.510926 -0.187321 -0.120133 -0.262443 -0.877960 0.392768 0.514675 -0.209342 -0.093196 -0.596371 -0.290173 0.663892 0.756051 0.891903 1.161463 0.688137 0.919915 1.666252 1.312457 0.463533 0.628027 -0.049263 -0.599629 -1.450475 -0.972118 -0.023730 -0.699967 0.294598 -0.630083 -0.413398 -2.942149 -1.583773 -1.625759 -1.014524 -1.473611 -1.443778 -1.223125 -1.004854 -0.147738 -0.099248 -0.587339 -0.051139 -0.412365 0.003559 -0.334371 -1.004012 -0.756256 -0.155352 -0.497169 -0.336248 -0.329007 -0.418498 -0.820233 -0.595817 -1.111352 -0.080861 0.486682 0.457412 0.267755 0.419938 1.526160 1.991347 2.014504 1.712947 0.904166 0.697567 -0.371846 -1.093882 0.029114 -0.606443 -1.456559 -1.268250 -2.808831 -1.325069 -2.038558 -2.414765 -4.201508 -5.424429 -2.135239 -2.581413 -2.822273 -0.719173 -0.455612 -0.436379 -1.182413 0.249772 0.120970 1.035960 1.195220 1.745487 1.247030 1.717505 1.436799 1.771533 2.349935 1.029316 1.451611 1.624967 1.194118 0.502909 0.603916 0.445938 0.016080 -1.314257 -2.015112 -0.858751 -0.248818 0.154450 -0.503024 -0.563084 0.593225 
192837465
7
0.716514 0.315206 0.650073 0.809285 1.596855 1.386236 1.175307 0.510679 1.250859 1.090858 0.653677 -0.729005 -0.173426 -0.669820 0.679734 1.489792 1.910904 1.554332 0.470731 0.731482 0.834336 0.677321 -0.208442 0.006339 0.449166 0.571430 1.366277 1.029651 0.311552 0.366513 0.079111 -0.132375 -0.726125 -0.973002 0.088661 0.446921 1.032637 1.019515 0.300991 0.298922 0.364016 -0.562409 -0.816514 -1.425981 -2.627583 -0.714901 -0.877386 -1.423239 -1.260611 -1.280492 -0.382014 -0.346227 -0.573463 -0.428933 -0.650931 0.113410 0.639707 0.386141 0.516934 0.091815 -0.243750 -0.167675 0.010075 -0.381537 -0.534614 -0.718377 -0.755582 -0.463971 0.838804 0.651484 0.553433 0.891257 1.269235 1.684634 1.124052 1.460033 1.006919 -0.028176 -0.182582 0.143218 -0.324595 -1.244270 -1.578663 -3.357428 -1.374262 -1.058569 -2.676809 -1.223955 -1.887532 -0.485906 -1.737010 -1.354192 -1.938665 -1.066917 -0.581845 -0.769589 -0.383482 0.357054 0.135961 0.401522 -0.312074 0.475280 1.275362 1.570249 1.422227 0.368695 0.547228 -0.529319 -0.383204 -0.177730 0.032838 -0.194571 -0.172132 -0.598603 -0.202018 0.032407 0.252997 -1.006121 -0.695793 -0.035799 
192837465
8
0.647747 -0.654751 -0.002112 0.242016 0.350525 -0.057701 0.844553 0.370172 0.418971 0.048243 0.109180 0.348950 -0.053781 -0.311987 1.466694 1.432204 2.008981 1.776887 1.537975 0.785444 1.304194 0.809535 0.245963 0.916895 0.670963 0.383350 0.085843 0.292488 0.691011 0.403058 0.396452 0.401341 -0.102771 -0.005509 -0.363194 -0.051278 0.137063 -0.547924 0.303490 0.006485 -0.480544 -0.464905 -0.145246 -0.508999 -0.797430 -0.167603 -0.751152 -2.415898 -2.669828 -2.731850 -2.949204 -1.477446 -1.674308 -1.432830 -0.363687 0.218903 -0.113796 -1.209217 0.127171 -0.780193 -0.283874 -0.276115 -0.669987 -0.543514 -0.301239 -0.313639 -0.476306 0.326698 1.372471 0.925057 -0.126408 -0.083823 1.077405 1.204324 0.822486 0.315278 -0.259274 -0.375369 0.104276 0.987589 0.507343 -0.848692 -0.772395 -0.775085 -1.974003 -0.836980 -0.867178 -1.173796 -0.894822 -2.557636 -1.996175 -1.813939 -0.634235 0.155313 -0.146770 -0.523181 -1.460747 -0.161753 -0.066144 -0.637197 -0.834903 -0.750226 -0.085533 -0.639993 -0.168333 -0.047321 0.133009 -0.841755 -1.369020 -1.424113 -1.643075 -1.577314 -0.925722 -1.163140 -1.762269 -1.347132 -1.151990 -1.052206 -0.439566 -0.124078 
192837465
9
0.446856 0.531952 0.953685 1.360661 0.778040 1.242753 1.756041 1.547725 1.172013 0.605695 0.342451 -0.336176 0.214749 0.566205 1.183169 0.845225 1.427138 1.040314 1.387746 0.932824 0.672300 0.117866 1.293764 1.656169 1.479283 1.151051 0.349488 0.050502 0.192341 0.399599 -0.008118 -0.660019 0.753104 0.283974 0.977135 0.498393 0.717915 0.973991 -0.571032 -0.138171 0.333508 0.189323 -0.054928 -0.868585 -1.608819 -2.634384 -1.187687 -0.598588 -1.423702 -1.843132 -2.017918 -2.076153 -1.999833 -1.121410 -0.813639 -1.382288 -1.005664 -0.415277 -0.726583 0.294319 0.030198 -1.024766 -0.168582 -0.017907 -0.452755 -0.817164 -0.210363 1.075436 1.184085 1.138039 0.071566 -0.725043 -0.485395 -0.108611 -0.272323 -0.009193 -1.399439 -1.739123 -1.647633 -1.004737 0.381936 -0.028908 -0.964892 0.048941 1.035772 0.163831 0.148775 -0.423973 -0.339264 -0.875904 -0.114627 0.256474 0.523916 0.931899 1.299165 0.628191 0.025040 0.226965 0.368416 0.170119 -0.328721 -0.381773 0.000890 -0.596108 -0.644584 0.057400 -1.232654 -1.942556 -1.732129 -1.751476 -2.279988 -1.938157 -1.660440 -1.160459 -3.469161 -2.499386 -1.896013 -0.972023 -1.090960 0.322458 
192837465
10
0.872772 1.417368 1.467878 1.023879 1.519213 1.686767 0.826801 0.342817 0.582434 0.409297 0.385703 0.073838 0.847084 0.241285 0.458029 1.350803 1.443778 2.231311 2.090454 1.074559 0.421395 1.276811 0.131190 0.421701 1.425383 2.212389 0.486847 0.195911 -0.438477 -2.008239 -0.375187 0.811570 1.636753 1.555068 0.644967 -0.110224 0.196775 0.425682 0.197835 -0.269174 0.422581 0.416985 0.183856 0.395705 0.032854 -0.866659 -1.128213 -0.700459 -0.068549 0.276846 0.439320 -0.097943 -0.546779 -0.028797 -0.186492 -0.287118 -1.081866 -1.334461 -0.808602 -0.682548 -1.170720 -0.741713 -0.210100 -1.513128 -1.519972 -1.301165 -0.274438 0.524152 0.883390 0.960702 0.018411 1.022579 0.278120 -0.616749 0.125514 0.522042 0.398282 -1.150036 -1.590838 -1.104915 -0.204203 0.376337 0.428006 0.681855 1.609818 1.147272 0.825328 0.522149 -0.201661 0.325538 0.308656 0.005149 0.130732 1.066768 0.936059 0.307553 0.358820 -0.086745 -1.249008 -0.301799 -0.464303 -0.907091 -1.144077 -1.557832 -0.320279 -0.244969 -1.636372 -1.680757 -2.625856 -2.311829 -1.971099 -4.875884 -4.200321 -2.895164 -2.315626 -1.535683 -1.503387 -1.166068 -0.150796 -0.604164 
192837465
11
0.690851 0.210802 0.352314 0.683401 1.492626 1.069523 1.571587 0.857900 0.509961 1.299810 1.239552 1.251079 0.552073 0.950309 1.369202 1.421527 1.476346 1.690610 2.376388 1.754496 1.042301 1.537574 1.287247 0.487433 0.981330 0.286208 -0.870205 -0.938503 -1.650667 -0.707144 -0.074641 1.150321 1.856155 2.010962 1.357338 0.631181 1.244904 1.407024 1.411051 0.727023 0.953509 0.538349 0.329488 -0.382998 -1.127936 -0.380717 -0.313224 -0.522709 0.496745 0.707421 -0.144026 -0.836462 -1.019026 -0.331653 -0.215162 0.168986 -1.089012 -0.394306 -0.167603 0.315393 -0.121943 -0.288722 -0.429405 -0.524180 -1.231657 -0.622531 -0.267343 1.141386 1.240124 1.622383 1.443290 0.965865 1.007417 1.385526 0.847431 0.414540 -0.273128 -1.558363 -1.614003 -0.942158 -0.379387 -0.777956 -0.590493 0.538672 0.574818 1.204328 1.255242 1.057171 1.071187 1.185109 1.229323 0.894341 0.828463 0.688648 1.518691 0.802061 0.895246 -0.081018 -0.797904 -0.012151 -0.276581 -0.059567 0.254200 0.321461 0.103638 0.191321 -0.264840 -1.884863 -1.735859 -1.681526 -2.160789 -4.026963 -2.571401 -2.418082 -2.191404 -1.664071 -2.312327 -1.398742 0.213490 -0.566960 
192837465
12
-0.576582 0.838088 0.346523 0.394478 1.143829 1.525076 2.260097 1.876451 1.461413 1.623857 1.893336 2.171215 2.098365 1.621164 1.499959 2.749008 2.205552 2.350863 2.465969 2.560979 1.946434 1.274967 0.242098 0.702503 0.052748 -0.357408 -0.740602 -0.351520 0.155644 0.492915 0.694358 1.729434 2.378930 2.093855 1.914956 2.436970 1.543611 1.064582 0.725877 1.360277 1.599590 1.093770 0.425296 -0.010580 -0.598244 -0.593721 0.034793 0.419126 0.439919 0.101568 0.835399 -0.920867 -0.177607 1.109860 0.008563 -0.307833 -0.144935 0.087134 0.858133 0.297426 0.947579 0.130163 -0.144787 -0.185929 -0.673773 0.479291 0.257883 0.656521 0.170235 1.518184 1.975837 2.032274 2.474917 1.885468 1.193783 0.878968 -0.058915 -0.822250 -0.270250 -0.781183 -1.257907 -0.211990 -0.821884 0.026735 0.643175 0.504783 0.684528 1.391853 1.295576 1.814168 1.628143 0.918699 1.503277 1.135235 0.451248 0.381023 0.381387 1.050713 0.376751 -0.355517 -0.233211 -0.456884 0.145122 -1.087408 -1.066660 -0.436114 -0.435383 0.154483 -0.030004 0.074668 -0.161956 -1.451499 -2.177321 -1.275851 -2.028312 -2.322687 -1.104386 -0.722946 0.198268 0.380414 
192837465
13
1.089772 1.412433 1.497513 1.396487 2.099023 1.602831 2.232637 2.675790 2.348887 1.603841 1.624698 2.064258 1.929036 1.980823 2.490565 2.187770 1.472852 1.705872 1.761706 1.602114 1.354007 1.277458 0.752539 0.453366 0.395154 0.200857 0.339103 0.007379 0.901369 1.799245 1.638305 2.356680 2.098205 1.674597 1.863538 1.251218 0.687817 0.701874 0.625756 0.477293 0.242838 0.655122 -0.265462 -0.633195 -1.106119 -2.024731 -1.074312 -0.452925 -0.814754 1.265070 0.287769 0.088162 0.032582 0.495263 0.369793 0.299728 0.840284 0.758308 1.322512 0.476965 0.755000 -0.464785 -0.612474 -0.293011 -0.652710 -0.594182 0.402436 0.520399 0.460771 0.252634 1.166847 0.515039 1.109422 0.097276 0.452979 -0.380738 -0.742699 -0.312698 0.163141 -0.234204 -1.504740 -1.532340 -0.743665 -0.575348 -0.769277 0.551636 0.964531 1.581748 1.358513 2.102803 2.159147 2.118746 1.330057 1.343384 0.962550 0.601269 1.297789 1.018490 -0.322985 -0.571235 -1.029459 -0.364962 0.490397 -0.173340 -0.467714 -0.216904 -0.369437 0.331509 -1.010909 -0.783738 -1.828973 -1.758465 -2.356510 -1.777211 -2.534259 -1.611924 -0.658706 0.159074 0.617401 0.685974 
192837465
14
1.412778 1.703761 2.257259 2.473687 2.580769 2.695223 2.752444 2.042002 1.942043 1.956088 1.240522 1.320728 2.192439 2.377120 1.965218 2.462065 1.313304 1.323047 0.364188 0.058109 0.490685 -0.002708 -0.744305 -0.477883 0.142475 -0.096275 -0.225073 -0.296504 1.359561 1.865340 1.798502 2.080594 2.117593 1.115164 1.836191 1.708295 1.270540 0.331016 -0.327649 -0.583462 -1.289776 -1.405207 -1.274758 -0.960216 -0.972060 -1.051820 -1.506184 -1.481995 -1.198771 -0.717182 -0.574818 -1.685951 -1.467391 -1.024009 0.712841 1.280858 1.463684 1.353859 0.710707 0.097869 -0.068965 -0.974827 -1.924758 -1.599242 -2.890170 -0.732969 -0.467618 -0.622008 -0.162684 0.234433 -0.202858 0.665753 -0.055234 0.514317 0.185247 -0.777755 0.062710 -0.376235 0.699068 0.378261 -0.058081 -0.146279 -1.039314 -0.265209 0.200278 -0.386892 0.655386 2.133625 2.891365 2.457134 1.993616 1.775737 1.074262 1.777359 1.204174 0.562678 0.492064 0.926263 0.585981 -0.134558 0.014921 -0.134611 -0.447288 0.295775 -0.076946 -0.132748 -0.789740 -0.767789 -0.859751 -0.673972 -0.918487 -1.054939 -0.658417 0.118342 -0.187056 -0.669670 0.042999 0.636224 -0.185248 -0.096855 
192837465
15
1.472370 1.567173 1.713099 1.981279 2.190077 1.349394 1.821075 1.960818 2.439251 1.492155 1.873326 2.191963 2.069474 1.592290 1.604063 1.930045 1.515267 0.552935 0.821541 0.140898 0.112691 0.783723 0.242732 -0.300060 0.445371 0.989355 0.790678 0.844548 1.752630 2.057299 2.161846 1.570835 1.400588 1.216624 1.538060 0.415715 -0.324218 -0.838179 -1.459122 -1.872351 -1.854746 -0.973567 -1.210030 -0.677166 -0.059123 -0.772203 0.033682 -0.098570 -1.242709 -1.742462 -0.728852 -1.305322 -0.979570 0.067128 0.542314 0.433934 1.007584 0.094944 -1.499828 -1.432213 -1.887284 -2.511711 -1.732356 -0.588074 -1.047470 -2.064984 -0.408218 -0.640957 -0.339954 -1.547037 -1.030716 -0.583224 -0.003463 0.051890 -0.003238 -0.901242 -0.504996 0.179968 -0.339702 0.020883 0.439600 -0.132500 -0.363413 -1.317885 -0.102165 0.601881 1.290165 1.909189 2.192034 1.746343 0.855608 0.473202 0.595377 0.441381 0.348186 -0.289469 0.564181 1.105228 -0.287827 0.469723 0.967103 0.252372 0.443231 1.210107 1.087141 -0.381029 -0.925938 0.224723 -0.083222 -0.551910 -0.568058 -0.988952 -0.847974 -0.198907 -0.278874 -0.025498 -0.524708 -1.555746 -0.780532 -0.549831 
192837465
