1200.000000
160.000000
120
16
1
0.500000
2
2
0
0.993287 1.665500 1.253148 0.942104 1.293988 1.350016 0.614970 1.641184 0.886726 -0.253509 0.415885 -0.059006 -1.186716 -0.758263 -0.083699 -0.978368 -0.118368 0.635639 0.138795 -0.036044 0.942940 0.460891 0.748986 0.371324 -0.872649 -0.688886 -1.003722 -0.442965 -0.940609 -1.262058 -0.581561 -0.049079 -1.076424 -2.203509 -1.499723 -1.431594 -1.494879 -1.366144 -0.895128 -2.838891 -1.244204 -1.805663 -0.918855 -0.237413 0.000916 0.331577 0.057441 0.628142 -0.073177 -0.147131 -0.845831 -0.823412 -1.498006 -1.812309 -1.612233 -0.467836 -0.431469 -1.010246 -0.316478 -0.418387 0.786715 -0.124992 0.313768 -0.113465 -0.242794 -0.704008 1.092663 0.163961 -1.185803 -0.869372 -0.872001 0.061189 0.396556 0.336670 0.913778 1.482952 1.678505 2.269242 1.629308 2.289094 2.794938 2.469322 2.016491 1.682830 1.577387 0.996967 0.295085 -0.467036 0.199175 0.296943 -0.932438 -0.971826 -0.648834 -0.936169 -1.847549 -2.979514 -5.361839 -3.114155 -4.148477 -2.316668 -2.555919 -0.615988 0.068321 -0.134338 0.344118 0.461387 1.256753 0.703406 0.191406 0.180790 -0.486059 0.051314 -0.798253 -0.687431 -1.015465 -1.290006 -1.683824 -0.769503 -0.298538 -0.431682 
192837465
1
1.506157 0.546784 1.069456 1.615232 1.111650 1.227766 0.765012 0.848004 1.183960 1.011988 0.376431 0.847403 0.026263 -0.669240 0.235075 -0.111048 -0.248295 0.244247 -0.980473 -0.061472 0.281194 -0.170478 -0.969330 -0.892611 -0.346692 0.992510 0.513712 -0.417594 0.085492 -0.454890 0.518293 -0.188349 -0.288302 -0.945749 -0.328134 -0.406808 -0.038907 -0.955068 -0.877066 -1.271403 -0.699923 -0.188808 -0.692732 -0.422461 -1.173742 -1.624243 -0.010430 -0.046059 0.783682 -0.007723 0.435509 -0.309793 -0.966176 -1.183919 -2.426480 -3.037193 -2.677549 -2.573878 -1.298929 -1.009682 -0.844852 -0.830757 -1.208297 -0.537561 -0.335259 -0.282767 -0.860450 -0.503523 -1.204199 -2.107990 -1.315303 -0.891099 -0.707537 -0.458514 -0.057640 0.936147 0.938819 1.308185 2.672447 2.257062 2.109060 1.428509 1.085249 1.294901 0.871510 1.182195 -0.587652 0.428513 -0.267391 0.358831 -0.346999 -1.028399 -1.181485 0.282370 -1.666655 -3.632960 -3.578193 -2.372168 -2.281043 -2.076401 -1.192841 -0.728273 -1.245815 -1.199860 -0.563057 -0.276804 -0.432846 -0.030644 -0.036123 -0.848065 0.260226 -0.868688 -0.872184 -1.428733 -1.104048 -0.397263 0.493655 -0.937611 -0.829061 -0.107311 
192837465
2
1.519005 0.219525 0.503763 0.422746 1.229341 1.956472 2.075258 0.984168 0.954628 0.412501 -0.358944 0.498488 0.264790 -0.042417 0.367603 0.584006 0.208974 0.618515 0.477920 0.503481 1.271148 0.075935 -0.008268 -0.692568 -0.003688 -0.175738 0.069919 1.103111 1.253263 0.669820 -0.103253 -0.217575 0.672112 1.358114 0.354373 0.673532 0.716653 0.420158 -0.148681 -1.769501 -1.131610 -0.631608 -0.563671 -1.070820 -0.829209 -0.298481 -1.113668 -0.081804 -0.032486 -0.165086 -0.440908 -0.811916 -0.691311 -1.462770 -1.121348 -0.729844 -1.092050 -0.447383 -0.991568 -1.483613 -2.206516 -1.819222 -0.455505 -0.600980 -1.052849 -1.022199 -1.168559 -1.048487 -1.320961 -1.154729 -0.525805 -0.295835 -1.081439 0.369227 0.875490 0.454180 1.151378 1.389583 1.625743 2.512494 2.206040 0.993189 0.488242 0.196288 0.730790 0.942145 0.966626 0.947738 0.338452 0.070700 0.398639 0.399022 -1.195803 -1.154980 -0.931178 0.518934 0.002657 -0.175758 -2.006138 -1.796315 -1.131770 -0.966338 -0.882588 -1.089148 -1.711710 -1.415453 -0.296441 0.355533 -0.395500 -1.050088 -0.753021 -1.482658 -1.484357 -1.250176 -1.661351 -1.246978 -1.036913 -1.390778 -2.206530 -3.608589 
192837465
3
0.094023 -0.363512 -0.605275 -0.409113 0.698380 0.551499 0.837796 0.990328 1.514977 1.542603 0.427663 -0.014677 0.697497 0.071401 0.169884 -0.817628 -0.009117 0.200672 0.429555 0.351262 0.986985 0.718151 0.572131 1.236188 1.086487 1.018292 -0.487341 0.770803 0.637641 0.900133 0.466568 -0.089411 -0.005961 0.196009 0.517799 1.038273 1.230450 0.791509 0.121854 -1.169840 -1.592262 -1.936465 -1.077051 -1.142671 0.069776 0.026235 -0.373934 -1.181251 -0.299650 0.253717 -0.154199 -0.189372 -0.785637 -0.101140 -2.127351 -2.640926 -2.368105 -2.127936 -1.847851 -1.205435 -4.226825 -3.364000 -3.171596 -3.732476 -4.034067 -3.129702 -5.580806 -1.902067 -1.510515 -1.134400 -1.290397 -0.235363 0.092580 0.630185 1.028343 0.479110 1.170375 1.382106 0.457683 1.306047 1.532045 1.762812 1.286454 0.411084 0.553631 0.583404 -0.435570 1.831152 1.140170 1.169035 1.117165 0.576856 0.687900 0.182375 0.100930 0.636788 0.253142 0.124058 -0.161600 -0.189067 0.514760 -0.502216 -0.080859 -0.055681 0.578587 0.602159 0.983025 0.029980 -0.985915 -1.275443 -2.030007 -2.837570 -1.594090 -1.500261 -1.461874 -0.961909 -0.279183 -1.979866 -2.888923 -1.003848 
192837465
4
-0.713557 -1.751260 -0.721218 0.069804 0.074463 -0.083783 0.982378 0.778865 0.430315 0.640483 1.142321 0.307139 0.930384 0.653031 0.393327 0.328963 0.123515 0.423024 0.401230 0.259479 0.494139 0.605709 0.572742 1.247262 1.607186 1.293827 1.363996 1.639304 1.560406 1.590899 1.997749 0.817117 -0.050414 -1.021582 -0.234323 -0.562896 0.323677 1.158500 1.010665 -0.377147 -0.275642 -0.241494 0.279604 -1.577826 -1.931018 -1.864699 -1.309869 -1.372372 -1.019298 -1.657396 -1.746330 -2.453658 -0.962194 -0.527720 0.038700 -0.092805 0.018110 -0.859559 -2.583347 -3.123280 -3.285999 -5.246225 -3.658379 -3.559765 -3.992913 -2.381824 -1.836458 -2.503951 -1.985884 -3.005392 -1.426777 -0.560766 0.297694 0.226265 0.003939 -1.299681 -0.668647 0.029086 0.789227 0.576506 0.565931 0.361405 1.025517 -0.018916 -0.320116 -0.458184 0.453037 1.580886 1.265691 0.535849 0.440047 0.476438 0.844690 0.183909 0.105739 -0.559687 -1.006557 -0.531483 -1.783937 -0.672475 -1.392015 0.242645 1.002371 1.476659 1.408096 1.070598 1.085400 -0.053629 -1.014447 -2.869170 -3.195979 -4.288060 -2.214330 -3.926834 -2.349940 -1.386478 -2.016463 -1.970508 -1.873654 -2.344919 
192837465
5
-1.619041 -1.088008 -0.336567 -0.212479 -0.062119 -0.030032 -0.558200 -0.206596 -1.027782 0.084236 0.646579 1.078092 0.513890 1.239562 1.255510 0.286385 1.205129 1.695081 1.151387 0.414566 1.114682 1.264533 1.416827 1.498032 1.742696 0.962042 1.439522 0.908534 1.645614 0.629384 -0.473492 -0.418269 -0.054058 -0.356377 -0.186184 -0.661862 -2.295450 -0.223902 0.512751 -0.282988 -0.651555 -0.954053 -0.661618 -1.459176 0.251748 0.582176 0.042849 -0.908638 -1.559503 -1.804274 -0.990395 -0.546130 -0.087616 0.154838 -0.431274 0.255146 -0.365481 -0.435357 -1.166811 -1.625522 -2.575017 -3.086338 -3.472016 -2.596815 -0.885110 -1.399082 -0.676399 -0.333066 -0.343501 -0.662045 -0.883844 -0.084249 -0.315167 -0.377616 -0.506812 -1.707688 -1.431651 -0.181632 0.220474 0.162402 0.747636 0.222318 0.112337 -0.209254 -0.470732 0.388465 -0.082215 0.747790 0.387422 0.467750 0.292342 1.241976 0.960114 0.494650 0.359648 -0.961193 -0.737121 -0.804729 -0.925478 -0.986912 -0.464052 1.221311 0.493929 -0.062566 -0.139244 0.519526 0.079431 -1.632014 -1.601356 -2.796286 -1.632106 -1.888837 -4.034010 -3.190782 -3.667205 -2.765869 -5.107322 -3.715752 -5.390829 -3.797938 
192837465
6
-1.197694 -1.368091 -0.658260 -0.118593 0.493761 0.709172 0.808962 -0.454865 -0.222259 0.431370 1.686268 1.252772 0.153630 1.069076 1.254468 1.121821 2.017167 1.839477 1.246331 0.437651 1.267538 1.286277 0.442753 0.641225 0.868200 1.089996 1.576088 0.476735 0.092477 0.261448 -0.878171 -0.402747 -0.405046 -0.147325 -0.518421 -0.378385 -0.483987 -0.642977 -1.705466 -1.662532 -0.801696 -1.516126 -0.882457 -0.809561 -1.053779 -1.891792 -2.675434 -1.323565 -1.529043 -0.971162 -2.217325 -2.026788 -0.723799 -0.787974 -0.440152 -1.508161 -1.564629 -1.485985 -1.922865 -3.117451 -2.806946 -3.112003 -2.305296 -3.140334 -1.768679 -2.899666 -3.769571 -3.328410 -1.693009 -1.043978 -0.087886 -0.242877 -0.510347 -0.245048 -0.543983 -0.708759 -0.571879 -0.554056 -0.300292 -1.185122 -0.628046 -2.236713 -2.231579 -0.897854 -0.522370 -0.496617 -1.180963 -1.240083 -0.420828 -0.020351 0.767102 1.268022 1.033098 0.668478 0.524484 1.055390 0.999369 0.449137 0.114666 -0.131650 -0.616375 -0.287768 -0.420600 -1.102010 -0.271437 0.430671 -0.010566 0.063487 -1.201266 -1.806209 -1.097350 -1.804824 -1.757472 -2.793759 -1.891032 -3.021526 -5.994798 -3.652087 -1.463645 -0.975282 
192837465
7
-1.415173 -0.273854 -1.061718 -0.299659 0.401799 -1.174705 -0.277921 -0.407415 0.868562 1.355739 0.607964 0.359717 1.540048 1.261603 1.907919 1.601731 1.977536 2.564705 1.780039 1.805134 1.250061 1.533075 1.234631 1.002123 1.005463 -0.250764 0.173894 -0.783717 -2.564179 -1.680882 -0.819980 -0.401149 -0.771657 -0.886245 -2.084988 -2.477516 -1.965797 -1.545685 -1.867748 -4.010062 -1.378022 0.318341 0.483036 0.019297 -0.041770 -0.663144 -1.592523 -2.842688 -1.977381 -0.883836 -1.850866 -1.819106 -1.047606 -1.510948 -1.680114 -1.574891 -1.271997 -3.238998 -4.276800 -2.709763 -4.180068 -6.433898 -3.194343 -4.354903 -2.460714 -2.597683 -1.353432 -0.669051 -0.129596 0.754725 0.542557 0.717959 -1.553361 -0.429826 0.000662 -0.618524 -1.456175 -1.670356 -1.747752 -2.074126 -2.536272 -1.591401 -1.181427 0.287488 -0.733663 -1.683996 -1.754111 -1.505847 0.569177 0.638801 0.571504 0.515104 1.339460 1.848202 0.396698 0.516359 0.767895 0.506138 0.914022 0.347104 0.644511 -0.243074 -0.318806 0.311593 -0.362221 -0.430120 0.989418 0.031596 -0.134143 -1.152236 -1.721848 -0.737575 -0.513221 0.415725 -0.110908 -0.499229 -1.390785 -1.911252 -1.817421 -1.901352 
192837465
8
-1.474576 -0.954635 -1.140193 -0.594676 0.214509 0.486413 -0.379059 -0.731823 -0.619977 -0.306977 0.676164 2.207359 2.461268 2.518865 2.635257 2.478597 2.376155 2.040058 2.099200 1.318188 1.696202 1.862647 2.516229 1.796453 1.718879 0.430809 0.553867 -0.685341 -2.322555 -1.671680 -4.779871 -4.279660 -3.892894 -3.122938 -1.846930 -1.809379 -3.450943 -1.742627 -1.159163 -1.381179 0.054695 -0.124017 0.377145 0.403150 -0.058736 -1.063652 -1.334477 -2.131535 -1.487000 -2.543010 -2.997251 -2.730577 -1.748817 -1.904408 -1.683878 -2.310871 -2.504209 -5.058661 -2.788873 -4.295162 -3.898421 -3.559812 -4.316508 -2.877585 -1.619556 -2.480610 -0.311881 -0.470454 0.056224 0.978829 0.319549 -0.411698 -0.662114 -0.242802 -1.060085 -0.093919 -0.997810 -1.127007 -0.899649 -0.620000 -1.526439 -2.755534 -3.089786 -2.229691 -2.076982 -1.699109 -1.385356 -1.152804 0.252872 0.230220 0.666909 1.262598 1.097013 1.328826 1.506837 0.515692 0.538701 -0.041432 0.785721 1.235473 0.372691 -1.238243 -0.723976 -0.201599 0.127073 0.578093 0.139132 -0.154713 0.039354 0.073910 -0.181016 0.147308 0.303520 0.323706 0.026296 0.699101 -0.086971 -1.053922 -1.006821 -1.749424 
192837465
9
-0.197437 0.677047 -0.440631 -0.404130 0.901412 1.312807 0.790225 0.265959 0.024493 0.651191 0.998518 1.938168 2.153600 2.690872 2.567978 2.265469 2.462655 2.044130 2.060944 1.321178 1.222164 1.091845 1.791492 1.547814 1.812232 0.829076 0.380753 -0.823074 0.062173 -1.157560 -1.417685 -2.589613 -4.022547 -3.089877 -0.978163 -2.260790 -3.385180 -1.596982 -1.904423 -0.267152 0.728365 0.597284 1.265095 1.176658 0.810528 0.443242 -0.216869 0.263107 -0.515471 -3.069289 -2.613892 -4.315154 -2.112215 -1.355116 -0.647458 -1.350656 -0.864948 -3.546113 -3.494675 -3.542270 -1.818313 -1.201287 -1.295797 -2.656927 -2.524294 -1.621014 -0.443430 -0.937038 -0.712324 0.437991 -0.581970 -1.213017 -1.704124 -0.896591 -0.312762 -0.972787 -1.006651 -1.032584 -1.340165 -1.340262 -2.176084 -3.586519 -4.044277 -2.698734 -3.086266 -3.754173 -3.834973 -1.533333 -0.216410 0.313981 0.381952 1.339604 1.340714 0.837743 1.091678 0.860640 0.937389 1.649241 1.678709 1.379968 0.207369 -0.215777 -0.514762 -0.430500 -0.666555 0.084039 0.024965 0.819776 0.838367 1.680427 0.889660 0.859847 0.982071 0.937206 0.703379 0.851200 0.492731 0.410417 0.133643 -0.082776 
192837465
10
0.323865 0.503218 0.908262 0.284894 0.887046 0.810056 0.277730 1.941217 1.596819 1.590614 1.842953 1.953861 1.344673 2.271892 2.876247 2.837562 2.254706 2.015641 1.757785 0.360558 0.498873 0.212599 -0.248178 0.132570 0.717004 -0.200331 0.796442 0.801570 0.627451 0.674419 -0.796327 -1.924851 -3.217614 -2.639345 -1.950421 -2.906550 -2.915066 -1.993180 -1.534709 -0.141267 0.511660 0.631044 0.667404 -0.731484 0.059779 -0.022850 -0.919516 -1.182994 -2.138666 -1.880706 -1.500750 -1.820194 -3.132726 -0.811067 -0.210352 0.261993 0.248124 -0.419473 -0.970345 -1.397165 0.500212 0.148276 -0.265363 -0.662232 0.129624 -0.473867 -0.214521 -0.748408 0.790758 0.314580 -0.038699 -0.717082 -1.805027 -0.808470 -0.393708 -0.776453 -1.322585 -1.919106 0.444072 -0.471227 -0.837180 -0.043478 -0.718845 -0.971065 -2.300978 -1.401321 -1.173401 -0.250660 -0.499687 0.019433 1.235419 1.192893 0.718712 0.707215 0.699595 0.808904 1.390508 1.437194 0.698921 1.536296 1.128221 -0.023425 0.103020 0.131150 0.128909 0.218920 0.002156 0.098080 0.504343 1.113687 2.132219 1.254433 1.844605 0.724971 1.024918 0.481036 1.466155 0.626608 -0.539952 -0.019783 
192837465
11
0.464445 -0.027964 0.564114 0.797662 0.972773 1.503968 1.318937 2.035024 2.406571 1.751387 1.955240 2.980591 1.980535 1.866505 1.666601 2.277962 2.399615 1.696572 -0.109134 0.713688 0.555682 0.366774 -0.001815 0.223927 -0.053331 0.048471 -0.507830 0.551613 -0.021979 -0.435914 -0.207312 -1.076978 -1.346453 -1.540492 -0.651833 0.644825 0.175079 0.355038 1.277003 0.631758 0.541607 -0.483380 0.048696 0.232421 0.428223 0.623770 -0.293151 -0.133023 -0.721223 -0.687640 -1.152664 0.128927 -1.472018 -1.662793 0.473311 0.898395 0.731650 1.109458 0.175515 0.454630 0.390087 1.265550 0.668010 -0.509017 0.557350 0.477839 0.729562 0.473845 0.094638 0.305776 -0.105265 0.553172 1.066888 -0.505387 -0.339651 -0.994724 -1.238480 -1.464920 -0.026461 -0.426804 -0.027457 -0.024613 0.746178 0.824596 -0.519055 0.394499 -0.483389 0.328003 0.040450 0.938332 0.321605 0.292368 0.236261 -1.007802 -0.706952 -0.616857 -0.303220 0.217379 1.248504 0.711596 0.211118 -0.189057 0.038922 0.870344 0.548657 0.276034 0.610292 -0.647270 -0.134876 0.907445 1.727844 1.546682 1.508520 1.322715 1.001543 1.423736 1.677397 0.955820 0.359618 0.023730 
192837465
12
0.219977 -0.286679 0.075606 0.318573 0.703666 1.420629 1.024718 1.694560 1.852162 1.823166 1.398293 1.268685 0.989959 0.499283 0.283191 1.156747 0.380572 0.070116 0.005334 -0.391464 -1.689019 -1.116277 0.197535 -0.794121 -1.040910 -0.750493 -0.441301 -1.196888 -1.456168 -1.783041 -1.318115 -2.686415 -3.242953 -1.931242 -1.171693 0.546430 1.881104 1.183696 2.376821 1.422785 1.241910 0.266886 0.892144 1.247246 1.610470 1.031129 -1.186595 -1.003081 0.848318 -0.012534 0.702805 -0.356009 0.352508 0.163462 -1.187066 -0.041746 0.786339 1.586187 1.850684 1.822741 1.100021 1.782129 0.922743 0.009536 1.332410 0.601405 0.644252 0.299196 -0.404286 -0.703075 -0.189330 0.320395 0.571435 0.283551 -0.114702 -1.026424 -0.396901 0.060721 -0.688479 0.813348 0.998540 0.794070 0.601988 0.238440 0.586823 1.040134 0.950877 1.417754 0.443224 1.123959 1.169120 0.347922 0.128704 -0.247088 0.741834 0.362430 0.702220 0.340219 0.718162 0.431540 0.183071 -0.246983 0.786669 0.382083 0.783756 0.906286 0.555256 -0.656535 0.237562 0.144671 1.490211 1.578859 0.571875 1.203638 2.182766 1.634874 1.950347 1.298302 1.627855 1.540285 
192837465
13
-1.707512 0.038499 0.356173 0.099716 0.795082 1.429809 1.735214 2.170526 2.157406 1.897200 1.066352 0.778556 1.274185 0.491954 1.479094 0.617585 0.180585 -0.050086 0.010127 -0.853696 -1.224520 -2.051865 -2.042255 -1.202550 -0.251318 -1.139348 -1.188797 -2.135962 -3.021092 -2.654726 -2.446659 -2.589803 -1.815390 -0.176323 -0.262454 -0.895538 0.741333 0.880594 1.102806 0.972295 1.130761 1.174459 1.218346 1.061898 1.080150 0.760151 -0.783374 -0.253890 -0.301280 -0.321481 0.250511 0.703541 0.975231 -0.075122 -0.572012 -0.541321 -0.407633 0.746147 1.433309 0.605285 0.388603 0.251479 0.278985 0.882889 0.873880 -0.411263 -0.140910 -0.348734 -1.168039 -0.348600 0.275417 0.285706 0.959906 0.123007 0.267923 0.316136 0.978586 1.388010 0.981738 0.427068 0.892873 0.633216 1.098476 1.527238 1.530444 1.377080 1.371786 1.970291 1.996598 1.355198 0.101689 0.089998 -0.195690 -0.143761 0.297831 1.032426 1.456994 1.176324 1.887356 1.069378 0.616642 0.407229 1.071489 1.206386 0.147778 0.335499 0.148675 -0.424219 0.535561 1.434054 1.756786 2.249767 2.444168 1.685417 1.116763 0.114322 0.381837 1.713032 0.817498 1.282481 
192837465
14
-0.384409 0.000746 0.509074 -0.489140 0.146255 0.473649 1.501919 1.756271 1.952803 1.995683 1.881475 1.358468 1.345606 1.564850 1.421928 0.880623 0.302920 0.421958 -1.260195 -0.768386 -1.313660 -2.440933 -2.114807 -1.225830 -1.167432 -1.567374 -1.740032 -1.649006 -2.767060 -3.766887 -1.926823 -1.107287 0.851961 0.224681 -0.046415 -0.350733 0.494432 0.768230 1.098950 0.464611 0.070723 0.355086 1.028273 0.401307 0.293161 1.233452 0.481486 0.013063 -0.063186 0.700570 0.910590 -0.109674 0.324748 -0.326556 -0.452479 0.367225 0.579776 0.679489 0.486107 0.430920 0.206815 -1.639841 -0.150901 0.086321 0.395257 0.290324 -1.200007 -1.262164 -1.440828 -0.629660 -0.409087 -0.410154 0.086551 0.272501 -0.109544 0.600260 0.882730 0.814214 0.837948 0.329711 -1.002279 -0.043261 -0.920055 -0.205354 0.360219 0.897195 0.189023 0.667844 0.258298 -0.202460 0.145565 -0.483413 -0.826457 -0.889899 -0.628148 -0.037563 0.038317 0.755205 0.749314 1.355133 0.485200 0.606658 0.364894 1.062391 1.261363 1.027545 0.759680 -0.216521 0.980255 0.607229 1.006460 1.421400 1.523954 2.157057 1.658964 0.766607 0.525496 0.036802 -0.741847 -2.089868 
192837465
15
-0.432495 0.060275 0.389529 -0.474251 0.598923 0.178893 0.697845 0.998071 0.856723 0.879465 0.784450 -0.002067 -0.287303 -0.766013 -0.965395 -0.136602 1.055742 0.739136 -1.219921 -1.092882 -0.856149 -1.879332 -1.566070 -1.482490 -2.118692 -1.636912 -2.327975 -1.861411 -0.965609 -1.632975 -0.789333 0.148623 1.117911 2.032282 0.532265 1.160724 1.577196 0.436842 0.530558 0.290693 -0.225180 0.268914 0.087805 -0.119872 -0.009485 0.109536 0.871167 0.918214 0.408012 0.475333 0.908535 0.262389 0.679578 0.548871 1.102732 0.539435 0.891362 1.010662 0.288618 -0.311785 -0.077396 0.193753 0.533634 0.184240 0.981299 0.411959 0.831120 -0.389363 -0.529597 -0.623353 -0.287348 0.504285 0.546163 0.943731 0.818596 0.427402 0.967843 1.367925 1.414757 0.458222 0.465474 0.049972 -0.464756 -0.528921 -0.634620 1.445766 0.818408 0.064094 1.026859 0.773369 0.523157 -0.000360 -0.649539 0.406514 0.338883 0.942913 0.152363 0.336756 -0.008211 0.167399 0.979028 0.636167 0.148240 0.253732 0.499977 0.728234 0.776064 0.255890 0.288686 1.365436 1.141817 1.439549 1.662204 1.801380 1.056503 1.002744 0.984735 0.176508 -0.499840 -0.318801 
192837465
