1200.000000
160.000000
120
16
1
0.500000
2
2
0
1.154972 1.813036 1.568481 2.012239 1.571323 1.214681 1.365933 0.338039 0.942834 0.478678 -0.177027 -0.394370 -0.625512 -0.757655 -0.796682 -1.524014 -2.299259 -2.344410 -2.727705 -2.477755 -2.120671 -1.458837 -0.206675 0.028807 0.008563 0.059435 -0.205343 -1.246522 -1.203879 -1.368213 -0.145264 -0.225980 -0.005401 -0.157715 0.067592 0.505166 -0.303152 -0.939709 -0.617544 1.169644 0.715692 0.225716 -0.076433 -0.270089 -0.938937 -0.914041 -2.424468 -1.682013 -1.737792 -2.186221 -0.322746 -0.283460 -0.563417 -2.046335 -2.701870 -3.458012 -2.279749 -2.332355 -1.580075 -0.531547 -0.776872 -1.060949 -0.328421 -0.454006 -0.659339 -2.348564 -3.590484 -2.323251 -1.205879 -0.826691 -1.319364 -2.078864 -3.269285 -3.987046 -2.999719 -1.587684 -1.477717 -0.390816 0.261966 -0.144967 0.269142 -0.514636 -0.707911 -1.668634 -0.038592 -1.561828 -1.577748 -1.739688 -1.565067 -1.944059 -1.415983 -0.201267 -1.111696 -1.980394 -0.672375 -0.487509 -0.739482 1.122403 1.176006 2.004847 1.478662 1.882552 1.429862 1.712904 1.845180 1.819078 1.661048 1.745356 1.725517 0.815035 1.510932 0.798550 1.243971 1.698626 1.531469 0.219143 0.001589 0.543870 1.019040 0.559492 
192837465
1
1.288599 1.190205 1.374595 1.940956 1.621534 1.184949 0.725538 1.407193 0.477148 -1.630239 -0.516278 -1.114557 -1.695025 -1.064945 -1.465481 -2.757112 -2.919952 -3.978945 -3.582893 -2.704012 -3.223525 -1.070673 -0.858548 -0.729667 -1.260693 -0.373504 -1.170937 0.017905 -0.871911 -0.534815 0.326458 0.243314 0.684206 0.455618 0.207188 0.522019 0.871791 1.591824 1.610342 1.995420 1.755421 0.631240 0.196348 -1.061691 -0.568945 -0.912090 -1.699549 -2.052347 -0.802218 -1.840523 -1.042463 -1.834548 -1.150100 -1.817578 -2.050391 -3.636958 -1.360845 -2.897567 -2.414665 -1.700824 -1.791730 -2.163446 -2.887726 -0.827754 -1.543038 -1.645064 -1.150001 -2.146808 -0.851826 -1.322695 -1.147134 -1.767999 -2.590612 -3.598611 -0.486772 -0.816067 0.734984 1.123571 0.674321 0.326043 -0.019819 -0.414655 -1.549449 -1.341079 -0.787339 -0.236131 -0.313805 -0.850047 -0.828651 -0.751070 -0.082161 0.254524 0.019674 -0.334466 -1.316561 0.435062 0.413543 0.406409 0.944482 0.714548 1.923885 1.306869 1.405526 1.262852 1.603100 1.154807 0.750149 0.096390 0.358176 1.025817 1.109454 1.302833 1.489826 0.590382 0.879456 -0.104714 0.280105 0.491636 0.836152 0.423696 
192837465
2
0.892741 0.654816 0.576983 1.082498 1.787604 1.623120 0.472368 -0.832106 -0.613091 -0.141032 -0.969782 -1.372343 -1.167804 -0.927933 -4.024452 -3.872039 -2.046591 -1.112900 -2.288963 -0.907979 -1.163848 -0.831622 -0.682482 -1.112137 -1.079946 -1.085967 -1.578544 -0.483069 -0.844617 0.224810 0.032507 0.309581 -0.204187 0.902854 1.729082 1.480368 2.131382 2.406828 2.162446 1.959945 2.212910 2.159658 1.213423 0.580070 0.881792 -0.002031 -0.738370 -1.480339 -2.470879 -2.164007 -0.996581 -0.888007 -0.669193 -3.493740 -3.268702 -2.958919 -4.822555 -4.587389 -2.710291 -1.957016 -1.304404 -1.845847 -1.200057 -1.108036 -0.236909 -0.549474 -1.459315 -2.138425 -1.782377 -3.397614 -2.222046 -2.024839 -1.937662 -2.316926 -1.448332 -0.385870 -0.995313 -0.158865 0.614699 0.531138 0.639581 1.095247 1.176383 0.519974 1.092704 0.373797 0.615517 -0.149478 0.018473 0.350654 0.320625 0.640831 0.580512 0.224068 0.281982 0.228160 0.346894 -0.155004 0.429708 0.320440 1.480150 1.784683 1.691413 1.050600 1.065659 0.930817 1.301369 1.080657 0.689865 0.794465 0.506810 1.107621 1.596226 0.984885 1.014216 0.635621 0.817524 1.341426 0.369975 -0.428127 
192837465
3
1.797906 0.603499 1.075567 1.104403 1.721771 0.763732 1.109928 0.468872 -0.193719 -0.243877 -0.535509 0.135402 -1.176539 -0.735715 -0.788903 -1.102363 -1.963430 -1.988091 -2.946568 -1.442156 -0.609455 -0.855528 -0.099642 -0.250340 -0.383320 -0.661092 0.223777 0.860649 -0.315193 0.804480 0.291662 1.153723 1.188812 1.385137 2.247130 2.084083 2.065214 2.065679 1.940336 1.995967 2.167189 1.740928 1.648635 2.378336 2.175176 1.282794 0.047035 -0.726566 -1.625582 -1.734276 -0.823149 -1.711245 -1.322765 -1.672011 -2.839595 -1.513201 -1.836828 -1.462275 -1.718940 -0.606348 -1.891160 -1.113717 -1.053808 -0.402490 -1.456616 -2.244679 -1.405260 -1.725787 -1.681648 -3.018144 -4.058740 -3.390809 -2.459111 -1.914932 -1.558287 -0.640985 -0.633212 -0.460667 0.165877 0.712427 0.128327 1.335815 1.293118 1.797144 1.344524 1.553911 1.036432 -0.338247 -0.922879 -0.067138 0.607444 0.507411 0.289161 -0.406890 0.449689 0.856915 -0.069977 0.064218 0.669549 0.561654 1.411855 1.228335 1.086271 0.237615 0.233007 -0.002057 0.778527 0.551231 0.516046 0.398602 1.189147 1.082204 1.440758 0.666835 0.526748 1.013383 1.460310 0.797027 1.373441 1.204027 
192837465
4
1.096807 0.420166 0.345214 0.268218 0.731883 0.175014 0.949828 0.899032 0.058080 0.397438 0.810396 -0.230690 0.120252 0.659465 -0.001923 0.320396 -0.386580 -0.430720 0.110141 0.029238 0.866803 1.177669 0.940437 0.680724 1.009957 1.853409 1.188179 2.273120 1.610714 1.511507 2.034907 2.232315 2.329923 2.505949 1.451104 1.517807 1.904587 1.721008 2.223831 2.400880 1.877433 2.240281 2.252796 1.777601 2.245185 2.056073 1.574425 0.333519 -0.043487 -0.177476 -0.299788 -0.323079 -1.190127 -0.401979 -0.199919 -0.401964 -0.976234 0.077564 -0.053490 0.586017 0.611775 0.494771 -0.419999 -1.123194 -1.313990 -1.906521 -2.049405 -1.475699 -1.086227 -2.799836 -2.283063 -1.692636 -0.690947 -0.200898 -0.559683 -0.752219 0.300706 0.712848 0.022896 0.482612 0.113952 0.476751 1.123352 0.853351 1.364307 0.656350 0.156012 0.117515 -0.610200 0.134860 0.469652 0.989847 0.814631 0.100265 0.443463 0.414082 0.254221 0.266294 0.176545 0.945702 0.696296 1.061944 0.894398 1.510197 0.748876 0.690690 0.603477 0.620191 0.850057 0.770890 0.045898 -1.198176 -0.771164 -0.168818 1.217112 0.178733 1.263649 1.212229 1.957781 1.295179 
192837465
5
0.212004 0.154883 0.635115 -0.182682 -0.197041 1.288540 1.146237 0.502641 0.513799 0.740450 0.099396 0.143730 0.329472 0.518306 0.281464 -0.094804 -0.781869 -1.459892 -0.951000 0.067930 0.539145 -0.208535 1.247802 1.757712 1.620250 1.417460 1.926364 2.426357 2.402822 2.234935 1.928906 2.585108 2.033249 2.187231 2.387357 2.756609 2.953058 2.762322 2.407076 2.410016 2.238251 1.806550 1.843951 1.998765 2.079891 2.223207 2.070893 1.296708 0.447744 0.965248 0.996211 0.785141 0.610746 0.147966 0.551954 0.290373 -0.261805 -0.104668 0.310797 0.404122 -0.447381 -0.736443 -0.991201 -2.674098 -1.491242 -1.266435 -1.278116 -1.131964 -0.217330 -0.665596 -1.011628 -0.623191 -1.847890 -0.671555 0.005403 0.097090 -0.193371 -0.209871 -0.036724 0.267952 0.997452 0.664445 1.406137 1.264217 0.794962 0.765614 0.567079 -0.577329 -0.536564 0.042237 0.305466 0.082126 0.385088 0.275151 0.441846 -0.582439 0.007923 -0.149780 -0.768559 -0.694080 0.959407 0.986834 0.416679 0.462496 0.586605 1.184072 1.066747 0.928186 1.068122 0.577587 0.596803 0.169406 0.434892 1.008794 0.231315 1.633535 1.579546 1.554984 1.691595 1.086475 
192837465
6
-0.174279 -0.210115 -0.203059 0.123522 0.649234 1.296744 1.600044 1.740299 1.414996 0.610734 0.924986 0.187132 -0.501788 -1.869401 -2.370112 -0.602722 -0.365160 -1.205758 -2.029885 -0.937890 0.067932 0.193028 0.189588 1.068093 0.953191 1.635551 1.864486 1.844302 1.459198 1.577345 1.827334 2.359149 2.166479 2.148148 1.569399 2.329989 1.862561 1.982008 2.058890 1.956944 1.015103 0.209279 -0.122019 -0.954854 -0.025411 1.087983 0.500866 0.178453 0.772904 -0.233293 -1.582880 -1.754587 -1.363044 -0.879469 -0.720906 -1.104064 -0.626315 0.242841 -0.098023 0.497042 0.633781 -0.743183 -0.620835 -0.225562 -0.011446 -0.026400 -0.155096 0.104409 -0.742900 -0.853662 -0.172594 -0.310400 -1.278377 -0.708630 -0.438692 -0.077198 -0.092333 -0.680583 -0.338833 -0.445120 0.193904 0.242117 0.527688 -0.620499 -0.646780 -0.625963 0.517084 0.200227 0.074387 -0.326388 0.267830 0.264754 0.525161 -0.259507 -0.999491 -2.116398 -2.165254 -2.159393 -1.033756 -0.116650 0.064570 0.341224 0.007702 -0.025040 0.744908 0.792343 0.189638 1.342437 0.847925 1.520209 1.492956 0.834214 0.436112 1.214026 1.405865 1.586569 0.666335 1.668079 1.154707 1.092452 
192837465
7
-0.160358 -0.106956 -0.731455 -0.835411 1.553747 1.281184 0.730056 0.440363 0.111361 0.102029 0.069091 -1.036819 -1.278766 -1.190447 -0.239147 -1.816220 -0.944788 -1.659844 -3.388338 -1.147160 -0.044648 0.933346 0.636444 0.764670 1.128432 1.578387 1.857392 1.969384 1.391380 0.775204 1.178597 0.662094 0.658453 1.130285 1.214308 1.446582 1.203332 0.193022 -0.253146 -0.760351 -1.111034 -0.817797 -0.881624 -1.348140 -1.650461 -2.346825 -1.013447 -1.255441 -0.739384 -1.508414 -2.690882 -3.766213 -2.784752 -2.310035 -1.114507 -1.298619 -0.427681 -0.232060 0.402365 -0.438069 0.372495 -0.096080 -0.109406 0.022811 -0.265689 0.632343 0.704861 1.317470 0.506385 0.000272 -0.571495 -0.694238 -0.252393 -0.919837 -0.202886 0.619662 -0.181063 -0.095707 0.340828 -0.045904 -0.524130 0.243676 1.506173 0.633093 0.502194 0.344621 -0.365777 0.247046 -0.495832 0.447471 0.873292 0.788393 0.381879 -0.415667 -1.000009 -2.235227 -2.495961 -1.353025 -1.617144 -1.204718 -1.041211 -0.737049 -0.251523 -0.217955 0.569468 0.364073 0.407722 0.760116 0.173935 0.130824 0.303144 1.582063 1.006510 1.893223 1.586319 1.123258 0.860950 0.899140 0.755737 0.972581 
192837465
8
-0.622359 0.068258 0.790513 0.461304 -0.171054 0.245065 0.763393 0.608914 0.824299 0.463458 -0.391638 -1.686868 -0.986165 -2.944422 -2.135782 -2.446044 -1.635117 -1.519105 -1.180393 -1.767202 0.067573 0.314942 1.132087 0.932304 0.700714 1.360211 1.111598 1.458079 1.034726 0.966422 0.957062 0.170228 -0.245006 0.110845 -0.337290 -1.069167 -0.824475 -0.474125 0.141265 -0.306943 -1.121922 -1.785643 -1.305917 -1.488411 -1.742223 -3.507324 -3.363471 -0.992863 -1.796380 -3.187995 -3.910786 -3.731758 -2.619231 -2.521461 -2.592254 -1.123078 -0.363007 -0.124268 -0.041389 -0.093848 0.600004 0.906655 1.746482 0.931771 0.334718 0.526176 0.564794 0.426190 0.388689 1.333796 0.280450 -1.154270 -1.983993 -0.218372 -0.130943 0.402419 1.212435 1.358369 0.198174 0.445769 -0.112787 0.166386 0.846428 0.686729 -0.414643 -0.907610 -0.786833 -0.642748 -0.538527 -0.804645 -0.818326 -0.521068 0.271321 -0.492107 0.354110 -0.313314 -0.737313 -2.148568 -3.449553 -2.216211 -1.464180 -0.622284 -1.255520 -0.841637 -0.216214 0.280517 0.219547 0.022373 -0.311437 0.363396 0.648031 0.335432 0.985926 1.053975 0.926552 1.151624 1.166901 0.321320 1.031077 1.235693 
192837465
9
0.690254 0.181617 0.236432 0.370878 0.431384 0.582201 1.516640 0.763046 -0.312712 0.269068 -0.258777 -1.306421 -2.054975 -2.036340 -0.934089 -1.989362 -1.844916 -1.969070 -1.325724 -0.597139 0.112822 0.061574 0.354988 -0.084608 0.383315 0.724851 1.805981 1.443244 1.469259 0.768888 0.187286 -0.139012 0.657035 0.568948 -0.106254 0.970122 0.847636 0.481485 0.814705 0.192602 -0.642265 -1.166587 -1.165330 -0.291079 -0.716717 -1.652603 -2.716078 -2.259397 -2.372148 -1.600111 -2.127316 -2.122414 -4.036523 -1.646230 -1.003362 -0.751009 -0.234681 -0.868261 -0.802095 -0.679053 -0.162591 0.957986 1.352908 0.893014 0.206503 0.873694 0.627468 0.665564 0.237835 0.909978 0.889330 -0.546388 -0.662883 -0.399608 0.759749 0.357579 1.427434 1.754982 1.938576 1.122982 0.924290 0.922855 0.304255 -1.253055 -1.022619 -2.129071 -2.085998 -1.058626 -0.776294 -0.959090 -1.855444 -0.443862 0.117200 1.115698 0.567557 -0.675251 -1.158785 -1.876756 -2.659578 -3.448509 -2.475454 -0.683129 -0.218560 -0.393516 0.007522 0.174683 0.361224 -0.040801 0.403155 0.134235 0.408899 -0.600369 0.478025 -0.036932 0.480615 0.763540 1.077793 0.609732 0.116882 0.502711 
192837465
10
-0.548867 0.346026 -0.602096 0.081173 1.075982 0.610680 0.226305 0.628721 -0.438364 -0.422849 -0.281744 -0.101418 -0.548002 -0.640596 -0.679551 -0.857711 -0.501865 -0.514105 -0.517628 -0.665149 -0.184450 0.137273 -0.222024 -0.093422 -0.398302 0.277903 1.635398 1.409861 1.237722 0.943769 0.640239 0.628104 0.412600 -0.262328 -0.379561 1.122980 0.673017 -0.007475 -0.633460 -0.072978 -1.054773 -0.919931 -0.885351 -0.303781 -1.167559 -0.383495 -0.943512 -4.311065 -1.971204 -1.078590 -1.578841 -1.863292 -1.846737 -0.259859 -1.487087 -1.916661 -3.604628 -2.466761 -2.157113 -0.238193 0.186915 -0.058778 0.457975 0.962689 1.958502 1.229990 1.685893 0.686653 0.659679 1.124680 1.095021 0.558129 -0.193261 -0.210535 -0.331143 0.083033 0.711135 0.997745 1.579235 1.907761 0.552775 -0.146221 -1.531747 -1.649402 -0.568880 -0.826447 0.300914 -1.019122 -0.583368 -0.081091 -0.014904 -0.432329 -0.539126 -0.070568 -0.158457 -1.378313 -1.486947 -1.934283 -2.431683 -0.962738 -0.857747 0.274483 0.931843 0.440724 0.120212 -0.355621 0.159020 0.412718 0.106500 0.241260 -0.249191 -0.103880 -0.038598 0.024847 0.183849 0.076582 0.274144 0.013482 -0.170312 -0.473771 
192837465
11
-0.137729 -0.745584 -0.751867 -0.245594 -0.456052 -1.390921 -1.906622 -1.400088 -0.670840 -0.286538 -0.518526 -0.088905 -0.363084 -0.208298 -0.240499 0.143402 -0.184892 -0.615770 -0.302157 0.192220 0.772742 0.513811 0.463344 0.692778 0.584727 0.185211 0.911798 1.373943 1.110311 1.428717 1.053565 1.160553 0.630502 0.869694 0.978924 0.275526 0.255365 -0.341743 -1.364995 -0.595033 -0.381189 -0.311797 -1.682662 -2.145888 -0.242241 -0.732446 -2.096396 -3.155513 -2.047021 -1.930522 -1.341397 -3.204045 -2.703501 -2.204375 -3.464785 -2.965284 -2.147076 -3.314662 -1.925750 -0.826318 -0.497631 -0.023507 0.669966 1.139462 0.857740 1.360915 1.152225 0.707995 1.483298 0.882806 0.728870 1.304223 -0.341539 0.839927 1.097835 1.520759 2.107728 1.734443 1.230848 0.586011 -0.637114 -0.932985 -0.681872 0.082335 0.004815 0.273108 -0.077405 -0.065786 -0.128029 -0.557355 -0.656530 -1.026021 -0.751953 0.359353 -0.221808 -1.406253 -2.181742 -1.650942 -0.190901 -1.729112 -1.352509 -0.892137 0.020171 -0.198841 -0.354870 0.236711 0.030873 0.425171 0.245956 -0.065334 -0.184291 -0.121339 0.491566 -0.116509 0.438576 -0.217429 -0.785143 -0.623906 -0.325390 0.229315 
192837465
12
-0.658202 -0.134167 -1.688674 -1.861226 -1.726157 -2.195015 -2.430032 -1.248168 -0.471404 -0.551534 0.635721 0.519264 -0.414369 -1.832896 -1.039769 0.685470 0.237721 0.153813 0.592468 0.949607 1.257583 0.983769 1.262680 0.824338 0.617697 0.897328 0.650163 1.312011 0.833789 0.637098 0.736833 0.720470 0.554415 -0.161709 0.421022 -0.178468 -0.675213 -1.056140 -0.560628 -1.197770 -1.624974 -1.228515 -0.430614 -1.176006 -1.147070 -1.465180 -1.788432 -1.945767 -2.267994 -2.647169 -2.262186 -2.347263 -3.686669 -4.389434 -3.783301 -4.237033 -1.993485 -3.085599 -1.799993 0.170614 0.101684 0.405868 0.374295 1.263191 1.964758 1.723286 1.249876 1.494157 0.622177 0.963054 0.970484 1.640271 1.574008 1.433547 2.157624 2.755172 2.515800 1.545810 1.412940 0.884257 0.499620 -0.745645 -0.171079 -0.151043 -0.199100 -0.798684 -0.240530 0.391530 -0.850475 -1.127713 -2.266861 -1.329240 -0.063900 0.244857 0.172887 -1.212772 -1.886827 -0.832067 -1.683642 -1.909932 -1.165673 -0.497337 -1.587109 -2.244367 -0.843970 -1.036067 -0.440829 0.100030 0.480303 -0.506893 -0.831686 -0.432326 -0.667697 -0.155205 -0.973711 -1.438405 -0.862433 -1.339089 -1.475171 -0.931043 
192837465
13
-1.079865 -1.276632 -2.605806 -2.706776 -1.608248 -1.589363 -2.194322 -1.371517 -1.149205 -0.224667 -0.431667 0.016004 -0.093045 -0.483482 -1.171927 0.143341 0.383059 -0.506916 0.317642 0.655038 1.051937 0.947410 0.753241 0.403694 0.873879 1.069692 0.966766 0.856616 0.352778 0.501846 1.249282 0.771331 0.804481 0.841213 0.538137 -0.148665 0.372408 0.333047 -0.259411 -1.120944 -2.480520 -1.366554 -0.988409 -1.839957 -1.350579 -2.142406 -0.717596 -0.932433 -1.049777 -1.006957 -0.681868 -2.411549 -8.629465 -4.476010 -4.453605 -2.387993 -2.030211 -1.095941 -1.198297 -0.506967 -0.791433 -0.165789 0.759287 0.854275 0.127071 0.983794 0.666423 0.812999 0.684047 1.012346 0.897023 1.263616 1.469725 1.992394 1.628824 1.910092 1.187202 1.444240 1.153458 1.055521 0.369271 -0.182703 -0.869479 -0.679396 -0.401450 -0.263240 -0.067988 -0.800567 -0.960193 -1.634944 -1.080208 -2.034819 -0.595143 -0.820032 -1.161394 -1.073842 -1.609570 -0.941729 -1.218103 -1.076481 -2.420415 -0.948404 -1.449373 -0.640846 -0.698540 -0.827218 0.230634 -0.463515 0.266668 0.442409 -0.418182 0.750295 1.143114 -0.384262 -0.610542 -2.317749 -1.880630 -1.531499 -1.601850 -1.020066 
192837465
14
-0.451854 -2.767550 -3.236809 -3.589258 -3.734089 -3.070339 -1.129609 -1.161106 -0.367145 -0.256414 0.161822 -0.014807 0.241795 0.358505 0.304985 0.280719 0.679423 0.547256 0.473585 0.900038 0.704878 0.710895 0.744222 1.086612 0.953548 1.518331 0.945107 0.586916 1.209471 1.255329 1.689501 1.124194 0.729050 0.254061 0.171542 0.086285 -0.033828 -0.482581 -0.997742 -0.810407 -1.721617 -1.858800 -1.959673 -0.558232 -0.610677 -0.790668 -0.494193 -1.266774 -1.153065 -2.075918 -2.465159 -2.307447 -3.315061 -3.723857 -4.492465 -2.730648 -1.312564 -0.294926 -1.227862 -0.437354 -0.769372 -0.028225 -1.289184 -0.116591 -0.541148 0.075701 -0.232831 0.115691 -0.021590 1.228888 1.308238 1.525324 1.605742 2.314252 1.491066 1.962951 1.918781 1.670499 1.913940 0.459607 -0.000645 -0.391973 -0.652786 -1.027976 0.293147 -0.410742 0.155068 -0.350458 0.132995 -0.019738 0.154442 0.399944 -0.063652 -0.459160 -0.591589 -0.349638 -0.616329 -0.713070 -1.372605 -2.605532 -1.360604 -1.614232 -1.170806 -1.975159 -4.083984 -2.131387 -1.590310 -1.218989 -0.186913 0.456871 0.963897 0.532179 -0.250990 -0.463709 -0.536929 -0.028169 -1.142424 -1.451395 -1.867706 -1.494283 
192837465
15
-1.456390 -1.719856 -2.117523 -0.995307 -1.110408 -1.008774 -0.405549 -0.766661 -1.405556 -0.788046 -0.207800 -0.084988 -0.856687 -0.912121 -1.156752 -0.853316 0.708527 0.464350 1.551314 0.916380 0.974782 0.669032 0.480106 0.759448 1.233218 1.111270 1.226964 1.627225 2.268550 1.890267 1.554541 1.086795 1.018672 0.751634 0.329427 -0.182483 0.043530 0.674683 0.030427 0.037513 0.452493 -0.913301 -0.740476 -1.125151 -0.695304 -0.348049 -0.158586 -0.077770 0.076342 -1.384301 -2.126940 -2.117353 -2.194084 -4.069098 -2.001781 -1.740027 -0.876570 -0.479723 -0.741811 -0.971208 -0.207947 -1.849133 -1.961905 -1.868261 -2.301913 -1.003495 -0.306788 -1.311094 -0.993382 -0.161616 0.705016 1.299641 1.158207 0.690315 1.081750 1.283719 1.077826 0.335059 0.543618 0.249553 0.484346 0.113045 -0.367853 -0.124991 -0.053180 -1.085569 -1.629575 -1.067381 -0.154914 0.881945 0.450255 1.007250 1.740882 0.091985 0.268978 -0.418921 -0.714526 -1.343088 -2.240221 -4.348848 -3.959975 -2.176492 -1.633805 -0.908659 -1.444887 -0.473943 -0.630649 -0.655701 -0.761931 -0.286493 0.921063 0.772527 0.625761 0.242647 0.034347 0.053348 -0.113768 0.007153 -0.837165 -0.963268 
192837465
