1200.000000
160.000000
120
16
1
0.500000
2
2
0
-0.750074 -0.397271 -0.935260 -0.942396 -1.546888 -0.955829 -1.174041 -0.315928 0.085698 -0.304590 0.059378 0.068205 -0.487006 -0.809916 0.335115 0.259618 1.637120 1.087517 1.174019 2.059093 0.879253 0.720295 1.120939 0.486698 -0.712382 -0.049502 0.623072 -0.835565 -1.482463 -1.549081 -0.870019 0.194270 0.646501 -0.637535 -2.022526 -1.216367 -1.003321 0.138982 -0.159027 -0.059621 0.360622 -0.419642 0.285496 -0.132403 -0.118107 0.194937 0.121124 -1.350696 -0.396866 -1.035739 -0.977580 -0.758294 -0.711007 -0.346535 -0.980271 -2.069082 -1.681230 -1.442245 -0.202884 -0.534073 -0.244284 -0.129085 -0.396507 -0.353174 -1.458642 -0.296053 -0.498776 0.515847 -0.058052 -0.407879 -0.721152 0.990033 0.385464 0.787425 -0.294393 -1.055696 -1.344876 -1.554441 -2.161007 -0.359385 -0.325234 -0.367870 0.831181 1.509819 1.061514 1.493241 0.189322 1.840982 1.079362 1.103219 0.057348 0.546661 0.223532 0.073057 0.403775 -1.146056 -0.722290 -0.463910 -0.738201 0.815552 1.060043 1.222264 1.453011 0.465073 0.718241 0.705954 1.642318 2.149667 1.537815 0.508720 0.386629 0.996049 0.154723 1.053573 1.789779 0.977834 1.471893 0.315584 0.443062 -0.597258 
192837465
1
-0.021245 0.013389 -0.228781 0.046890 -0.208847 -0.442769 -1.649729 -0.946634 -0.138752 0.604029 0.584109 1.209381 0.125525 -0.737781 -0.437827 1.004337 0.511975 0.547328 1.180991 1.855480 0.838046 1.557924 0.510286 0.591503 0.278699 -0.914380 -1.623869 -1.369246 -0.940982 -1.041935 -0.513888 0.620655 -0.073535 -0.572549 -0.446400 -1.229202 -0.442038 -0.790161 -0.349458 -0.723550 -0.335311 -0.867857 -0.332613 -1.496249 -1.208197 -1.264945 -0.995116 -1.012593 -0.573404 -0.432231 -0.339541 -0.430995 0.259848 0.772913 0.832666 0.118194 0.839500 0.374414 -0.007752 -0.218449 -0.235361 0.026886 -0.782217 -2.161524 -1.596762 -1.044323 -0.619310 0.221312 0.124517 -0.036569 -0.711440 -0.408729 0.830617 0.309736 -0.889374 -1.046964 -2.218526 -2.564759 -2.433284 0.049058 0.200794 -0.149427 1.252959 0.370723 0.368924 1.254219 0.461075 0.678357 1.165391 0.138928 0.195049 0.502423 1.568391 1.586242 1.048494 -0.259966 0.175648 0.514750 0.852769 0.974545 2.031801 1.447921 0.291454 0.337934 1.303960 0.922399 1.330455 1.582247 1.360321 0.837032 -0.359778 0.031640 -0.647854 -1.612416 -0.538419 -0.801933 0.661103 0.864566 0.108727 0.986591 
192837465
2
0.297615 0.376300 0.507339 0.990280 0.641169 -0.041461 -0.022458 -0.285206 1.093067 0.535872 0.137493 1.227569 1.057509 0.287121 0.259232 -0.146865 0.760817 0.280549 -0.812833 -0.051639 -1.265829 -1.006990 0.335427 -0.144241 -0.058544 -1.663938 -2.993171 -1.773272 -0.616652 0.376661 0.678499 -0.280645 -1.818946 -2.270168 -4.392103 -2.789930 -3.156845 -2.893428 -1.566279 -1.076972 -1.505209 -0.351365 0.026240 -0.718561 -1.303878 -1.041396 -1.862165 -2.063645 -2.002227 -2.167601 -0.398064 -0.998298 -0.131532 0.686351 0.690588 1.413400 1.455926 1.207798 1.616839 1.716266 1.136411 -0.326474 0.129046 -1.601890 0.695995 0.931063 0.425923 0.343809 0.310017 -0.375632 -0.205330 -1.063870 0.126809 1.493258 0.969417 -0.287872 -2.574550 -2.266129 -0.902281 -1.362853 -1.593236 0.132373 1.100757 0.574113 0.254962 0.435343 0.416180 -0.012309 -1.071012 0.064285 0.386702 0.679931 1.353589 1.518165 1.639140 1.298603 1.256175 2.125882 1.085486 0.730707 0.301306 -0.074193 -0.545399 0.509378 1.366957 1.070004 -0.351471 -1.099139 -1.970298 -4.084846 -2.535387 -2.487070 -1.803691 -2.266699 -1.883122 -0.772010 -0.050141 0.234310 0.600526 0.178678 
192837465
3
-0.006925 1.008586 0.891903 0.965283 1.592272 1.285060 0.070395 0.778081 1.322229 1.504511 0.796285 0.001793 -0.074878 0.551458 0.833855 0.701634 0.189336 0.285058 0.244512 -1.469823 -1.117003 -1.894577 -2.033970 -0.633938 -0.124858 -0.807731 -0.546587 -0.748282 0.011873 1.173968 0.047031 0.385328 -0.277612 -0.662212 -2.499948 -2.121737 -1.902429 -2.783231 -1.270881 0.013291 0.242363 -0.614805 -0.452255 0.001451 -1.413503 -0.812599 -1.633375 -1.446954 -2.023743 -1.605055 -4.270953 -1.821061 -1.800724 -0.289929 -0.011905 0.034745 0.792953 0.740758 1.015398 0.944573 0.525053 0.536001 0.805469 0.493563 0.791841 0.719851 0.451432 0.277133 -0.406309 -1.107771 0.120026 -0.187033 -1.804915 -1.661701 -3.237133 -4.283622 -2.231791 -2.167981 -0.719911 -1.110645 -0.522908 -0.730955 0.174985 0.461596 0.046321 -0.682498 -0.654608 -0.410495 -0.784718 -1.669526 -0.229236 0.716583 1.667061 0.826189 0.848056 0.044762 -0.968635 1.153841 1.248011 0.482351 0.593112 -0.206241 0.129143 -0.985085 -1.206528 -0.671987 -0.194701 -2.331197 -3.874024 -4.135122 -3.455016 -2.140286 -1.772139 -1.892760 -1.743263 -0.927225 -0.208783 -0.126018 1.108665 -0.275934 
192837465
4
-0.421516 0.396642 0.907100 0.568927 1.241434 1.466742 0.931691 1.277418 2.024679 1.645972 0.897101 1.314982 0.719983 1.415382 1.931171 2.215140 1.113128 0.879556 -0.688192 -1.019590 -1.636684 -0.969605 0.264884 0.011609 -0.446168 -0.312321 0.329539 1.456847 1.125730 1.386051 1.698292 1.133184 -0.129735 -1.090134 -0.434700 0.552562 -0.659836 -0.157283 -2.149280 -1.548292 -1.584062 0.195201 0.945169 -0.104867 -0.599722 -0.422322 -1.531547 -1.891431 -1.228021 -3.808739 -1.988084 -1.407520 -0.397376 0.519287 0.485958 0.654456 0.476064 0.457049 0.891731 0.770001 -0.010702 0.360907 0.373677 0.439946 0.884644 0.562771 0.271396 -0.593661 -0.242807 -0.622619 -0.317364 -0.460806 -1.614271 -2.337317 -2.254830 -2.552402 -3.305054 -3.026956 -3.483262 -1.421934 -0.469176 0.114579 0.786963 0.969413 0.970023 0.679175 0.953346 0.746031 -0.051785 0.001615 0.201080 0.967155 2.062111 1.383216 1.791876 1.015824 0.078156 1.099522 1.338373 1.477717 0.745611 -0.469997 -0.846027 -0.697694 0.224072 -1.530406 -4.114276 -2.410924 -1.178619 -0.471860 -1.297994 -2.159908 -1.387269 -1.576266 -0.730676 -0.552878 -1.228110 -0.484641 -1.326355 -0.477208 
192837465
5
0.438826 1.480808 0.965679 1.217313 1.571976 1.750367 0.706888 1.734874 2.135730 2.094540 2.121525 2.485218 1.316404 -0.118013 1.446108 1.760018 0.912041 1.286087 0.062418 1.345404 1.321142 1.848040 0.975257 0.497317 -0.246611 0.954104 1.611133 1.277760 1.923296 1.844033 2.031471 1.419473 2.057289 1.773876 1.617203 1.755428 0.313389 -0.185220 -0.052620 0.430215 0.315371 0.694108 -0.393942 -0.521273 -0.542561 -1.591689 -0.616844 -1.098476 -0.485395 -1.224619 -1.519738 -0.633124 0.229889 -0.712858 -1.689145 -1.785485 -1.086161 -0.983018 0.712262 1.129993 -0.077501 -0.464377 0.478039 0.106433 0.493491 -0.188554 0.054616 -1.048122 -0.572928 -0.899077 -1.114043 -1.318050 -1.141424 -3.428853 -2.254822 -2.423182 -1.713113 -1.919268 -0.869276 -0.808705 0.132829 1.139657 0.702307 1.002081 0.934927 1.551323 1.546826 1.390519 1.818436 2.518815 2.777178 2.087584 1.923441 1.460984 1.730854 1.371524 0.947149 1.387741 1.941979 1.994181 1.463574 0.291969 -1.030091 -0.066864 -0.853219 -1.060506 -1.410564 -1.222704 -1.166466 -0.861318 -0.616279 -0.262237 -1.021323 -0.581339 0.840744 1.273726 0.100823 0.342855 -0.629515 -0.669250 
192837465
6
0.320154 -0.291328 -0.313872 -0.249240 1.207328 1.349054 1.841578 2.700460 2.443189 2.373457 2.293561 2.118839 1.419313 0.414869 0.404883 0.145501 0.485333 -1.740735 0.029649 -1.059448 -0.882146 1.672241 1.306163 0.974134 1.586077 1.617037 2.798609 1.803378 2.323079 2.030277 1.224910 2.542563 2.115507 2.171333 1.875020 1.465750 1.095804 1.391776 0.418269 0.819313 1.420762 0.911173 0.829484 -1.372058 -0.973786 -1.000702 -1.045590 -1.157814 -0.134554 -0.664324 0.171550 0.909271 0.090772 -0.681953 0.066675 0.165738 -0.043710 -0.220376 0.569213 -0.420553 -1.141318 -1.387653 -0.827742 -1.022075 -1.456200 -4.741986 -4.214575 -4.041684 -2.927336 -2.829005 -2.005293 -3.320260 -3.640118 -2.413086 -0.530535 -1.317345 -1.366047 -1.068036 -2.035635 -1.109319 -0.816336 -1.244496 -0.959995 -0.788544 0.374388 0.649955 1.280952 1.264823 2.815843 2.568235 2.486621 2.502053 1.768729 1.430998 0.951538 0.870265 1.624307 2.286705 1.853031 1.432241 1.332241 -0.826476 0.179200 -0.620221 -1.106474 -0.138940 0.303836 -0.173023 -0.920228 -1.506573 -1.582007 -0.610152 0.638560 0.321101 1.449971 1.178289 1.537382 2.052331 0.589139 0.013920 
192837465
7
-0.173728 0.872199 0.538251 0.749277 1.211591 0.573498 0.414469 0.885626 1.039850 0.729258 1.021669 0.070181 0.585948 1.103981 0.434154 0.216288 0.643736 0.093339 -0.458791 0.070476 0.581717 1.130236 0.593616 0.736528 1.430134 1.057955 0.854877 1.166150 1.237178 1.347537 1.798909 1.081464 1.052605 0.746168 0.947825 1.069054 0.621511 0.266283 0.574038 0.877441 0.836725 0.677013 0.883044 -0.149230 -1.123836 -2.473162 -3.684566 -1.076317 -0.009467 -0.065166 1.226676 1.404078 0.693510 0.523791 0.322860 -1.334092 -0.941719 -1.913652 -0.601840 -1.458899 -0.860002 -1.746576 -0.650939 -1.497445 -1.163159 -1.389667 -3.232141 -3.684991 -3.302322 -2.869603 -2.709212 -1.492443 -2.871158 -0.210253 -2.499314 -2.497541 -1.765385 -1.756896 -1.980753 -2.240551 -0.940101 -1.170228 -1.106752 -1.413547 0.274762 1.149288 1.722986 1.633020 2.584703 2.699637 1.939265 1.423307 1.103312 1.345462 0.999877 0.379755 0.167479 1.742565 2.371834 1.686153 1.378058 0.076683 0.186659 -0.385435 -1.016379 -0.448077 0.634263 -1.059276 -0.500206 0.190495 -0.669029 0.079106 0.145124 0.755929 0.367765 0.890496 0.490670 0.327695 0.802532 1.397383 
192837465
8
0.388153 -0.344560 -0.873128 -0.585153 0.070904 0.444706 -0.663315 -0.195224 -0.328205 1.057759 1.334135 1.286056 1.587044 -0.029602 1.339008 1.346327 1.154069 -0.175779 -0.639003 -0.685072 0.209463 0.284831 0.550000 -0.149680 0.294476 1.459108 0.846818 1.014062 1.053079 1.050036 0.559727 0.604041 1.770217 0.854739 0.774102 1.159208 1.912252 0.415042 0.532946 0.425857 -0.024221 -0.876252 -1.674979 -1.147205 -1.313691 -1.530522 -0.374282 -0.897357 -0.196632 -0.943224 -0.392756 0.284361 -1.245143 -0.984777 -0.646610 -1.393878 -1.349570 -0.853857 -0.710594 -1.017939 -0.819434 -0.619957 -1.955038 -3.239580 -3.346583 -3.838208 -2.918547 -2.099738 -1.613094 -2.978217 -4.153542 -2.350001 -3.207386 -9.406371 -5.812940 -4.423444 -2.709937 -1.853917 -1.962539 -2.874265 -4.995401 -3.147492 -1.988424 -0.992070 0.264986 0.695646 0.529853 1.771654 1.689836 1.973585 1.193018 0.279513 0.903093 0.166164 -0.825471 0.010398 0.043613 0.723765 1.086465 1.411718 1.456070 1.531240 0.619563 0.125113 0.190943 -0.623744 -0.175981 -0.848740 -0.849824 0.417906 0.028063 -0.886219 -1.187978 -0.270924 -0.284110 -0.006268 0.906213 1.095633 0.481743 -1.044718 
192837465
9
0.398432 -0.530782 -0.039980 0.845757 0.076051 -0.567560 0.027717 0.070850 -0.045236 0.558383 1.147147 1.223350 1.960029 1.212758 0.792592 0.333148 0.708503 -0.062431 -0.128211 0.270712 -0.025185 -0.479768 -0.627905 -0.481202 -0.309763 -0.578165 0.900617 0.386457 0.994429 0.918870 -0.087200 -0.274912 1.257227 1.364821 0.201088 0.885244 0.997407 0.308830 0.299387 0.661641 -0.423411 -0.475243 -0.794188 -0.829463 -0.379858 0.518280 0.561683 0.772804 0.196550 0.512110 0.226797 -1.115024 -0.868977 -1.590143 -0.688012 -0.676932 -0.662170 -1.436220 -2.430963 -2.417282 -2.374349 -2.185205 -3.564527 -2.671314 -2.172115 -4.410798 -2.771842 -2.436064 -2.951590 -3.355449 -3.494899 -3.655649 -3.850695 -6.592857 -5.569628 -4.576062 -4.143997 -4.099923 -3.370551 -2.443424 -1.318622 -1.497470 -2.216537 -1.226587 -0.003306 0.558457 0.040834 0.139566 1.383065 1.127705 1.361297 1.639318 0.890798 0.075893 -0.706141 -1.040436 -0.784038 0.515483 1.163352 1.519541 1.638273 1.745068 2.020315 1.472055 0.540699 0.565711 0.565006 0.131043 0.345530 1.201515 -0.339560 -0.722592 -2.208952 -1.141844 -1.826684 -1.146924 -2.444257 -2.084401 -1.567932 -0.764983 
192837465
10
0.144954 -0.389469 0.684823 1.093604 0.220957 -0.835296 -2.845433 -2.180698 -2.166160 -1.400007 0.179567 0.249429 -1.193072 -1.236193 -1.006975 -0.259874 -0.497762 -1.335453 -0.903049 0.177156 0.925456 -0.031244 0.350644 -0.885241 -1.088664 -0.993349 -0.517082 -0.665030 0.190151 -0.616717 -0.331656 0.017767 -0.558365 -0.208020 0.037495 0.221361 0.907222 1.786107 0.988236 1.342780 0.116518 -0.218396 -0.309225 0.281358 -0.057471 0.241239 0.900202 1.477903 -0.499494 0.758039 0.208677 0.199318 0.073660 -0.903598 -0.435968 -0.026938 -0.660406 -1.708965 -2.675317 -2.716599 -2.569022 -4.732419 -2.428467 -3.091148 -3.298448 -4.621257 -2.314319 -2.222662 -1.681331 -1.908599 -2.297811 -3.054630 -2.792492 -6.321778 -4.978561 -4.883248 -3.774774 -2.057895 -1.519582 -0.371300 -0.512247 0.320545 0.293689 -0.345555 0.952023 -0.075342 0.315009 0.415342 0.462068 0.827751 1.614723 0.985392 0.866648 0.078633 0.619310 0.790091 0.288745 0.086346 0.441154 2.081075 2.336468 2.681799 2.563473 2.029400 1.327055 1.845202 0.404233 0.452407 -0.422854 -1.131946 -1.133105 -3.797242 -3.224384 -5.513615 -4.011868 -3.302547 -2.868348 -2.603516 -1.881726 -0.480190 
192837465
11
0.407868 0.971544 1.024416 1.129119 -0.572096 -0.949431 -2.185734 -3.655333 -2.851134 -1.170258 -0.222289 -0.447372 -2.183710 -2.319042 -2.164005 -2.782124 -1.915933 -0.921973 0.212540 1.019567 0.727514 0.319956 1.070670 -0.119719 -0.678794 -0.792202 -1.253984 -2.900887 -3.036934 -1.759098 -0.111214 -0.540017 -1.495400 -0.018558 0.423815 1.194875 1.729946 1.595836 1.388276 0.856660 1.443905 1.366324 -0.220171 -0.096220 -1.272557 -0.227406 0.682150 0.028844 0.076006 0.106543 -0.311231 1.262832 0.028837 0.244848 -0.242319 -1.247935 -0.738788 -0.394909 -0.201726 -1.860044 -2.851717 -2.020935 -1.285693 -1.163691 -0.566090 -0.361702 -0.174879 0.169020 0.368762 -0.431262 -1.722918 -1.391131 -1.411174 -2.047853 -2.629568 -1.966745 -0.487519 -0.045430 0.011461 0.337061 -0.875594 -0.387129 0.173818 0.928107 0.947306 0.217877 -0.989020 -0.068297 -0.295038 0.799637 2.149249 1.280003 0.605958 0.712262 -0.305804 1.367814 2.339255 1.684692 0.961989 0.953016 1.802314 1.598411 0.396011 0.726555 0.793456 0.392692 0.748192 0.316332 -0.474894 -0.187520 -0.794420 -2.170520 -3.625485 -2.349188 -2.405791 -2.449623 -1.457207 -0.464968 -0.467140 -0.298414 
192837465
12
0.325892 1.206747 1.558239 1.067665 -0.274307 -2.417037 -2.916212 -2.045381 -3.142311 -1.525691 -0.902871 -2.490637 -1.939141 -1.917459 -2.597985 -2.992022 -0.474671 -0.183992 0.249779 0.152961 1.107813 0.114014 1.158334 -0.082018 -0.620424 -0.357207 -1.705042 -0.712486 -2.983079 -2.225120 -0.965781 -1.730668 0.322375 0.133091 0.075518 1.041594 1.054028 1.318552 1.024935 1.739630 1.826572 1.202871 -0.188567 0.391221 0.536933 1.236145 -0.239725 -0.216864 0.287750 0.137351 1.052020 1.289276 -0.812468 0.299091 0.152859 -0.999291 -0.932153 -0.884441 -0.715868 -0.536700 -1.438166 -1.267405 -0.661213 -0.852090 -0.209158 -0.606044 0.146511 0.382105 0.973889 0.484094 -0.965654 -0.866414 -1.449937 -3.050471 -2.679793 -1.230930 1.040323 0.181387 0.548715 0.038521 0.122036 0.877225 0.393923 -0.280853 -0.448143 -1.954213 -0.693382 -1.779035 0.115496 -0.949358 0.293504 -0.694142 -0.418108 -0.100502 0.372052 0.822056 1.097168 0.916046 0.552511 0.542669 1.073857 1.916300 0.802054 0.882609 -0.108326 0.618803 0.620014 0.259219 -0.282300 -0.348079 -0.968122 -1.727922 -1.826158 -0.757507 0.046779 -0.726619 -0.845634 -0.287176 0.896436 -1.374384 
192837465
13
0.809641 0.984273 0.830156 0.112950 -1.200955 -0.623570 -1.216524 -0.167009 0.587040 1.224869 -0.418264 -1.222727 -1.182303 -0.102391 -1.148640 -0.481142 0.233626 0.031918 0.569839 0.728202 1.533261 0.644898 -1.182186 -1.287397 -0.966569 -1.057513 0.594721 -0.449877 -0.255250 -0.018266 -0.331331 0.365613 -0.295454 -0.788185 0.369835 0.719395 0.792647 1.867211 1.311235 1.459848 0.467474 0.960824 -1.037333 0.670420 0.582218 0.662476 0.513382 1.340721 0.903652 0.956675 0.824045 0.047116 -0.163447 0.955378 -1.796841 -0.882673 -0.956553 -0.719249 -0.931324 -0.658933 -0.256796 -0.157679 -0.708943 -0.540627 -0.219192 -0.445488 -0.461265 -0.415347 0.130715 0.564473 -0.940544 -1.372274 -0.796837 -2.437243 -2.486733 -0.472480 0.131783 0.216631 0.411909 0.360227 0.217555 0.214455 -0.811652 -0.948211 -1.189263 -0.026580 -0.386149 -0.939397 -0.575339 -0.031277 -0.438763 -1.562102 -3.266074 -0.071594 -1.186312 0.545725 0.962866 1.235179 1.439576 1.129088 1.936105 1.602787 2.195597 0.998927 0.861017 1.456006 2.200677 0.931198 0.218720 0.050215 0.634450 -0.586998 -0.802100 -1.608889 -0.654864 1.114820 -0.259629 -0.151417 0.214605 -0.482903 
192837465
14
0.489288 0.744887 0.464462 0.316966 0.597780 0.368560 0.049142 0.241703 -0.012210 -0.409314 -0.995404 -0.600533 -1.418798 -1.248493 -2.983051 -0.070448 -0.508561 -0.410826 -0.609613 0.028131 0.440568 0.198741 -0.995094 -1.169895 -1.636015 -0.719542 0.377698 1.202361 0.828279 0.981459 0.279537 0.384562 0.684849 1.023384 0.867183 0.884670 1.286580 0.159311 -0.660946 -1.763656 -0.722470 -1.712393 -0.773526 -0.847366 -0.107688 -0.175979 -0.086602 0.219052 0.974936 0.592115 0.941766 -0.090801 0.916526 0.942438 0.452437 0.142863 0.137884 0.217316 -2.095597 -2.127408 -1.183647 -0.833258 -0.856830 0.813791 -0.028118 0.069600 -1.191648 -2.188805 -1.723724 -1.435971 -2.419609 -2.509516 -0.329950 0.059113 -0.835541 -2.113332 0.057942 0.525812 -0.309531 -0.014829 -0.399819 1.088808 0.682591 -0.241935 1.078711 -0.232152 0.306901 0.261223 0.530286 0.341438 0.000987 0.082724 -0.720870 -0.683023 -0.335217 -0.232037 -0.101267 0.407170 0.621274 1.352353 1.960548 2.549906 2.011685 1.420692 2.266397 1.748333 1.105354 0.787123 0.393083 0.283520 0.373205 0.420317 -0.766440 -0.296339 -0.510631 -1.041150 -0.010652 -0.624812 0.999873 0.162627 
192837465
15
0.035550 -2.062903 -1.750075 -1.459801 -0.669626 -0.704313 0.255206 1.385918 0.451062 -0.247605 -0.385532 0.005589 0.141670 0.139493 -0.190983 -0.604733 -0.446656 -0.847866 -1.092428 -2.550720 -1.928141 -1.085064 0.160883 0.005269 0.488749 1.028574 1.020692 1.046534 0.544383 -0.258538 -0.774356 -1.234500 -0.480242 0.022794 0.255122 1.394287 0.220041 -1.475125 -1.488695 -2.410657 -0.430612 -1.971110 -2.005299 -2.641964 -1.468749 0.322595 0.129043 0.600904 1.149085 1.343754 1.067885 2.339895 0.611865 1.075887 1.568025 0.660221 0.994729 -0.177756 -0.042355 0.124827 -0.143279 -0.294311 -0.634868 0.022895 -0.083562 -0.861078 -0.493011 -1.618615 -3.284470 -1.873963 -2.900487 -2.790698 -1.995625 -1.997807 -1.184012 -0.546701 0.153247 0.750253 -0.226106 -0.427095 -0.131630 0.443902 0.296815 -0.237834 0.158157 -1.069583 -0.096509 -0.158515 1.487306 1.102557 0.104643 0.168034 0.602261 -0.415121 0.621126 -0.045557 0.050282 0.384475 1.425549 1.547012 1.298022 1.374700 1.458430 1.898529 2.606417 2.068225 1.626326 0.534605 0.714646 0.081865 -0.056637 -0.092827 -1.217700 0.379022 1.078342 1.253304 0.802921 -0.027473 0.608205 -0.678649 
192837465
