1200.000000
160.000000
120
16
1
0.500000
2
2
0
-1.716858 -1.568790 -2.720496 -0.908487 -0.764712 0.236715 -0.404343 -1.089341 -1.210330 -1.933550 -3.069629 -2.757687 -2.219315 -1.347059 -0.637367 0.600409 -0.179884 -1.167829 -2.202523 -1.476710 -2.502088 -2.069041 -1.086785 -1.736399 -2.276219 -1.572595 -0.989679 -1.315452 -1.602584 -2.023314 -1.266487 -1.135603 -1.873879 -3.178434 -2.333474 -1.390810 -1.433554 -1.842353 -0.750517 -0.391263 0.140859 -0.284894 -0.132372 -0.756553 -0.598148 -0.067709 1.252055 1.141808 1.888097 0.954210 0.407491 1.595192 1.209194 0.611402 0.012066 1.121524 0.939095 1.285983 0.927139 1.012006 1.623319 1.025690 1.905561 1.617322 1.081412 0.635227 0.311566 -0.749888 -0.266977 -0.859752 -1.454415 -0.436872 0.475715 0.370361 1.257451 0.392218 -0.206723 -0.415347 -0.935936 -1.953706 -1.784489 -1.273357 -0.028080 0.058327 -0.465019 -0.120992 0.543349 -0.795936 -0.536262 0.057537 0.680790 -0.029905 -0.534758 -0.510941 -0.965298 -0.631360 -0.612200 -0.367904 -0.152474 -1.475258 -1.108372 -0.814093 -0.759035 -0.857948 -0.781505 -1.151772 -0.426941 -0.080099 -0.287904 0.505882 0.094261 -0.429923 0.501705 -0.226363 -0.747843 -0.030111 0.710976 0.207724 0.122997 0.068867 
192837465
1
-1.273272 -0.730378 -1.804006 -0.825944 -0.807104 -1.013825 -1.038990 -0.485941 -0.148407 -1.422980 -1.279938 -0.429430 -1.386045 -0.207000 -0.102097 0.007834 0.165801 -0.171642 0.263896 0.199046 -2.762914 -2.607182 -1.808301 -0.834577 -1.489946 0.013144 -0.563709 -0.977120 -0.765346 -2.656611 -2.116247 -1.311379 -1.876812 -2.201365 -0.545377 -0.770139 -0.726992 -1.045079 -0.215377 0.053420 0.645531 0.112139 0.682284 -0.279595 0.240476 0.811783 1.547436 1.988826 2.050181 1.928568 2.065272 1.926948 1.934755 1.684186 0.767019 0.882838 0.325645 -0.377845 -0.311781 0.921144 0.758516 1.113317 1.376613 1.115657 1.377595 1.383618 0.301410 0.605416 0.462874 0.738487 1.054490 -0.379734 -1.324382 -1.312283 0.008896 0.442535 -0.041842 -1.496285 -1.021446 -0.903010 -1.681689 -1.010815 -0.737458 0.101924 0.082312 0.020359 -0.810219 -0.386094 -0.254011 -0.980799 -2.089577 -1.525349 -1.735876 -1.875552 -0.719744 -1.414075 -1.184259 -0.245048 -0.823934 0.387082 0.185298 -0.252423 -0.845167 -0.587592 0.582515 -0.075440 -2.117964 -1.969375 -2.203967 -1.586186 -0.946104 -0.057366 0.692331 0.081271 0.733543 0.533393 0.872151 0.761047 -0.076922 0.142692 
192837465
2
0.804288 0.197024 0.207040 1.250407 0.857414 0.647928 0.429070 -0.427729 -0.400434 -0.940375 -1.772311 -0.777630 1.001306 0.515325 0.353274 0.359064 0.973975 0.467678 0.735366 0.457915 -1.018198 -2.181581 -0.737626 -0.093610 0.269110 0.316618 0.102733 0.497780 -0.723087 -0.917835 0.103246 -0.214314 -0.269656 0.324830 0.814829 0.987177 0.404502 -0.868674 -1.120673 -0.358368 0.382570 -0.304201 -0.065151 0.596745 0.447910 1.624391 0.853337 1.657173 1.660146 1.825993 1.805336 2.088044 2.880293 2.796898 1.890847 1.532003 1.295622 0.828327 -0.013289 -0.433535 0.942097 1.158256 1.018197 0.393655 -1.008614 -0.060178 0.148763 1.589692 1.480486 1.252368 1.808656 1.212162 1.006465 -0.135446 0.696392 -0.231930 -0.022332 -0.906908 -0.060425 -0.019979 -0.987803 -2.011051 -0.842113 -0.229488 0.698729 -0.552218 0.503236 0.887029 -0.078472 -1.297750 -3.805789 -1.829319 -1.550874 -0.803985 -0.308104 -0.980379 -0.204355 -1.229047 -0.305772 0.197023 0.797501 -0.070722 -0.267314 -0.937649 -1.665112 -0.373681 -0.950703 0.225303 -1.971666 -2.418077 -0.903093 0.386918 0.377706 1.269653 1.788440 1.648586 1.316178 1.416506 1.520385 1.666394 
192837465
3
1.431886 2.007651 1.381640 1.423412 1.290834 1.621976 0.800473 0.952018 0.050700 -0.538358 -1.293255 -0.695038 0.052917 0.541281 0.431541 0.233383 -0.231189 -0.437750 -0.701749 -0.696543 -0.586263 -0.431041 -0.880548 -0.182353 -0.318572 0.814638 0.679291 1.514472 1.237929 0.710812 1.151015 1.732589 1.388886 1.340228 1.486021 1.032960 1.049185 0.352933 0.883086 0.362115 1.095744 0.739561 0.668226 0.913484 1.022762 1.044527 0.991786 0.047452 1.093963 2.404316 2.474329 2.346858 2.266500 1.553637 1.710863 0.678876 0.920321 1.156021 0.662256 0.139020 0.381146 0.889781 0.781512 0.399745 0.232467 -1.201790 0.286040 1.457186 0.971480 1.460190 0.569544 0.744168 0.803197 -1.148385 -0.701860 -0.996200 -0.676824 -1.377824 -1.413530 -0.944704 -0.597831 -0.411462 -1.152837 -0.520367 -0.051901 0.431208 -0.121250 -1.287275 -0.134409 -2.719029 -2.229904 -1.270031 -2.071074 -0.399189 -0.537829 -0.534534 -1.119732 -0.218389 -0.762195 0.061294 0.570539 0.406331 0.331328 0.079850 -0.379255 -0.942016 -1.422984 -1.977183 -1.017958 -0.659068 -0.461075 0.661407 1.157652 1.480165 1.339529 1.060781 1.639974 1.924584 0.985811 1.259072 
192837465
4
1.875528 2.958027 3.106313 2.336451 1.908227 2.270687 2.554639 1.940195 0.684215 0.605257 0.773523 0.586181 1.237420 0.458340 -0.560503 -0.955992 -0.789080 0.169145 0.558739 0.039233 -0.220287 -0.658110 -0.843459 0.102447 0.402564 1.374198 1.299513 1.829956 1.831199 1.460729 0.673869 1.733108 2.002194 1.636830 1.208289 1.420063 1.025556 0.795808 1.350002 0.846943 0.398158 0.821739 1.444962 1.376277 2.327104 1.540391 1.099687 1.662000 1.478480 2.622894 1.733943 1.159205 1.792818 1.715005 0.925886 0.917908 0.987180 0.891737 0.337095 0.172117 0.824949 0.689834 0.737347 -0.484406 -0.774755 0.368964 -0.076119 0.287980 1.006757 1.227600 0.011714 -0.058029 -1.150882 -2.435002 -1.645140 -2.508719 -1.051605 -2.202001 -2.015322 -1.784265 -0.245869 -0.073289 -0.473376 -0.635393 0.492952 0.053561 -0.117072 -1.385434 -0.256432 0.402147 -0.458305 -1.154465 -0.874453 -1.681976 -2.074826 -1.160763 -2.099320 -1.919839 -3.303107 -1.375740 -1.811348 -0.565657 -0.456689 -1.278754 -1.219276 -1.604432 -2.154368 -0.986053 0.348925 0.788279 1.058787 0.912033 1.325615 1.084014 1.196754 1.198996 1.788914 1.481763 0.332188 0.599242 
192837465
5
2.257490 2.707751 2.574720 2.603415 1.927177 2.176823 1.999325 1.112785 1.097624 1.370284 1.642675 1.322167 0.999623 0.556508 -0.393417 -0.079204 -0.097501 -0.639725 -1.655887 -0.041834 -0.377509 -0.338375 -1.176020 -0.755133 0.310254 0.070489 1.217420 0.944879 1.354909 0.796478 0.182421 1.123531 1.738566 1.547325 1.243819 1.718973 1.458292 0.856950 -0.634104 0.517920 1.178807 1.611738 1.466225 1.522993 1.750883 1.287858 1.314762 0.200418 0.554737 0.225880 1.399008 0.719110 1.126719 0.894173 0.809568 0.754383 1.612959 1.657178 1.505007 1.337120 1.503670 0.986972 0.340114 0.083421 -1.107350 -0.787056 -0.303604 -0.149667 -1.078390 -0.937359 -0.334852 -1.054329 -0.459253 0.594795 0.409872 -0.521885 -0.272026 -0.920350 -1.587514 -1.700584 -3.327440 -2.613676 -1.491315 -0.489462 0.262794 0.168116 -0.462799 -1.489758 -1.037657 -1.358788 -0.332586 -0.569493 -0.182691 -0.443946 -1.453341 -1.719821 -1.900846 -1.235194 -1.275937 -0.724078 -1.039067 -1.193309 -0.401989 -0.597577 -2.204444 -0.800087 -0.545821 -0.043640 -0.133135 0.741818 0.429366 0.975445 1.000424 0.957653 1.065869 0.360391 0.217786 0.229101 0.317523 0.224117 
192837465
6
2.526355 1.904178 1.682041 1.091728 1.027941 -0.158001 0.027954 0.902200 0.948827 0.643254 1.274145 1.393528 1.264249 1.502265 0.580113 0.900794 0.574499 1.235650 0.872251 0.219193 -0.226780 -0.472727 -1.093417 -0.647353 0.095934 -0.711775 1.097904 0.555624 0.560808 1.664562 1.509848 1.747695 2.117158 1.724022 1.361207 1.256265 0.689065 0.978815 1.678386 1.381212 1.482379 1.295494 1.245162 1.666007 1.740314 1.237791 0.919801 1.987673 0.957389 1.596384 1.639046 1.415751 1.121989 1.589902 2.026012 1.304398 1.202096 1.367716 1.411485 0.449785 0.606275 0.814083 -0.000332 -0.439818 -0.586370 -1.042513 -0.113036 -0.163970 -0.433839 -1.906422 -1.013259 -1.188289 0.144759 0.414315 0.855226 -0.017082 -0.093701 0.641060 1.022974 -0.250267 -0.367476 -0.823885 -0.078046 -1.285391 -0.329005 0.425017 -0.469905 -0.567037 0.371879 0.436104 -0.419386 -0.349262 -0.036380 -0.176052 -0.621816 -1.723657 -2.199301 -1.693035 -1.027250 -1.364507 0.199697 -0.719497 -0.191721 -0.383966 0.655773 -0.113030 -0.548659 0.209263 0.137309 1.831954 0.635738 0.495611 -0.160590 0.161872 -0.116551 0.176343 0.373483 0.156234 0.180942 0.491636 
192837465
7
1.196901 1.439518 1.233854 -0.034017 -0.513718 -0.000672 0.078248 0.580014 0.817841 0.798835 0.567177 1.465823 0.530346 1.906052 1.827457 1.561241 2.190826 1.259669 0.714174 0.537996 0.134293 0.635490 -0.886005 0.146373 0.308562 0.770552 1.169745 0.546262 0.395934 0.958584 2.106350 1.978749 2.005886 1.867080 0.407004 0.754839 0.707163 1.186434 1.029437 1.415520 1.341941 1.082485 1.049480 2.330525 1.842823 1.463217 1.974064 1.350951 1.108290 1.514023 2.237305 1.802828 1.742234 2.009562 2.001624 2.109783 1.115523 0.840748 -0.662889 -1.694855 -0.946121 -0.606518 -0.251268 0.258643 -0.539400 -0.686539 -0.051039 0.139617 -0.218543 -0.973312 -0.453330 -0.236269 0.919873 0.784050 0.644479 1.252884 0.505963 -0.070974 -0.164656 0.527054 0.200219 0.249215 -0.103219 0.343084 -0.020552 -0.110956 -0.020983 0.389302 -0.645944 -0.022198 0.460696 -0.149866 -0.592480 -0.799884 -1.491130 -0.759242 -0.691484 -0.944631 -1.626770 -1.669165 -1.969332 -2.318775 -0.329879 -0.190158 -1.392615 -2.380090 -2.189699 -1.549886 -0.171086 0.288372 -0.733193 -1.194720 -2.160964 -1.039194 -1.189043 0.052978 0.249339 0.629930 0.772106 0.807506 
192837465
8
0.602647 0.388322 0.654741 -0.577006 -1.490476 -0.406970 -0.516315 0.011103 0.283873 -0.036663 0.551088 1.619628 1.634016 0.391562 1.181929 1.560574 1.818684 0.883428 0.742341 0.563093 1.182375 0.328251 -0.448918 -0.377167 -0.527943 -1.517578 -0.018623 0.165141 -0.047032 0.847028 0.989995 0.791178 0.934826 0.096430 0.564428 0.585681 1.357181 1.543729 1.882881 1.286127 0.851096 1.543740 1.836386 1.829561 2.065191 1.393067 1.583306 0.279765 0.718259 0.922603 1.346813 0.885815 0.405140 0.689788 1.031638 1.591514 1.300302 -0.109919 -0.412143 -1.072760 -0.278558 -0.549032 0.027596 -0.003431 -0.312778 -1.261962 -2.425230 -0.751156 0.249394 0.446045 -0.261486 -0.293409 0.291023 -0.519304 1.238817 1.471368 1.259170 0.113727 -0.653015 0.239301 0.079264 0.144739 -0.126977 0.383505 0.637532 0.152806 1.275663 1.310587 -0.332178 -0.926238 -0.625841 -0.103497 -0.326366 -0.918258 -0.376668 -0.266990 -0.524679 -1.151617 -1.265924 -1.849059 -2.561505 -1.772692 -1.423489 -1.545000 -1.672873 -3.626003 -3.043834 -2.658663 -1.330746 -1.473446 -0.962004 -1.987870 -0.950573 -0.246948 -0.473310 0.692030 0.753654 2.044557 1.208315 0.572341 
192837465
9
-0.559276 -0.194010 0.157409 0.492312 -0.449234 0.223072 -0.186703 0.429205 0.392951 0.678177 0.519516 1.078659 1.661573 1.054504 0.319717 -0.009718 1.165546 1.057140 0.022387 -0.020817 -0.044686 0.118706 -0.422784 -0.999978 -0.828047 -0.256414 -0.066105 0.346295 1.320586 1.442961 0.646378 0.230648 0.121740 0.612932 -0.612040 0.781824 0.641124 1.241133 0.921508 1.454862 2.326224 1.979996 1.810449 0.875012 1.319009 0.997012 0.655248 0.999027 0.936828 0.349913 1.048253 0.064603 -0.082318 0.585551 0.444701 1.093861 0.760088 -0.562585 -1.041659 -0.404337 -0.205693 -0.598578 -0.532433 -0.670355 0.253522 -1.494536 -1.775165 -0.696475 -0.063699 -0.222127 -0.893658 -2.076305 -1.163949 -0.528403 -0.860892 0.015309 0.549403 -0.193311 -0.104033 -0.288059 0.001082 -1.060025 -0.560154 -1.214748 -1.294488 -0.279136 0.107655 0.231696 0.471152 0.113909 0.159315 -0.308606 -0.688572 -0.324045 0.367729 0.204095 -1.648394 -2.051570 -2.756434 -1.613343 -2.259706 -1.111591 -1.043009 -0.456834 -1.249777 -2.858480 -3.499681 -4.672844 -3.097426 -3.163217 -2.712197 -2.097071 -2.027860 -1.534703 -1.260554 -0.417499 0.759266 0.917296 0.145313 0.847817 
192837465
10
0.177602 -0.539046 0.350391 0.919111 0.058321 -0.360059 0.062440 1.027463 0.837828 0.044400 0.901972 0.850534 1.196675 1.614799 1.444087 1.050013 1.128110 0.569535 0.166792 -0.061600 -0.754325 -0.785247 -1.501297 -0.795148 -1.265870 -0.468861 -1.510723 -0.132699 0.200382 0.390637 0.562376 -0.339576 0.076298 -0.426431 -0.789977 -0.345399 0.590749 0.280370 1.188632 1.654401 1.843960 0.878122 1.423949 1.112689 0.277739 0.097007 0.948841 1.871314 1.346930 1.020297 0.418008 1.556460 0.388754 -1.859255 -1.198690 0.029610 0.053701 -0.512032 0.095452 -0.145548 0.632549 -0.097704 -0.672143 -1.436210 -1.330262 -1.412926 -1.170166 0.429225 0.560086 0.843550 0.585939 -0.650957 -0.300413 -0.567815 -0.502703 -1.728128 -1.207044 -0.912177 -0.549651 -0.252973 -0.844507 -2.220942 -2.120094 -1.263276 -0.812564 -0.632513 -2.223988 -0.037559 -0.271332 -1.013529 -0.531583 -0.891802 -1.259591 -1.288006 -1.670977 -0.276969 -1.260672 -0.522508 -0.492883 -1.663409 -1.807885 -1.583686 -1.682481 -1.861089 -2.128104 -3.194363 -3.179294 -1.939898 -2.402594 -4.324226 -2.637781 -1.815047 -1.685108 -2.177148 -1.191384 -0.444466 0.198993 0.209981 0.570599 0.777427 
192837465
11
-0.263246 -0.259429 -0.558633 -1.297463 -0.322446 -0.196178 -0.962151 0.217302 0.306388 -0.048958 0.774643 1.105883 1.185279 0.586617 1.217397 0.471858 0.475853 0.443254 0.592139 -0.087622 1.115189 0.747881 0.252289 -0.617814 -0.215022 -0.790734 -0.301375 -0.348411 -0.934816 -0.833302 -0.838197 0.128513 0.462559 0.559941 0.372590 1.029549 -0.282212 0.060512 0.745425 0.856015 1.514069 0.669551 0.960885 1.395695 1.491542 1.371515 1.427619 1.503811 1.220714 0.991223 0.812083 0.713171 0.363547 -0.591770 -1.807761 -2.534348 -2.410646 -0.893302 -1.117151 0.081008 -2.133639 -1.354703 -1.047375 -1.662228 -2.021332 -1.223503 -1.326165 -0.612787 0.271379 -0.165562 -0.163448 -0.183567 -0.017496 -0.382198 -0.568443 -1.681098 -1.344230 -1.253387 -0.424922 -0.343108 -1.603288 -2.609615 -3.255132 -3.440911 -1.417538 -0.747886 -1.323770 -1.191870 -1.340168 -1.914911 -1.440985 -1.363573 -1.295203 -1.282533 -1.840683 -1.795858 -1.644392 -0.807012 -1.824517 -0.861813 -1.929088 -2.069065 -1.971400 -3.505860 -3.979632 -4.449591 -4.458204 -2.790742 -4.925292 -5.905762 -4.236279 -3.361166 -3.972749 -2.565411 -2.001766 -0.737780 -0.353049 0.011331 0.878901 1.051293 
192837465
12
-0.605254 -0.607211 -0.977321 -0.706442 -1.049599 -1.009021 -0.224924 -0.899856 -1.082615 0.126400 0.872016 1.963177 1.511969 1.302191 0.907378 0.965672 0.817178 0.245229 0.548241 0.836673 1.648132 1.542464 0.579989 -1.577288 -0.745467 0.311464 -1.204138 -2.461294 -2.926176 -2.725099 -1.062436 -1.760879 -1.305661 0.206276 0.554290 0.380106 0.178141 0.662751 0.844445 1.137183 0.229366 0.803427 0.349680 1.498601 1.613004 1.121930 0.665870 0.699566 0.234606 0.723133 -0.076208 0.023287 0.073487 -1.631383 -2.474476 -3.594972 -1.438250 -1.147834 -0.724777 -1.198411 -0.602438 -0.711977 0.398567 0.021974 0.012545 -0.139089 -0.699480 -1.392489 -0.985883 -0.581665 0.036750 0.523466 0.082319 0.296364 0.692257 -0.364699 -1.299572 -0.989911 -0.457795 -0.041010 -0.490306 -0.022485 -1.299690 -1.010104 -0.412995 0.028092 -0.445101 -1.582853 -0.188438 0.309387 0.017572 0.254214 -0.805947 -0.983424 -2.042996 -1.301980 -0.226017 0.358529 -0.398842 -1.017208 -1.537891 -1.884888 -2.756797 -3.899109 -4.238687 -11.593491 -8.215913 -6.768570 -7.571364 -5.941089 -4.338922 -3.723600 -1.921006 -2.691584 -0.776634 -0.175098 -0.581362 -0.063166 0.856500 1.460776 
192837465
13
-1.158310 -2.350847 -2.083044 -3.057223 -2.411690 -1.440531 -0.201686 -1.239726 -0.349954 -0.874060 -0.391068 1.385579 0.985762 0.147756 0.135037 0.032262 -0.030807 0.110590 1.579638 1.067952 0.993761 0.490231 -0.751365 -0.327638 -1.528350 -1.812285 -2.681797 -4.101931 -3.444645 -3.485829 -3.147961 -2.242367 -1.847562 -1.074073 -0.459505 0.313613 0.427232 -0.047419 0.788687 1.093933 0.626143 0.856509 0.735413 1.488648 1.466404 1.071505 -0.058020 0.493785 0.448352 -0.145149 -0.131290 -0.149056 -1.166829 -0.505291 -0.563388 0.064691 1.214433 0.368593 -0.415870 -0.948367 -0.434716 0.138734 -0.386626 0.088874 -0.252624 0.310010 -0.270602 0.068156 0.401393 -1.211560 1.021753 1.308788 0.567713 0.596551 -0.558883 -1.276588 -1.986340 -2.442036 -1.969407 -0.105623 0.004747 0.040341 -0.953624 -0.588969 -0.387124 -0.444878 0.102765 0.117533 0.798275 -0.049625 0.453332 0.756624 -0.305562 -0.561637 -0.476892 -0.267659 -0.718029 -1.483117 -0.684766 -1.080163 -1.446121 -2.559738 -2.181765 -2.383737 -2.348356 -4.464886 -6.304613 -7.349248 -5.289664 -5.812021 -3.273616 -1.589079 -0.369367 -0.641255 -2.094054 -1.996617 -0.926548 0.468317 0.244564 -0.004827 
192837465
14
-1.717679 -2.202896 -2.184680 -3.646142 -2.397841 -1.443909 -0.638086 0.086313 0.558697 -0.696432 0.474347 0.782425 0.632327 1.066389 1.439393 1.288634 1.690340 1.053659 0.586171 0.705744 0.268490 0.319479 -1.598505 -0.976903 -1.065709 -3.687047 -2.503863 -4.461572 -3.955977 -3.024472 -1.913179 -1.620632 -1.502601 -0.708416 -0.429727 0.077367 0.608175 -0.136233 0.370165 0.116994 0.425804 0.033063 0.533609 0.922172 0.844837 0.754700 0.225487 0.644193 0.815943 0.770453 0.559250 -0.036571 -0.388845 -1.465286 -0.191880 0.290980 -0.857624 -1.218502 -1.574169 -0.986383 -0.042539 -0.498324 0.257049 1.196226 0.644033 1.466982 1.844538 0.787281 1.318135 1.763260 1.876863 1.755043 1.255878 0.464304 -0.344785 -1.480077 -1.852509 -3.128666 -1.245026 -1.926586 -1.553793 -0.832401 -0.589120 -1.722915 -1.189211 -0.412750 -0.237081 -0.273133 -0.927460 -0.253402 -0.439716 0.308980 -0.362375 -0.527087 0.010034 -1.288875 -2.571858 -2.936249 -3.076182 -1.222602 -1.167784 -1.101803 -2.187712 -2.490405 -1.954478 -4.194322 -5.921667 -4.307034 -3.796262 -6.359752 -3.476771 -1.711606 -0.288077 -1.916057 -1.160944 -1.384665 -1.232965 0.123283 0.618449 0.547170 
192837465
15
-1.417904 -2.241978 -2.248396 -1.512164 -1.077643 -0.961966 -0.010627 0.651569 0.197240 0.882239 0.863650 1.383124 2.171579 1.686141 1.993263 1.867854 1.909063 1.425129 0.567021 -0.446256 -0.904506 -1.194058 -0.944982 -1.641435 -2.225128 -4.747458 -4.836006 -2.939651 -4.268343 -2.796261 -1.835914 -2.894762 -3.554005 -2.793694 -2.295434 -0.856152 -0.134692 -0.669425 -0.580716 -1.905411 -1.180513 -2.632454 -1.111415 -0.176938 0.150496 0.757756 0.034114 0.096734 0.846847 0.756155 0.214542 0.160650 0.884391 0.430419 1.111547 1.226711 0.587296 -0.129382 -0.522271 -0.478419 0.712542 0.705216 0.725916 0.832897 1.435038 1.508729 1.980297 2.061021 2.234621 1.674282 1.162683 0.786770 0.665138 1.048009 0.284300 -0.296002 0.052840 -0.757033 -1.109240 -1.108653 -1.530516 -1.975992 -1.875142 -1.083118 -0.436096 -1.794754 -1.441212 -0.537688 -0.290732 -0.243693 -0.103958 0.225624 0.283483 -0.561460 -1.391095 -1.501736 -1.068722 -0.374966 -0.961388 -0.755763 -1.582154 -1.553936 -0.563498 -0.926988 -0.722352 -2.206408 -3.043148 -2.783539 -3.323515 -2.854644 -1.764924 -0.344994 0.286169 -0.420069 -0.698539 -0.782853 -1.475534 0.375494 0.350456 0.576661 
192837465
