1200.000000
160.000000
120
16
1
0.500000
2
2
0
0.978169 1.403974 1.538950 0.572590 0.759814 1.569277 1.492745 0.666215 0.909226 1.339142 1.221358 1.069390 0.397813 -0.230050 -0.399783 -0.822863 0.035605 0.646252 1.073056 0.759585 -0.211617 0.107072 0.731758 1.209717 0.645605 0.008195 0.100628 -0.438104 -0.074835 0.200865 0.306820 -0.206970 -0.125519 -0.435960 0.483988 -0.106674 0.454107 1.076317 1.103954 1.037375 0.800692 0.518730 0.905003 0.236531 -0.221956 0.488405 1.104739 0.361951 0.162107 0.518329 0.162417 1.351989 1.165166 0.144545 -0.191104 -1.648627 -1.832385 -2.206532 -1.370613 -1.444307 -0.739341 -1.738319 -2.346005 -2.178296 -3.478294 -4.394893 -5.357442 -3.976466 -4.004227 -3.979368 -1.406911 -0.020530 0.296955 0.359046 -0.843294 -0.819215 -0.015626 -0.281126 -1.753482 -2.652146 -3.922675 -2.651462 -3.531350 -5.731205 -5.013041 -3.702741 -3.199817 -2.919240 -2.721567 -1.343470 -3.266543 -3.673006 -2.284580 -2.346711 -1.243572 -1.761924 -0.783418 -0.854256 -0.884517 -1.774752 -2.346796 -3.091525 -4.126482 -3.487704 -3.229995 -3.377152 -2.811775 -3.251876 -3.296655 -2.232120 -0.557504 0.195635 0.088412 0.493699 1.030735 1.823005 2.351350 1.746819 2.785599 1.836798 
192837465
1
-0.757546 0.017054 -0.220424 0.206677 0.191978 1.046361 1.222271 1.383035 0.267501 1.414638 1.212024 0.384418 -0.376647 0.177639 0.660318 0.988008 -0.329721 -0.324367 -1.010823 -0.948544 -0.608077 -0.103915 0.330427 0.384449 0.644799 -0.245365 -0.677779 0.165899 -0.482349 0.237557 0.299779 -0.414278 -0.036209 0.627538 0.514657 0.659654 -0.441144 -0.148274 0.359068 0.541868 1.598551 0.918459 0.455857 0.911366 0.506002 0.328540 -0.151558 -0.073956 -1.022345 -0.448764 0.060665 0.951551 -0.737454 -0.345856 -0.287241 -1.117444 -2.365706 -1.349382 -1.525953 -2.123155 -1.152376 -1.815061 -1.783223 -1.730038 -1.945813 -1.764451 -2.341671 -2.742517 -2.052099 -0.978756 -0.711125 -0.965941 -0.327722 -1.036398 -1.358396 -1.558256 -2.664643 -3.406906 -3.488840 -4.317688 -3.846997 -3.000814 -4.418493 -3.074587 -2.370009 -2.267808 -2.097125 -1.458659 -2.223569 -1.552063 -2.061730 -2.142276 -1.598497 -1.324240 -0.332632 0.186155 -0.168748 -0.436582 -0.429119 -0.845021 -2.053487 -1.589734 -1.203298 -1.850921 -3.025256 -4.152047 -1.159676 -0.383955 -0.460979 -1.050444 -0.735110 0.343212 0.942813 0.604159 1.640629 -0.191699 1.246674 1.437941 1.517189 1.282967 
192837465
2
-0.492555 -2.610925 -1.370549 -0.888930 -0.600344 -1.850283 -1.001348 -0.216159 0.024881 0.623029 0.873823 0.101663 0.361511 0.134153 -0.412116 -1.028650 -0.408269 0.895229 0.333866 -0.501049 0.101052 0.468891 0.582945 0.078214 -0.563253 0.000585 -0.020386 0.157943 0.035361 0.176562 -0.988298 0.219789 0.063568 -0.827743 -0.186639 0.022221 -0.206747 0.073577 0.248214 0.890317 1.246402 1.382677 0.816849 0.082567 0.887062 0.784183 0.064249 -0.153010 -0.249270 -0.006146 0.087566 -0.164488 0.098250 1.002516 0.792829 -0.034789 -1.263491 -0.761184 -0.850414 -0.830003 -0.354683 -1.154247 -0.813434 -2.198635 -2.077621 -1.720483 -2.610787 -3.448739 -1.478712 -1.704625 -0.661750 -0.595156 -2.281474 -1.582562 -2.512098 -2.283826 -3.090390 -2.784356 -2.317185 -2.964903 -2.987337 -1.936267 -2.370639 -2.352665 -1.464364 -1.078458 -2.192971 -3.126648 -3.740773 -2.419352 -1.427840 -2.090082 -1.037731 -2.441071 -0.849917 -0.009417 0.371080 -0.124207 -1.238684 -1.027696 -3.027558 -2.128840 -0.622790 -0.111548 -0.985563 -2.167191 -2.053504 -1.380029 -1.180212 -0.685101 -0.432661 1.047015 1.211726 1.666198 1.641987 0.869396 0.686241 0.367685 0.927084 1.261254 
192837465
3
-0.709255 -2.190504 -3.299606 -2.624640 -1.928039 -0.668369 -1.164865 -0.295082 0.673204 0.512746 -0.487981 0.455254 1.031401 1.061075 0.527887 -0.047528 -0.342886 -0.102405 0.397051 -0.289120 0.074533 0.870805 0.609791 1.567216 1.308382 0.403193 1.134545 1.219775 0.682155 0.846739 1.274442 1.133147 0.659097 -0.616724 0.250552 -0.002790 0.442402 0.890566 0.011987 0.486332 0.067069 0.778677 0.253783 0.401346 -0.776373 -1.123615 -0.228025 -1.008582 -1.019497 -0.047185 -0.751690 0.021717 -0.451726 -0.439658 0.220958 -0.413616 -0.110341 -0.168247 -0.455732 -0.215708 -0.473036 -1.215050 -1.497227 -1.859875 -0.365587 0.186672 -0.353955 -0.368368 0.028230 -0.624568 -0.316878 -0.190594 -1.511844 -1.283548 -1.504664 -1.436565 -2.097507 -2.874063 -1.859826 -2.099254 -1.160588 -1.596252 -1.138007 -1.851520 -2.094622 -2.916108 -2.923283 -3.071028 -3.325617 -2.494800 -1.293419 -0.314835 -0.562236 -2.463608 -0.997720 -0.213227 0.014553 0.398904 -0.074541 -2.359169 -0.452759 0.136121 -1.001155 -1.451771 -2.058724 -2.096015 -0.056379 -0.440104 -1.635181 -0.586599 0.934787 1.166692 0.324346 1.045242 1.200701 1.018975 1.156148 0.789024 1.332321 0.711877 
192837465
4
1.004840 -0.178230 -2.179898 -2.571200 -0.484434 -0.288780 0.286693 0.683275 1.002155 0.857099 0.909333 0.749032 0.575083 0.484238 0.336360 0.687802 -0.425704 -0.842471 -2.205714 -1.189274 -1.145041 -0.003104 1.021698 -0.207208 0.868610 0.868853 0.922891 1.714376 1.890248 1.437426 1.524559 2.276386 1.569578 1.032683 0.208399 0.291423 0.510416 -0.381865 -1.547731 -0.718944 -0.861336 -0.703323 -0.782283 0.453964 0.262653 -1.151413 -1.018488 -1.642095 -3.559531 -1.851645 -0.312920 -0.883616 -1.081496 -0.755871 -1.536187 -0.495608 -1.818811 -1.159782 -0.033580 0.317719 -1.265163 -0.447639 -0.255741 0.622841 0.769942 -0.015934 -0.335540 -0.239310 0.380459 0.067978 -0.870532 -1.020009 -1.172327 -2.314962 -5.498437 -1.586946 0.121348 -0.372112 -0.586262 -1.402177 -2.948756 -2.019392 -1.781666 -2.957000 -2.271741 -2.667890 -2.349662 -0.984296 -1.286813 -2.399659 -2.682259 -4.883252 -3.993160 -1.404394 -1.672182 -0.849721 -0.818099 -1.420600 -1.442871 -0.869670 -1.082166 0.369998 -1.725398 -1.074795 -0.091029 -0.481000 -0.251229 -0.342766 0.939382 2.054926 1.414519 1.254971 0.330034 0.645055 -0.446252 -0.104883 0.020356 0.114222 0.499911 0.469167 
192837465
5
-0.514373 0.191421 -0.221088 -0.751378 -0.791092 -0.027753 -0.057461 -0.198203 1.185424 1.697451 1.662061 2.103013 0.336967 0.742798 0.739477 0.980500 0.423135 -0.428288 -1.425097 -2.485258 -0.934296 0.435377 0.489563 0.403988 0.715985 1.688541 1.873005 1.961852 2.513414 2.569095 2.271012 1.551089 1.586870 0.654150 0.626969 0.458421 0.760482 0.393625 0.163161 -1.914887 -2.562325 -3.987984 -2.201813 -1.958972 -1.520766 -1.770238 -0.237772 -0.509522 -1.352333 -0.277647 -1.320429 -0.878169 -0.623759 -1.066765 -1.314752 -1.187067 -1.090934 -0.033210 -0.911280 -0.389531 1.967253 1.396684 1.485856 0.744929 1.756007 1.463208 0.852751 0.515772 0.588353 0.818390 -0.077988 -0.288927 0.627307 -0.014504 -0.690239 -0.864247 -0.473415 0.011601 -0.211468 -0.955397 -1.023451 -0.624436 -0.495222 -1.218892 -0.814324 0.216167 -0.059631 -0.587890 -1.793885 -3.468639 -1.533482 -1.475048 -0.274403 -0.157449 -0.687637 -0.290063 -0.351421 -1.002327 -0.185827 0.161422 0.207116 0.151440 0.081999 -0.668263 -1.115307 -0.030809 0.012569 1.154430 0.680220 0.601283 1.090256 0.614829 0.299805 0.345451 0.049391 0.274240 -0.446823 1.198780 1.839236 1.445071 
192837465
6
0.243061 -0.281409 0.645774 0.470251 0.826755 -0.259001 0.906834 0.648192 1.520879 1.877595 1.550776 1.634654 1.090645 0.403766 0.247272 1.002592 0.865301 0.205523 0.292186 -0.157000 -0.934141 -0.550960 0.535902 0.379087 0.917641 1.831961 1.685579 1.868791 2.277516 2.099992 1.047634 0.983307 0.421924 0.087006 0.967430 0.647100 0.405197 0.675267 -0.276038 -0.403768 -0.625747 -1.662925 -2.422880 -2.410438 -3.701723 -0.825526 0.085431 -0.258192 -0.989674 -1.273309 0.291470 0.719489 0.564622 0.147439 0.483847 -0.202774 0.222619 0.255620 -0.387004 -0.468590 0.552732 0.993675 0.569997 1.267971 1.499496 1.349022 1.665753 0.764057 -0.228660 0.394984 -0.206811 -0.407092 -0.538527 -0.465724 -0.234470 0.040292 0.920144 -0.023463 0.343666 0.381596 0.846095 0.378184 0.229861 0.964278 0.827819 0.405521 -0.187701 -1.426111 -1.651983 -1.160328 -1.763098 -0.303701 -0.686155 1.187797 0.422850 0.212881 0.485444 0.405750 0.516585 -0.399288 -0.241702 -0.139155 0.570702 -0.269268 -1.510633 -1.428281 -0.466037 0.452172 -0.013953 0.328907 0.126336 0.904878 -0.261298 -0.250582 0.453266 0.094938 -0.134172 -0.190416 0.322998 -0.872546 
192837465
7
1.487544 1.118614 0.634803 0.060528 0.593576 0.113818 0.514712 -0.088894 1.158024 1.775002 1.542676 0.863362 -0.064788 0.589002 0.993843 0.515201 -0.237028 -0.289882 -0.685635 -1.379966 -1.559494 -0.151623 -0.628208 -0.570496 0.318576 0.872197 1.359489 1.264827 0.115441 -0.451254 0.218457 -0.610674 -0.039603 0.043860 -0.338724 0.423347 0.745335 -0.119049 -1.450056 -2.189176 -2.622587 -3.245866 -4.236714 -3.291173 -2.928060 -2.306500 -0.635786 -1.842460 -0.281911 0.435244 0.688497 0.768202 1.214716 2.015054 1.426496 2.075079 0.947524 1.537118 1.413080 0.555979 0.976719 0.622572 1.000233 0.504946 1.620546 2.192468 1.618249 1.033961 0.809117 0.823737 -0.206877 -0.461291 -0.452387 -1.679420 -0.104458 1.194211 1.561168 1.818226 1.481076 1.287293 1.421002 1.220329 1.096723 0.788899 -0.732657 -1.270651 -2.343478 -3.865003 -2.886953 -0.872812 -0.092523 -1.550362 -1.031022 1.374402 0.957528 1.105441 0.485799 0.792902 0.690318 0.189527 -0.118009 -0.236363 0.289446 -0.517808 -0.730933 -0.615284 0.533150 -0.073301 0.674783 0.369609 1.091253 0.219099 -0.344442 -0.678460 -0.623234 -0.874900 -0.682792 -0.646493 -1.185858 -2.820166 
192837465
8
1.653268 0.470080 0.063979 -0.475521 0.313315 -0.457701 -0.237393 0.692726 0.221068 0.391114 1.120968 1.588545 0.867586 0.592744 0.678216 -0.016702 -0.283346 -0.341182 -0.001088 -0.753690 -1.636443 -0.539313 -0.467115 -0.137613 -0.082169 0.619269 0.034846 0.187347 -0.456204 -0.910670 -0.212915 -1.343965 -0.373123 -0.114430 0.287119 -0.411635 -0.475663 -0.852036 -3.407849 -2.850375 -3.696451 -3.431243 -5.729159 -5.190195 -4.225242 -4.318931 -3.337354 -4.292619 -2.234036 -1.165509 -0.368595 -0.432988 1.587725 1.788027 2.314899 1.970632 1.623677 0.356772 0.942168 0.941310 1.451307 1.229489 1.679361 1.724301 1.303235 1.791242 0.585937 0.031152 -0.197018 -0.786872 0.042143 -0.009231 0.233139 0.454884 1.172703 1.213132 1.334348 1.569470 1.496770 1.245557 1.461586 0.450570 1.168311 0.613200 -0.650771 -0.680019 -0.892877 -1.415055 -1.640834 -2.233220 -0.904649 -0.440395 0.295480 0.687563 1.610076 1.418631 1.262845 1.860572 2.047126 1.281455 1.749632 0.826011 0.744917 0.136069 0.443881 0.985945 0.080875 1.156351 0.781121 0.025989 -0.823541 -1.462445 -1.058727 -1.266745 -1.514955 -2.988208 -2.719630 -3.822331 -2.414314 -2.423765 
192837465
9
0.939901 0.728944 1.270823 0.585487 0.189168 -0.215381 1.037924 0.785548 1.091280 0.506023 1.156468 0.110385 -1.226993 -0.520271 -0.571638 -0.444226 -1.277568 -1.700485 -0.817317 -0.231030 0.000540 0.288264 -0.836476 -0.552819 -0.330658 0.170766 0.219924 0.173559 0.416418 0.100415 0.358880 -0.342440 -1.825112 -0.918455 -1.254039 -1.211468 -0.816859 -1.435464 -2.840663 -3.219541 -3.038898 -3.948588 -2.795751 -3.123103 -4.320533 -5.747195 -4.152223 -3.791407 -2.537216 -1.817216 -1.337272 -1.096736 -0.329734 -1.063065 0.450930 1.856589 1.499592 1.651149 1.207267 1.719687 1.241418 1.807946 1.553095 1.854619 1.207181 1.611073 1.960782 0.938948 0.402255 1.178429 0.731880 0.650397 1.755330 1.788236 2.062994 1.426582 1.924081 1.722261 1.112079 1.133140 1.810675 1.072385 0.583694 0.690385 1.177910 0.070137 -0.119880 -0.547376 -0.824360 -0.259458 -0.814003 -0.724954 0.276046 0.306481 0.787657 1.997798 1.854511 2.312398 1.690303 1.717274 2.429846 1.250299 1.352385 1.261378 1.687421 0.727880 1.059288 1.724682 -0.029413 -0.556234 -1.550425 -2.609957 -5.309296 -5.043127 -5.924665 -3.411578 -2.154434 -1.601663 -1.348245 -1.696873 
192837465
10
2.183597 1.394839 1.390004 0.935795 0.505637 -0.044243 0.511729 0.656941 0.325365 0.215503 0.320479 -1.348799 -2.228779 -2.232413 -1.841195 -0.804968 0.024171 -0.567056 -0.143076 -0.320181 -0.847735 -1.112541 -1.137609 -0.450886 -0.681959 0.330305 1.274995 1.040014 0.792881 -0.041665 -0.432472 -0.138842 -0.903282 -0.438343 0.105497 0.760451 -0.470871 -0.265134 -0.231286 -1.643656 -2.384535 -2.364161 -3.737702 -4.149273 -3.813795 -4.769542 -3.065423 -3.133947 -1.073646 -0.076524 -1.046126 -1.146648 -0.759001 -0.312021 0.137286 0.844022 0.622393 -0.107459 -0.054872 1.145895 0.834162 0.819282 1.682289 1.715556 2.207358 2.053238 1.436344 1.014746 0.279201 0.846840 1.015094 0.696121 0.887970 1.339189 0.965430 1.298541 0.883733 1.443204 1.657293 1.272990 1.773812 0.871368 0.407976 0.782857 0.204339 0.024715 0.598793 -0.138635 0.333827 0.477738 0.260058 0.389154 1.668474 1.547369 2.067557 1.198526 1.491008 1.470885 1.556965 1.409909 2.026410 1.692086 2.024397 1.681354 1.635713 2.033075 2.411758 0.738091 1.114563 -0.483565 -1.086908 -1.684440 -2.907383 -3.482710 -1.715189 -0.922002 0.251073 -0.113908 -0.466272 -0.539838 
192837465
11
0.832679 1.216472 1.058790 0.571046 -0.221049 -1.038241 -0.873080 0.145326 0.154512 0.704264 -0.446248 -1.010618 -2.772476 -3.674994 -3.529519 -1.861134 -1.850937 -1.585751 -1.091040 -1.428060 -1.172760 -1.197560 -1.595553 -0.166025 0.314803 0.824618 0.698427 0.640493 0.192200 0.673301 -0.534302 -0.688648 -1.482253 -2.145871 -1.347449 -1.217494 -1.413992 -1.494702 -0.095927 -0.360823 -0.504135 -2.163883 -2.161812 -3.187515 -5.605483 -2.517819 -2.059757 -1.204906 -0.998931 -1.986640 -2.938173 -1.723352 -0.624442 -0.118929 0.236678 0.189202 -0.375385 -0.648679 -0.189748 -0.932034 0.576441 0.048266 0.604781 2.246419 1.921160 2.385866 1.911296 1.895807 1.229348 1.040726 1.313323 2.412089 1.819749 0.947922 0.813170 1.019394 0.407199 0.055230 -0.310436 0.648222 1.317153 1.079329 1.937671 1.166036 1.015253 0.659175 0.430961 -0.196028 -0.084317 0.191019 -0.281113 -0.163349 1.449199 1.478539 1.215077 1.087432 2.115346 1.925817 1.576174 1.398487 1.644554 0.691651 1.256456 2.299197 2.565949 2.620901 1.859207 1.831885 1.135673 0.216638 -0.463397 0.304706 -0.941323 -0.945670 0.079305 0.423336 1.110687 1.124962 1.049030 1.400677 
192837465
12
-0.083774 -0.325332 0.063841 0.217045 -0.563223 -0.265742 -0.404676 0.130887 0.554408 -0.526726 -1.356070 -0.972668 -1.355373 -0.574498 -0.288534 -0.839208 -1.252420 -0.840120 0.143182 0.108912 0.226916 -1.115515 -1.175162 -1.139715 -0.570584 -0.867451 -0.137392 -1.398072 -0.499302 -0.736459 -0.818944 -0.181017 -0.947460 -1.131225 -1.601617 -0.681499 -0.046064 0.059425 -0.458190 -0.169545 -0.035636 -0.463293 -1.026442 -0.887009 -1.175330 -0.946082 -1.597515 -1.497316 -1.450214 -1.879603 -2.200638 -1.579170 -2.085118 -1.289109 -1.135374 -0.689435 -1.207121 -0.570023 -0.639591 -0.345630 0.092852 -0.079767 -0.355402 0.444996 1.339159 1.202377 1.011620 1.423625 -0.077051 -1.137958 -0.730084 -0.392839 -0.327174 -0.347163 -0.482634 -0.300500 -0.302548 0.055837 0.569344 0.183267 0.755415 1.589935 1.479011 1.637981 0.835438 -0.007139 -0.249990 -0.286117 -0.592017 0.145862 0.201329 1.357620 0.999502 1.681642 1.288000 1.259361 1.039295 1.164772 0.898493 1.123737 0.222152 0.715793 1.660221 2.474826 2.946363 1.633456 0.840605 0.831470 0.531516 0.815423 1.003001 1.474685 1.833162 1.818413 1.958332 1.171368 0.982727 2.052311 1.844908 1.533992 
192837465
13
1.040172 -0.205413 -1.080455 -0.474301 -1.364278 -0.678286 -1.495864 -1.207258 -0.270362 -0.681879 0.037346 0.384873 -0.586971 0.297275 0.918460 0.034469 0.080864 -0.234905 -0.084046 0.707895 0.933428 0.241555 0.235805 -0.538374 0.136942 -0.784894 -0.834981 -1.283248 -2.062152 -3.679273 -2.817549 -1.636865 -0.184829 0.545004 -0.292374 0.585044 0.429370 -0.569751 -0.525717 0.176445 0.081138 0.707848 0.794062 0.641897 -1.298023 -0.551994 -1.746125 -1.948808 -3.140029 -2.753116 -1.762882 -1.333938 -0.616563 -0.611852 -0.592843 -0.641799 -1.936190 -3.170207 -1.543845 -0.164356 -1.278328 -1.273490 -0.360965 -0.739775 -0.884994 -0.196208 -0.036240 0.167762 0.415132 -0.424288 -0.693878 -0.444409 -0.882537 0.148426 -0.814327 -0.573647 -0.253375 0.986703 -0.035037 -0.395786 0.354036 0.057260 0.387816 0.878698 0.868483 0.317446 -0.696929 0.484062 0.822711 0.507247 0.487840 0.988646 1.136569 1.622598 2.360961 1.276033 2.252281 1.172565 0.935980 0.945545 0.876977 0.942038 0.845214 1.978257 1.469574 1.456250 1.393050 0.899197 1.291082 1.745095 2.238006 1.686051 1.255707 1.136458 1.381529 1.527290 0.796185 1.257563 1.205298 2.163129 
192837465
14
0.312602 0.106326 -0.471515 -0.260613 -2.077895 -2.546304 -1.742418 -1.790660 -2.093530 -2.096971 -1.243921 -0.249256 0.520859 0.705966 1.207789 -0.899821 -0.958444 -1.771772 -0.611032 0.060663 0.577339 -0.381689 -0.591045 -0.433651 -1.150550 -1.274998 -0.795867 0.147816 -0.536920 -1.266078 -1.113650 0.140237 0.208838 -0.168850 0.080756 0.244314 0.710390 -0.274215 0.626703 -0.018768 -0.904507 0.215544 -0.152863 0.222505 0.652160 -1.224679 -1.777320 -0.508399 -1.622166 -2.929226 -2.621503 -1.107517 -0.525031 -0.276261 -0.659695 -2.260884 -1.527589 -1.395076 -1.166862 -0.095272 0.499041 -0.444793 -0.387649 0.473921 -0.300969 -0.131439 -0.030855 -0.367702 -0.198669 0.034835 0.265841 -1.133208 -0.987109 -0.924996 -0.666901 -1.729049 0.314747 -0.193302 -0.490945 -0.646048 -0.657248 -0.902583 -0.268795 0.956737 0.679022 0.587866 1.334021 0.437994 1.767502 1.885133 0.915595 1.346389 1.691540 1.917315 2.234822 1.880266 1.553223 2.064184 1.950505 1.281126 1.123673 0.689807 0.726445 0.882790 0.789734 1.695970 0.819286 0.377130 1.185978 0.493749 1.114205 1.260097 0.443466 -0.141387 0.872465 0.506028 0.497584 0.610026 0.990344 1.231677 
192837465
15
0.180254 0.211929 -0.719505 -0.823681 -0.715999 -1.568282 -0.514588 0.121255 -0.744223 -1.609612 -1.620551 -0.067470 0.020609 0.313816 -0.347476 -1.199474 -1.038560 -0.211024 -0.497646 -0.699649 -0.945633 -0.556830 -0.772683 -0.211834 -1.013596 -1.797386 -0.540929 0.309176 -0.707383 -1.113073 -1.257754 -0.283772 -0.349311 0.524376 1.147696 -0.414398 0.063216 -1.002520 -1.165002 -0.108804 -1.264520 -0.436864 0.571599 0.124112 -1.132782 -1.209058 -2.237207 -1.512947 -0.880748 -2.281423 -2.343578 -1.784055 -0.745415 -2.721366 -0.845107 -0.114051 -1.050999 -1.486342 -1.124765 -1.603658 -1.335435 -0.126302 -0.360529 0.092904 0.475332 -0.115658 -0.725641 -1.131564 0.392365 0.667597 0.209864 -1.038603 -1.205801 -0.067668 -0.033716 -0.260642 -0.495290 -0.856841 -0.423343 -1.015773 0.019190 0.670355 0.481865 0.989504 1.184200 1.294144 0.888220 1.091609 1.395156 2.096500 1.062810 1.634589 2.110596 2.496034 2.190640 1.958656 1.116575 1.757579 1.827416 2.061061 1.191554 1.013006 1.070471 0.949005 1.370583 0.638641 1.537259 1.332562 1.269827 0.962810 0.722886 1.972841 0.793083 0.308582 0.390826 1.303053 0.501774 -0.061189 -0.066234 0.009727 
192837465
