1200.000000
160.000000
120
16
1
0.500000
2
2
0
0.022340 0.490469 0.918859 1.228707 0.935279 1.255191 1.354758 1.160232 1.193479 0.961839 0.716032 1.583407 1.029028 1.863702 1.531754 1.293081 1.672446 2.554450 1.832230 2.035893 2.303123 1.579515 1.551898 1.169349 1.316721 0.600095 -0.255672 -0.387952 -1.095519 -1.516855 -3.492738 -3.511418 -5.136741 -6.217154 -4.390909 -3.390348 -4.319963 -3.713621 -3.245408 -1.224929 -1.947585 -2.114731 -1.367572 -1.256456 -1.409837 -1.913203 -1.481859 -0.847108 0.340921 0.826424 0.476041 -0.921231 0.108886 0.221513 0.885672 0.272901 0.953161 0.479112 0.394937 -0.323082 -0.620636 -2.156762 -2.197014 -0.808509 -1.030117 -1.381743 -0.918476 -1.113553 0.109598 -0.991205 -1.178633 -1.144579 -0.523012 0.181186 0.041961 -0.430683 -0.574376 0.033676 -0.105659 0.698517 0.133056 -0.562127 -0.706751 -4.185336 -3.475299 -3.069888 -1.141247 -0.155503 -0.114568 0.363987 0.043531 -0.077937 -2.448225 -1.241974 -1.457327 -2.097780 -1.555938 -2.015368 -3.386843 -2.952062 -0.975126 -0.575587 -0.033454 0.541889 0.780868 0.593054 -0.448576 -0.053495 0.629605 0.514846 0.471033 -0.218710 -0.206678 -1.406862 -3.174230 -2.466471 -1.952695 -3.156060 -5.013465 -3.808080 
192837465
1
-0.586230 -0.361869 -0.473912 -0.304316 -0.005223 0.156357 0.503791 0.289241 0.423327 0.291769 0.361252 0.261119 0.485380 0.945139 1.034467 1.377329 0.986915 1.088236 1.391327 1.362087 1.817255 1.161229 0.746135 0.190255 -0.136362 -1.523695 -0.781329 -1.272643 -1.381094 -1.370344 -4.169496 -4.730660 -6.268991 -5.308985 -4.035921 -3.833688 -3.045654 -4.856946 -3.376542 -2.970117 -1.327249 -0.416884 0.035471 0.096083 -0.560055 -1.323280 -0.608858 -0.281686 -0.033606 0.755383 0.027209 -0.367089 0.091251 0.060103 -0.324967 -0.438961 -0.508565 0.109928 0.329256 -0.833727 -0.751384 -0.562737 -0.534945 -0.579087 -0.916616 -1.320353 -0.697610 -1.376726 -0.117133 -1.668249 -0.487423 -2.359741 -1.178045 -1.727579 -1.298171 -2.398470 -1.981581 -1.610638 -1.592637 -1.183671 -0.757239 -1.397997 -0.411888 -0.596867 -1.078039 -1.401067 -2.356803 -0.950344 0.270042 -1.534916 -1.000183 -2.152868 -2.239300 -2.293225 -4.185010 -4.797473 -1.943805 -1.113784 -1.626083 -2.373791 -1.527780 0.108786 0.596113 0.712060 0.676270 0.028323 0.350263 0.168222 0.586977 0.477196 1.196943 1.650094 1.045349 -0.382854 -0.809239 -1.849976 -2.028014 -2.070455 -1.325422 -1.294484 
192837465
2
-1.838352 -2.225607 -0.709217 -0.476365 -1.009696 -1.320992 -0.847514 -1.435238 -0.825858 0.478997 0.141755 0.679125 0.073663 0.656780 0.553145 0.957426 0.669243 1.740400 2.068010 2.075163 2.178771 1.637030 1.208609 0.026494 -0.566113 -1.823004 -1.817353 -1.255142 -1.941568 -1.408257 -2.674068 -3.655824 -3.005403 -5.346740 -2.821650 -2.067892 -2.340464 -0.784767 -0.188312 -0.253231 -0.610338 -0.094741 -0.489202 -0.748650 0.086045 -0.356908 -0.075083 -0.388428 -0.815555 0.090931 -0.445075 0.038407 -0.035292 -0.640927 -0.181672 0.370207 0.065167 0.444889 0.564924 0.352156 0.701473 0.150964 0.579259 0.537071 0.560174 -0.232184 0.164541 -0.586469 -0.552666 0.689522 -0.033685 0.285603 -0.181332 -0.182685 -0.614071 -1.713373 -0.698770 -1.058617 -1.161255 -0.900181 -1.819323 -1.745343 -1.841955 -1.586248 -2.429790 -1.965688 -1.309869 -0.563274 -1.618540 -2.231863 -2.441639 -1.563613 -1.372821 -1.071798 -1.632937 -1.709592 -2.879656 -2.092190 -1.671144 -1.469809 -1.910033 -0.616981 0.109799 0.029450 1.029234 0.811233 0.391468 0.776258 -0.124777 -0.091234 0.898377 2.255992 1.554202 1.017354 1.403817 -0.081329 -1.987350 -0.753847 -1.067434 -0.553856 
192837465
3
-0.242177 -2.679213 -0.734744 0.405700 -0.324661 -0.911798 0.220296 -0.116874 -0.079806 -0.035624 0.199269 0.529882 -0.029082 0.203171 1.055480 1.031276 0.737398 1.759733 1.798007 2.017758 1.487758 0.859427 1.232196 0.771554 0.296056 -0.857929 -1.407723 -1.684213 -2.328821 -1.929289 -2.068548 -1.655491 -1.580210 -1.273498 -2.012365 -2.008791 -1.123717 -1.140969 -1.916590 0.147466 -0.040103 0.599119 -0.043435 0.248823 -0.291054 -1.013591 -1.307356 -0.216505 -1.276404 -1.003316 0.064788 -0.729416 -0.341245 0.237169 0.008683 -0.276361 0.001428 0.728759 0.447458 0.248402 0.354023 0.687081 1.137135 0.555454 0.622574 1.004007 1.265944 0.538638 1.030596 0.160315 0.360783 0.367179 -0.010111 0.153481 -0.353515 -1.112891 -1.717494 -2.579199 -2.773816 -1.539698 -2.124775 -3.204301 -3.842714 -2.748480 -1.448600 -2.550659 -3.216655 -1.989969 -0.993977 -1.342203 -0.817308 -1.124329 -0.645673 -1.152479 -1.698527 -2.071473 -1.931999 -2.471625 -2.225343 -1.869358 -1.194003 0.557994 0.093910 1.185392 0.655207 1.135968 0.939440 1.330185 0.904604 0.405062 1.110176 0.911981 0.764977 0.690298 -0.072406 -0.408627 -0.528772 0.091578 0.180895 -0.331947 
192837465
4
-1.207561 -0.059132 -0.216162 -0.087645 0.230475 0.057654 0.537573 -0.042542 0.342829 0.487141 -0.091772 -0.368566 -0.325369 0.568555 -0.845324 -0.580926 -0.018011 0.668408 0.860652 1.149880 1.120948 1.427293 0.146177 0.195512 -0.007389 0.248331 -0.337899 -1.052140 -1.429367 -0.113983 -0.052914 -1.754231 -0.828839 -1.556040 -0.874197 -1.442659 -0.152819 -0.745800 -0.151152 0.001381 1.124941 1.354050 0.541290 -0.122003 -1.102032 -1.107445 -0.909183 -1.654683 -1.850988 -1.544839 -2.922126 -1.986605 -1.919029 -0.691502 -0.927216 -0.375555 0.138044 0.140273 0.955176 1.101211 0.632186 0.890365 0.935914 1.079627 1.104483 1.406292 1.064870 0.769877 0.796368 0.105266 -0.248379 -0.742068 -0.396724 -0.011865 -0.089350 -0.809380 0.141556 -0.096562 -2.217748 -1.927230 -2.285428 -1.924867 -2.875131 -4.460451 -2.924073 -1.703658 -1.199041 -1.456154 -2.690521 -2.649450 -1.132388 -0.982551 -0.691474 -0.275503 -0.824410 -0.781404 0.053667 -0.813135 -0.777144 -1.811982 -1.032834 -0.809132 0.068183 0.260565 0.352153 -0.174083 -0.142099 -0.022094 0.376288 0.582029 0.342159 0.099997 0.225317 -0.418898 -0.127599 -0.005280 -0.330067 -0.279753 -0.284869 0.021761 
192837465
5
-0.308430 0.232263 1.076495 0.723507 0.813949 0.309365 0.828121 0.311433 0.038918 -0.190764 -0.599362 -2.173106 -1.152182 -0.571861 -0.368124 -0.123894 0.049309 0.059740 0.366896 0.773118 1.221031 1.630520 1.359756 -0.159115 -0.019838 0.227387 -0.862719 -0.236095 0.338074 -0.320999 -0.492418 -2.367175 -1.650248 -0.723683 -0.836781 -1.231912 -1.702217 -1.199135 -1.003867 -0.218570 0.422741 -0.067956 -0.069206 -0.760533 -2.643420 -2.930055 -2.106260 -2.982980 -1.232959 -1.533200 -1.314613 -1.505923 -2.098415 -1.982468 -2.340749 -2.562999 -0.923139 -0.083716 0.352501 0.725497 0.516938 1.494956 0.970027 1.630907 1.240316 0.745223 1.584607 1.077481 0.515535 0.692995 0.497070 0.408982 0.740107 0.347683 -0.365608 -0.348974 -0.529471 -0.477995 0.515872 -0.316087 -2.458418 -1.806598 -2.323268 -3.194546 -2.224453 -1.263628 -1.243260 -0.582179 -1.384075 -0.418812 0.020837 -0.144338 -0.426214 0.352092 0.420603 -0.143637 -0.138744 -0.977204 -0.659155 -0.212504 -0.764565 -0.387207 -0.379532 -0.130337 -0.529861 -0.460849 -1.085159 0.120063 -0.118411 0.295852 -0.151676 -0.959704 -1.021789 0.034539 0.382424 0.817064 0.168646 0.301355 -1.238286 -1.015892 
192837465
6
-0.234142 -0.011516 -0.334300 0.859335 -0.325139 -0.374705 -0.603073 0.921939 -0.451335 -1.229907 -1.448668 -1.627631 -2.352894 -2.440340 -1.979416 -1.697159 -0.154064 0.252685 -0.356575 -0.201141 0.472383 1.668154 1.635162 1.131217 1.302968 0.900872 0.260001 0.728556 -0.368103 0.212446 -0.529598 -0.484671 -0.597030 -0.577495 -0.740311 -0.523244 -1.983935 -6.210848 -5.063646 -2.355092 -2.625617 -1.783315 -1.016486 -1.904686 -2.248168 -1.184923 -1.315378 -1.915579 -0.507613 -0.901365 -1.534277 -2.564969 -2.889068 -2.479149 -2.531226 -0.379012 -0.139737 -0.294042 0.886389 0.334993 0.153325 0.673979 0.704817 0.975469 0.763718 1.204282 0.820524 -0.573250 -0.002857 -0.344503 -0.798702 0.049855 0.033245 -0.166644 -0.999113 -0.639614 -0.808444 0.540163 -0.465392 0.577354 -0.289500 -0.619344 -3.041522 -3.280123 -0.863673 -0.327551 -0.410050 0.420259 -0.483215 -0.589932 0.153070 -0.166753 0.896268 0.718150 0.643378 0.635633 0.057911 0.876905 0.284143 0.346186 0.357350 0.688863 0.118311 0.209944 0.415046 -0.130622 -0.996651 -1.524909 -1.334552 -0.943593 -0.559437 -2.552104 -1.839688 -1.271445 -0.429065 -0.003820 -0.587389 -1.021514 -1.996902 -0.862074 
192837465
7
0.046494 0.554498 0.693573 0.102885 0.132536 -0.538681 -0.513561 0.281075 1.145855 -0.661539 -0.287406 -1.253461 -0.205932 -0.803064 -1.477484 -1.051089 -0.307803 -0.249143 -0.985219 -2.433555 0.169220 0.727474 0.534064 0.424035 0.400319 0.674653 0.458345 -0.525188 -0.432204 -0.399899 0.479367 0.631831 -0.317448 -0.631936 0.187223 -0.125246 -1.897899 -4.729319 -5.562959 -3.623139 -2.040040 -2.550627 -2.008186 -1.049846 -1.199745 -0.807144 -1.077558 -0.684620 -1.068336 -0.356383 0.309137 -1.303183 -0.766804 -0.497654 0.036430 0.315446 -0.431083 1.078589 0.967430 1.275570 0.920815 1.374250 1.640285 0.736085 1.604122 1.594091 1.519572 -0.042725 -0.568343 -1.837540 -1.333305 -2.316573 -2.258331 -1.915547 -2.366204 -1.856833 -0.139331 -0.402955 -1.573493 -1.215261 -1.796929 -1.241033 -1.257294 -2.492925 -0.554497 1.195827 1.505694 1.701641 0.224338 0.074686 1.566433 0.881501 0.391670 0.552758 0.335066 0.710586 1.148551 0.851700 0.481164 0.291887 0.166020 -0.466175 1.036338 0.799713 -0.401484 0.687676 0.066471 -0.205196 -1.198905 -1.013435 -0.299956 -0.671130 -1.003177 -0.965638 -0.295806 -0.388804 -0.520472 -0.620351 -1.403861 -0.864976 
192837465
8
0.163525 0.006947 0.297043 0.359747 -0.934440 -1.480065 -1.092679 -0.192444 -0.005741 -0.001778 -0.039301 -0.397915 0.412173 0.028907 -0.567619 -1.627452 -1.449299 -0.845547 -0.682662 -1.876996 -1.669111 -0.433250 -0.207889 -0.506072 0.111330 1.344358 0.667780 -0.038048 -0.201975 0.422161 -0.359389 -0.004290 0.280153 0.196727 0.255582 -0.207416 -0.793713 -1.634032 -1.250100 -1.635765 -1.741953 -0.603253 -0.482698 -0.461709 -0.213506 0.284299 -1.142005 -1.231549 -1.691499 -1.057839 -1.369105 -0.699232 -0.481594 -0.187368 1.045042 1.260668 1.412323 1.113520 1.295614 1.877479 1.934452 1.196548 0.707402 -0.142314 0.943567 0.803056 -0.110393 -0.260827 -1.553369 -1.985497 -3.197528 -3.039673 -4.798002 -3.566734 -2.830221 -2.300179 -4.663725 -3.078482 -2.276219 -0.482571 -0.100200 -0.246052 -1.041485 -0.251915 0.503735 0.768473 1.067661 1.323165 1.557167 0.839197 0.197141 0.543164 0.069220 -0.381744 -0.531207 -0.354754 0.401518 0.787967 0.401432 -0.132840 0.396832 0.921389 1.079187 1.107792 1.313646 0.050638 0.075125 -0.343260 -1.332928 -1.685881 -1.180716 -1.192994 -2.417039 -3.173516 -1.168415 -0.943808 -0.812978 -0.361748 -0.261645 -0.773820 
192837465
9
-0.340410 0.012065 0.328628 -0.068274 0.097832 -0.605363 0.075529 -0.411720 -0.238312 0.642506 0.048817 -0.762191 0.659189 -0.549115 -0.612843 -2.299633 -4.483620 -3.084582 -1.282118 -0.292290 0.045243 0.722281 0.265306 0.367410 -0.100411 0.232043 0.388268 -0.011657 0.257529 -0.134809 -0.599202 -0.097379 -0.317737 0.174650 0.049192 0.518997 0.270030 -1.073052 -1.246886 -0.957377 -1.331916 -0.203951 -0.742822 -0.172272 0.551277 0.110465 -0.105135 -1.243929 -0.765093 -0.736078 -0.005760 0.557137 0.559818 0.404662 0.877240 1.509171 1.751849 1.493914 1.498891 1.516507 0.882970 0.933121 1.362702 1.200720 0.881935 -0.274973 -0.887517 -1.042704 -2.815954 -2.490069 -2.165610 -1.899907 -2.125874 -1.034258 -2.145364 -1.554549 -2.812062 -2.419106 -1.715523 -1.088235 -0.293580 -0.739476 -0.202939 -0.234611 -0.491136 0.114896 -0.061571 0.162761 1.118465 1.120977 0.798002 -0.028180 -0.311224 0.105107 0.823751 0.406870 0.196199 -0.088252 0.288312 0.913379 1.317404 0.819859 1.052647 1.453831 0.779841 0.379047 0.352751 -1.652597 -1.743890 -1.785116 -1.315956 -1.181479 -1.982419 -1.328858 -1.933039 -2.344757 -1.409048 -0.337871 -0.027819 -0.059614 
192837465
10
0.570746 0.501484 -0.090858 0.963084 1.150859 0.424166 0.739988 -0.499420 0.187314 0.572861 1.215299 0.395775 1.143390 0.636201 0.032026 -0.591880 -1.035880 -0.058149 -0.265069 0.041780 0.326344 0.119562 -0.374333 0.904144 -0.725471 -0.273124 -1.443243 -0.464430 0.748931 0.571805 0.433719 0.210449 0.835664 0.835563 0.492848 0.572208 -0.155791 -0.110000 0.149533 0.346960 -0.340490 -0.788575 -0.818156 -0.749483 -0.776625 -0.717124 -0.434480 -1.131891 -1.174559 -0.350419 -0.552353 -0.424704 -0.518510 0.898008 1.560018 1.634915 0.860316 1.876450 2.035828 1.570847 1.397552 0.924121 1.245815 0.426427 0.596238 0.161701 0.042759 0.162408 -0.355397 -0.837527 -0.259147 -0.853084 -0.429504 -1.128143 -0.753626 -2.300644 -2.353637 -0.739497 -0.947899 -0.575851 -0.577480 -1.090283 -0.015894 -0.343706 0.128341 1.171762 1.160206 1.623845 1.685416 1.294259 1.373115 1.457609 1.471894 0.888758 0.658443 1.220688 -0.104288 0.983177 1.067868 1.039334 0.976131 1.130998 0.919482 0.506278 0.309251 0.546257 -0.741781 -1.728199 -1.348468 -1.409442 -0.489638 -0.561269 -0.883688 -0.812187 -0.973906 -1.218733 -0.151621 -0.165839 -0.425325 0.122205 
192837465
11
0.781064 0.286657 0.185704 0.496230 0.338627 0.718622 1.562341 0.901547 -0.294457 -0.240626 0.729509 0.124433 0.734190 0.467498 -0.477840 0.587194 0.330370 -0.551745 -0.137738 0.489839 0.261422 0.368159 -0.264229 0.559931 0.089945 -0.253667 -0.033240 -0.512519 0.001321 -0.302537 0.658781 0.801194 0.889955 1.765381 1.615490 0.343278 -0.182571 -0.180177 -0.215546 -0.562006 -0.317779 -1.160442 -0.784136 -0.495681 -1.420865 -1.484679 -0.157710 -0.651783 -1.265556 -1.071282 -1.424053 -1.407929 -0.079947 -0.081183 0.020318 1.396695 1.189360 1.801205 1.925317 0.935128 1.809300 1.595113 1.316818 0.616197 0.978293 0.435659 1.064161 0.614386 0.627635 0.110310 -1.117446 -0.097797 -0.662371 -2.680515 -1.892343 -1.568666 -0.775160 -1.786626 -0.952457 0.090932 0.432318 -0.025830 0.284760 -0.338927 -0.184248 0.512012 0.918187 1.752301 1.796784 1.868298 1.901183 2.022388 1.615626 1.601912 -0.041655 0.425160 0.837671 0.515198 1.544441 1.186369 1.758913 1.386044 0.914011 0.841212 0.840190 0.822189 -0.127861 -0.280582 -0.641283 0.905133 1.236704 0.176770 0.579216 0.341687 0.171083 -0.164892 -0.795277 -0.657199 -0.360372 0.571103 
192837465
12
-0.492487 0.261963 0.182446 0.427963 0.895047 0.780238 1.261001 0.534085 1.315477 0.196039 -0.710902 -1.107993 -0.226695 -1.307093 -1.637288 -1.232903 -1.712649 -1.038393 -0.586322 -0.955640 -0.331979 -0.092065 0.029807 -0.377317 -0.738989 -0.150768 -0.681958 -1.476992 -1.241698 -1.162449 -0.445034 0.052569 1.169497 0.877822 0.681928 0.529020 -0.074587 0.157943 -0.371098 -0.366636 -0.989246 -0.464180 -0.284492 -1.342760 -0.803104 -1.145701 -0.698821 -0.479787 -0.739076 -0.280896 -0.303429 0.188501 0.739275 0.256088 0.684978 1.249558 0.566464 0.976415 0.473794 1.304625 0.364361 0.313273 0.592494 1.040590 1.521546 1.233555 1.879535 1.812836 1.215297 0.499176 0.338819 -0.201996 0.807655 -0.564543 -1.791537 -0.740805 -0.882175 -0.769448 -0.175990 0.565686 0.573756 0.068750 -0.070633 0.846111 -0.420678 -0.014236 0.497832 1.335904 1.679308 2.468152 2.875935 2.736316 1.179209 0.586414 0.919045 0.958315 -0.214862 0.492424 0.629786 1.475596 1.856439 1.122643 0.698639 0.467519 0.402418 0.766259 0.386366 -0.038364 -0.436481 0.286059 0.266881 1.027492 1.558543 1.463179 0.153762 -0.272755 -0.128489 -0.444751 -0.861713 0.955974 
192837465
13
1.387262 1.438693 0.960015 0.735348 1.126342 0.680773 1.279067 2.088438 1.611114 2.127383 0.985704 -0.781523 0.813113 0.145493 0.243246 -0.672198 -1.191143 -2.631856 -0.579447 -0.827248 -0.285636 0.748325 0.241652 -0.402719 -0.989134 -0.578072 -0.637726 -0.862946 -0.114899 0.408557 0.595476 0.030449 1.266273 1.229679 1.844616 0.832592 2.244282 1.861372 1.407003 0.206561 0.720465 -1.958231 -1.056794 -0.940862 -0.192944 -1.258316 -0.275338 -0.856762 0.218517 -0.530650 0.247638 0.657720 1.198794 1.444405 0.955089 0.558057 1.298810 0.914031 1.243158 0.201595 0.332521 0.147088 0.390876 0.442673 0.521011 0.346125 0.463554 0.407645 1.225318 0.821663 0.454706 1.174925 0.781015 0.125430 -0.573433 -0.522628 -1.168434 -1.225453 0.153618 -0.682001 0.901754 1.062080 0.759359 1.286282 1.654629 1.438619 1.387913 1.082373 1.265011 0.858665 0.756790 1.276664 0.870381 -0.422418 1.050965 1.273796 1.125258 1.129100 1.178572 1.239431 1.089580 2.063106 2.562895 1.976368 0.741248 1.146315 0.585438 1.104710 1.291737 1.120016 1.006415 1.674964 1.575843 1.688050 1.817121 1.904479 1.386907 1.593989 1.284929 1.164477 
192837465
14
2.182585 1.960982 2.160706 1.194217 1.410495 0.811618 0.598560 0.822275 1.363752 2.318409 1.340651 0.617255 0.900111 1.048141 0.604810 0.720295 -0.136182 -0.843935 -1.396008 -0.247830 0.415876 0.218882 1.138988 0.645960 0.501082 0.972835 1.465015 1.008204 0.722243 0.641957 0.176673 0.625658 0.070604 0.337142 0.912860 1.172956 0.331243 0.556499 1.815509 0.207609 0.671850 0.705688 -0.126190 -0.878373 -0.517813 0.059516 -0.156123 -1.380721 -1.129857 -1.148649 0.198459 0.543492 0.022389 0.738816 0.819126 0.939683 1.502087 0.457501 1.040147 0.629530 0.431776 0.679347 -0.691706 -0.430771 -1.007618 -0.698912 -0.387606 -0.467821 -0.526255 -0.205835 -0.317602 -0.196645 0.582684 -1.003051 -0.327537 -1.881345 -1.997797 -0.830043 0.286102 -0.161235 0.825333 0.975080 1.141769 1.481981 1.549177 2.060983 2.175079 1.224948 1.436599 0.507873 1.258234 1.280123 1.320582 1.543142 1.864676 1.510747 1.702054 1.412707 1.819584 2.051269 1.902205 1.910974 1.069803 1.379655 0.675337 0.839358 0.895265 0.712688 1.108816 1.549833 2.400570 2.402628 2.416807 2.559265 2.421208 3.315252 2.734834 2.290686 2.210228 1.767873 
192837465
15
0.622238 1.305232 1.195790 1.556918 1.220828 0.588055 1.057010 1.781667 1.635141 1.661676 1.527888 1.580863 0.420116 0.432011 0.837415 -0.471570 -0.492234 0.661808 -0.042902 0.083988 -0.835704 -0.291170 0.290592 0.491124 1.057203 1.178214 1.198814 0.766513 0.490386 -0.365328 -0.420006 -0.207114 -0.402590 -0.956766 -0.984151 -1.825595 -1.232112 0.196464 0.061708 0.894510 0.411962 0.722777 -0.051918 -0.810072 -0.818347 -0.091066 -0.292526 -0.599320 -0.260250 0.129411 0.774347 0.954546 1.155493 1.025039 1.325554 0.621261 0.674932 1.093537 1.201507 -0.275063 -0.977074 -0.161990 -1.089347 -1.086791 -0.795920 -1.559978 -0.523552 -0.661125 -0.195602 -0.846232 -0.378912 -0.057097 0.042790 -0.403445 -0.608934 -1.622223 -1.725272 -1.755407 -0.708436 0.253827 0.104234 1.474040 1.178823 1.830205 1.746585 1.876940 2.044055 0.842277 1.161297 1.032164 1.242814 2.145727 2.027410 1.690703 1.640464 1.968792 2.040822 1.556711 2.021517 2.170789 2.338190 1.893150 1.085917 1.077785 1.183963 1.029018 1.693465 1.971176 1.750468 2.689791 2.303726 2.564835 2.644420 2.252560 2.636797 2.512248 2.353084 2.824238 1.754956 1.457201 
192837465
