1200.000000
160.000000
120
16
1
0.500000
2
2
0
0.474955 0.017201 -1.945468 -1.635397 -1.811498 -0.601546 -0.220403 -0.671879 -0.836562 -1.882801 -0.537144 -0.594567 -1.205870 -0.191390 0.471527 0.071355 -0.618100 -1.802664 -0.458351 -0.669356 -0.565565 -1.486910 -1.352345 -1.889707 -0.366219 -0.445133 -0.451689 -0.028575 0.622194 0.058085 0.909734 1.365160 0.611088 0.403327 1.238180 0.372612 1.500560 1.404996 1.147431 1.266358 1.416708 1.441381 -0.447660 -0.888997 -1.805286 -0.609304 -0.321904 -1.785632 -1.508914 -1.960735 -0.309252 0.387147 0.558399 -0.498526 0.251959 -0.226917 0.183125 -0.121995 -0.167885 0.708800 0.265432 -0.155707 -0.400061 0.162746 0.850014 0.780075 0.591090 1.006635 0.517709 -0.330687 -3.141411 -3.964439 -3.396921 -1.897776 -1.470802 -0.983847 -0.626728 -0.660961 -1.267194 0.283652 -0.188721 -1.427979 -1.972608 -2.340609 -2.444611 -1.263395 -1.124482 -1.221325 -1.090782 -0.110875 0.529159 0.757497 0.386989 0.687995 0.617120 0.607158 0.652351 1.051348 0.885785 -0.145672 0.506793 -0.250868 -0.738759 -1.703608 -1.285475 -3.161262 -2.736907 -2.696519 -2.084220 -3.115087 -6.371847 -4.903206 -5.548018 -4.748742 -4.129745 -2.393825 -2.767518 -2.761006 -3.245061 -1.749122 
192837465
1
1.036659 0.322959 0.608434 0.749187 0.467294 -0.581841 -0.259367 0.014645 0.082603 -0.983247 -0.661032 0.222716 -0.506584 -0.673142 0.089490 -0.688277 -0.534102 -1.764305 -1.649431 -1.012985 0.213955 -1.454685 -2.424932 -1.054755 -0.028643 0.205819 -0.684434 0.120888 -0.434568 0.154104 0.937829 0.430740 0.788710 -0.224268 0.637187 0.306400 0.545587 1.271371 0.934983 0.504109 1.189035 0.060764 0.061342 0.850231 0.203219 0.682615 0.434847 0.785975 -0.910500 -0.009787 1.277931 2.115738 1.692704 1.373521 0.445352 -0.720541 -0.084596 0.152077 -0.992858 -0.183097 0.443222 -0.357020 -0.963781 -2.308645 -1.542612 -0.836169 -1.173451 -0.586889 0.149823 -2.052881 -1.413329 -1.032750 -2.643441 -2.426474 -2.969803 -1.772414 -0.713285 0.036387 0.179122 0.424769 -0.112164 0.665769 -1.112702 -0.982324 -1.081256 -0.662416 -0.354886 -0.194293 -0.235002 -0.160769 0.128521 -0.442433 0.479051 0.829446 1.119467 1.493450 1.614150 0.648544 0.555700 0.459081 0.677726 -0.914236 -1.332122 -1.383384 -2.600172 -2.924974 -1.792664 -1.354877 -1.316237 -0.512313 -2.509340 -1.837590 -1.167619 -1.744064 -1.624235 -1.401873 -0.223673 -0.501953 -0.476199 -0.223701 
192837465
2
-0.066096 0.317191 1.783109 0.960639 0.283907 0.574620 0.635142 0.774107 -0.011317 0.376269 -0.321829 -0.352788 0.889642 -0.951119 -1.513296 -0.791059 -0.621679 -0.499316 -1.161331 -0.494140 -2.210045 -2.324674 -1.931290 -1.949537 -1.130660 -0.833072 0.146969 -0.355294 0.438960 -0.049890 0.696821 0.475524 -0.464152 0.229496 -0.216512 -0.757030 -0.516300 -0.443031 1.327511 0.447928 -1.643646 -1.340635 -1.138989 0.186258 0.805814 1.442516 0.966879 1.445725 0.734853 -0.310970 -0.662409 0.957080 1.545365 1.070741 0.104730 0.231972 -0.676805 -1.323889 -0.049289 -0.140685 -0.327943 -1.508470 -1.933725 -4.380987 -2.997928 -2.425899 -1.738455 -3.398522 -2.358961 -0.762936 0.195199 -0.172625 -0.752206 -2.654626 -2.023083 -2.784390 0.163785 0.422254 1.472449 1.498662 0.816496 -0.750353 -0.303120 0.382769 0.379334 0.277057 -0.126740 0.292647 0.050961 0.930668 0.509261 -0.687828 -0.262078 -0.037077 -0.439981 0.175394 -0.141423 -1.493690 -1.044534 -2.172626 -2.496323 -1.958724 -3.094520 -2.839755 -2.430038 -5.643438 -2.806783 -0.980766 -0.348662 -1.597461 -0.700701 -1.240034 -1.249063 -0.201916 -0.037909 0.432464 1.024327 0.367760 -0.344019 -0.194083 
192837465
3
-1.428915 -1.841185 -0.202308 0.100283 1.287656 0.725980 0.797501 0.368940 0.276607 -0.597247 0.422102 0.759628 0.353483 -0.262365 -0.441346 -1.737349 -1.836113 -1.267776 -0.725673 -1.008914 -1.356247 -1.362026 -1.213303 -1.431030 -2.042316 -1.596367 -1.270461 -1.017657 -0.735460 -0.515462 -0.224714 -0.989449 0.081715 0.584521 -1.174699 -0.341363 -0.671055 0.176817 -0.728653 -0.058245 -0.761442 0.167572 -1.010935 -0.299056 -2.252408 -2.430967 -1.173229 0.086536 1.769358 1.074467 1.181724 1.291239 1.389877 1.434038 0.674722 -0.118683 -0.364838 -0.886934 0.397275 1.475148 0.641718 0.487795 -0.693415 -1.552785 -1.818894 -2.009061 -1.465506 -2.661035 -2.269941 -1.315135 0.130324 -0.498243 -0.082247 -0.558200 -0.717572 0.182362 -0.103562 0.701567 1.007150 1.078959 0.379256 -1.530658 -0.907395 -1.317654 -0.578496 -0.598545 0.286540 0.889735 0.281773 0.454640 -0.893899 -0.640187 -0.147859 0.173381 -0.778365 -1.161773 -0.550481 -0.462556 -0.142252 -2.390025 -2.933184 -1.786856 -1.139669 -0.300780 -0.964839 -1.552663 -1.561074 -0.830522 0.007315 -0.097925 0.127643 1.111112 -0.225572 -1.355262 0.201796 -0.556854 0.082721 -0.246904 -0.571777 -0.885477 
192837465
4
-2.038926 -1.894407 -0.430450 -1.117081 0.118414 -0.298344 0.429248 0.595147 -0.026818 0.757788 0.437021 -0.718499 -0.796222 -0.525605 -0.111230 0.355709 -1.048821 -2.030166 -2.117031 -1.299272 -2.256255 -0.553423 0.292901 0.289364 0.077619 -0.191303 0.132173 0.755505 -0.241984 0.181158 -1.203750 -0.313095 -1.447925 -1.433946 -3.404073 -2.925721 -1.159334 0.074732 -0.024857 0.160683 -0.297648 -0.552437 -1.003515 0.001355 -1.909884 -1.835335 -1.542291 0.260016 0.944443 1.219443 1.536487 1.807653 1.258626 0.588488 1.040532 0.392864 0.126162 -0.036274 1.105321 0.817801 0.982563 -0.516142 0.207898 0.730590 0.266901 -2.062931 -0.739986 -0.746903 -1.047874 0.043208 0.472379 0.867964 0.167228 0.350984 -0.517290 -0.233075 -0.177395 -0.853642 -0.161118 0.248010 -0.032700 0.578327 0.408294 -0.173935 0.604861 0.050027 -0.536531 -0.680052 -0.460822 -1.463817 -1.172873 -0.654376 -0.980913 -0.986558 -2.331404 -2.164338 -2.591057 -1.138386 -1.412650 0.113066 -1.736566 -2.035936 -2.281180 -1.676619 -0.780453 0.049705 -1.246946 0.599764 1.346926 1.057187 1.656615 0.767151 0.681284 0.334730 1.118709 0.686923 1.474085 1.412094 0.351074 -0.427050 
192837465
5
-2.275907 -1.576557 -0.913478 -0.071243 -0.530303 -0.172037 -1.142780 -0.392933 -0.881605 -0.230769 0.025612 -1.583429 0.568672 -0.056899 -1.251977 -0.820209 -2.613738 -3.369941 -3.515161 -3.055693 -0.936430 0.034402 -0.145071 -0.315010 -0.580506 0.539227 0.648062 0.408756 0.062405 -0.034673 -1.938622 -1.326794 -2.692000 -2.656902 -2.226722 -0.408859 -0.669780 -0.615937 -0.180125 -0.726256 -0.618706 -1.740148 -1.222488 -0.787629 -0.590800 -1.632556 -3.193318 -3.150175 -0.456506 0.681548 1.288459 1.036915 0.632269 -0.933464 -0.951009 -0.389357 0.424068 1.398158 0.059818 0.503571 0.659326 0.612504 0.832082 1.213862 0.675948 0.796485 0.640134 -0.649071 -0.918627 -0.132450 0.553708 0.379950 0.794603 1.139095 0.792225 -0.054850 0.390834 0.086661 0.574574 1.305464 1.536008 1.592720 1.061474 0.625790 1.256001 1.153174 0.101067 -0.834318 -1.170757 -0.560836 -0.314626 -1.454862 -1.494788 -1.757617 -2.217684 -1.731440 -1.679572 -0.758969 -0.179341 -0.626219 -0.788207 -2.458180 -2.980249 -1.922909 -1.037731 -0.722873 -0.637881 0.108822 -0.429192 0.432902 1.141122 0.432184 0.819746 0.745999 0.813491 1.255550 1.112493 0.480296 0.928432 0.065213 
192837465
6
-0.871048 -1.042539 -1.364870 -0.350558 -0.151506 -0.450313 -1.616897 -1.490219 -0.861558 -2.059487 -0.442669 -1.003339 -0.741751 -2.408377 -1.413022 -0.578555 -0.857534 -1.002205 -0.019043 -0.519879 0.012540 0.134850 -0.039076 -0.417375 0.070900 0.987674 1.681951 0.795814 -0.996105 -0.520842 -1.239125 -0.364098 -1.558996 -0.922365 -0.819335 -0.350164 0.102891 -0.928078 -0.750733 -0.586446 -2.550471 -2.506295 -2.040657 -1.380708 -1.101318 -1.940185 -2.167218 -1.329580 0.204303 -0.070759 -0.578372 0.702635 0.684719 -0.605512 -0.590394 0.099742 -0.962646 -0.026186 0.149165 0.660197 0.815280 0.994532 0.811711 0.700233 0.599417 0.241978 -0.885549 -0.775930 -0.215876 0.028067 0.770404 0.683872 1.048487 0.963847 1.417262 0.528692 0.458863 1.260527 2.164429 1.065446 1.454235 1.390243 2.511917 2.366189 1.963965 1.985183 1.130094 -0.813120 0.216672 0.647976 -1.017508 -0.735129 -1.541022 -2.512996 -2.352489 -3.558072 -2.669007 -0.239053 -0.003409 0.347862 0.014460 -0.130525 0.893936 -0.604776 -1.739885 -1.112169 -0.686386 -1.440249 -1.085996 -2.039704 -0.881728 0.352046 0.177441 0.101473 0.654808 0.703402 1.731565 1.101115 0.961584 0.581564 
192837465
7
-0.368537 -1.030364 -1.496494 -1.467084 -1.873840 -2.345200 -1.173242 -2.170391 -1.422686 -0.905745 -1.020563 -1.392200 -1.302572 -1.666448 -0.578983 0.450028 0.499610 0.950630 -0.148788 0.273161 0.070780 0.277841 0.493657 0.683160 0.703406 1.130193 1.860520 2.259956 1.317114 0.190204 -0.590625 0.286252 -0.965864 -1.068805 -0.813055 -0.956962 -0.599937 -1.160569 -0.853716 -1.404073 -2.033639 -1.675606 -0.442380 0.168589 0.155605 -2.170946 -0.585057 -1.080064 -0.484039 0.080703 -0.175262 -0.172921 -0.257311 0.698352 0.197419 -0.075503 -0.738441 0.216290 0.168037 -0.027725 0.181827 -0.406112 1.030016 1.077047 1.107872 0.218190 -0.072823 0.096151 0.525096 -0.200746 -0.195076 0.421932 0.457170 1.343151 0.679381 1.797993 1.938899 0.944165 0.663383 0.520094 0.581811 1.732631 1.565069 1.709905 0.579724 0.705391 0.679615 1.181559 1.329795 0.277166 1.074899 1.208067 -0.202920 -0.385731 -0.141814 -0.430890 1.073543 1.011536 -0.240389 -0.019084 0.564389 0.804303 0.592521 0.285995 0.674223 -0.239436 -1.485941 -1.990311 -0.746968 -1.037797 -2.365451 -0.644935 -0.374386 0.219813 1.236372 1.738390 0.469920 1.397347 1.537588 0.684098 
192837465
8
-1.138718 -0.373334 -3.087944 -3.583258 -2.385078 -2.964905 -4.307111 -2.769819 -4.061263 -1.540274 -3.981436 -1.918310 -3.126520 -0.189743 0.079719 0.066809 0.129526 0.526720 -0.000245 0.317936 0.851595 1.128684 1.087747 1.081508 2.342558 2.622254 2.498345 2.249137 1.875694 0.462400 0.279286 -0.101276 -0.521624 -0.758728 -0.229364 -0.214398 -1.484792 -1.603456 -1.909394 -1.929139 -2.375289 -1.699974 0.226463 -0.013149 0.261435 -0.481568 -0.786754 0.010522 -0.098582 -1.026986 -0.105178 -1.051730 -0.628292 -0.696503 -0.740052 -0.656158 1.330928 0.532757 0.399581 0.873211 0.227364 -0.004462 1.209021 0.949546 0.798859 0.894874 0.949024 1.230793 1.700393 1.877425 0.933399 0.474068 0.739315 0.579412 0.519038 1.335612 -0.115128 0.156593 -0.105153 1.157932 0.590475 0.544770 1.360053 1.999666 1.230058 1.487244 0.716535 0.408233 0.507994 0.101505 0.323278 0.642034 1.303292 1.290665 1.543402 1.960173 2.113352 2.001402 0.993171 0.553323 0.680138 1.424537 0.853582 -0.261865 0.002313 -0.951803 -0.951331 -0.744352 -1.048565 -2.114245 -1.661368 -0.491767 -0.208517 -1.231852 -1.543132 -0.161543 0.669518 1.322602 1.064400 -0.291621 
192837465
9
-0.709150 -2.534379 -2.207627 -4.178268 -2.875971 -2.063620 -2.240902 -3.950671 -2.484425 -4.005808 -3.634608 -4.319075 -3.912462 -3.270764 -2.290277 -0.598540 -0.816429 -1.548389 -0.516090 0.202185 0.743728 0.408537 0.966447 1.128943 1.110153 1.349454 2.239150 2.135049 2.474286 1.133796 0.602813 -0.095843 -0.558735 -0.012653 -0.312019 -0.077031 0.418703 -0.255344 -1.569748 -1.661774 -1.391562 -0.607300 0.219942 -0.009854 1.188576 1.718819 1.622264 1.100076 0.414912 0.140565 -0.182653 -0.158315 -0.097644 0.674959 -0.101573 0.333464 1.241118 1.000105 1.519005 -0.056958 0.011967 0.500282 0.662612 1.825379 1.711574 2.332453 1.919976 2.276699 1.798974 0.301666 1.023930 0.161567 -0.687416 0.069231 0.323580 0.832842 0.857838 1.035677 0.992373 -0.426340 0.230545 0.019128 0.371540 1.663473 2.183795 1.769792 1.078263 0.630609 0.856382 1.385990 -0.095095 0.074056 0.784103 1.478956 1.946675 1.782587 1.954029 2.258057 2.058876 1.002370 0.481563 0.441939 0.723653 0.648926 0.400109 0.375689 0.289713 0.114839 0.123389 -0.568168 -0.267052 -0.835076 -1.162284 -0.364752 0.233196 -0.432933 0.166246 0.068017 0.411603 1.622750 
192837465
10
-0.907147 -1.739847 -3.300928 -2.944060 -4.057896 -3.186532 -4.147424 -3.558287 -2.597016 -2.609063 -3.582767 -5.084603 -3.644809 -2.237533 -2.542302 -1.968914 -1.828935 -1.143120 -0.547171 -0.502174 -0.506559 1.745390 1.531077 1.260006 0.749341 0.918935 1.238148 1.157051 1.308380 1.578378 0.802825 0.059614 0.536375 -0.322941 -1.044203 -0.290174 -0.468932 -0.398416 0.039165 0.524835 -0.679478 -0.128185 0.932931 1.483497 1.509660 0.875285 0.334435 0.614275 0.936285 0.765347 0.151325 0.891804 0.460690 0.091305 -0.527665 -0.588342 0.103097 1.167045 1.963282 0.697193 0.752766 0.893308 0.679933 0.857539 1.180573 0.613750 1.248767 1.397220 1.400679 0.345925 0.446509 0.157508 0.414652 0.866585 0.573781 0.831954 0.504271 1.556386 0.774558 0.798389 0.884363 1.057512 1.303232 1.031237 1.325849 1.778723 0.908331 1.329760 1.606763 2.034825 1.219409 1.005756 0.903111 -0.033026 -1.081956 -0.947524 -0.725333 0.028867 -0.460943 -0.212127 -0.115072 0.292398 1.117757 1.057893 0.716631 0.614321 0.176419 -0.398536 0.963044 -0.702121 -0.429513 -0.550931 -0.673787 0.030576 0.737409 0.906098 0.410366 -0.225806 0.173519 1.125970 
192837465
11
-2.434392 -2.535073 -3.439275 -3.254015 -2.906150 -3.584569 -5.636306 -3.873633 -4.322119 -4.078650 -2.593727 -4.451116 -4.958803 -2.850035 -1.903063 -3.054704 -1.479372 -0.516374 0.962199 0.509622 -0.135175 -0.692894 0.243123 -0.008778 0.631900 0.570723 -1.138907 0.125287 0.801955 0.921600 0.551120 0.540319 0.905133 1.184537 -0.037417 -0.026762 0.577353 0.803537 -0.377756 0.102337 0.758009 0.617592 -0.075844 0.553437 -0.462570 0.249759 0.283978 1.144911 1.481062 1.141003 0.542738 -1.078701 -1.175128 -0.493587 0.109461 0.253866 -0.714781 -0.365061 0.243604 -0.195977 0.097338 0.275975 -0.295133 -0.053973 -0.184130 -0.477447 0.380585 0.484812 0.083623 0.300365 0.839791 1.134328 0.998329 1.340274 0.885957 1.062610 1.622165 1.487171 1.016340 1.417008 1.588637 2.526862 2.191513 1.658477 0.862582 0.827879 1.673576 2.089815 1.998312 1.176718 1.520224 0.726756 -0.703285 -1.904413 -2.345153 -1.721558 -1.821985 -1.390723 -0.836898 -0.758988 -0.936773 -0.492191 0.007160 1.030053 0.552240 -0.128174 -0.018741 0.092705 0.309348 -0.152588 -0.573276 -0.102542 -0.244677 -0.486455 0.040863 0.058286 -1.359822 -0.376279 0.849017 0.902550 
192837465
12
-2.384875 -1.318117 -1.432544 -2.808222 -2.937080 -3.577765 -3.809376 -4.420365 -4.777455 -3.519074 -0.583076 -0.706823 -2.362261 -2.543056 -2.726622 -2.050498 -1.001894 -0.786988 0.350067 -0.450887 -0.714367 0.056582 -1.054094 -0.373051 -0.188006 -0.822378 -0.097044 -0.042935 -0.112439 1.023680 1.405461 0.945157 1.408510 0.872103 1.035328 0.120395 1.522392 0.653277 -1.154878 -0.596761 -0.103431 -0.012841 0.262338 0.452171 -0.669906 -0.186564 -0.497664 -0.111849 0.247771 0.210715 0.975518 0.093008 -0.236653 -1.256948 -1.384111 -0.774632 0.220013 -0.355927 0.200148 0.516448 0.513656 1.249010 1.634402 2.143444 1.109007 0.394402 0.367573 -0.465091 0.965936 1.389379 1.229421 1.811760 0.946944 0.798032 1.665156 1.467178 0.152445 -1.255483 0.347438 0.965520 1.401876 1.910304 2.255031 2.515367 1.663302 0.781616 1.499616 1.234652 0.806870 0.103435 0.204698 -0.222143 -0.249859 0.501878 -0.410414 -1.438857 0.099226 -0.275862 0.394873 0.319164 -0.225508 -0.293197 -0.247469 0.309322 -0.145105 0.448009 1.098409 -0.383709 0.176829 0.118510 -0.014405 0.114134 -1.387359 -0.098479 0.579618 -0.389114 -1.293296 -1.036804 -0.297226 0.345802 
192837465
13
-1.254268 -1.433246 -2.806194 -4.860888 -5.498895 -3.426478 -11.267478 -7.012226 -3.713203 -1.319737 -0.346815 -0.263178 0.230571 -0.529757 -0.940540 -1.245335 -2.703523 -2.365812 -0.480018 0.405392 -0.603586 -0.884824 -2.020166 -1.423183 -1.755745 -1.247470 0.471298 1.699178 1.421315 1.505329 1.654960 1.260268 1.571689 1.636155 1.943612 1.764424 1.425216 0.868054 -0.594085 0.102291 0.341011 0.908990 1.394229 0.594970 -0.071514 -0.293693 -0.157966 -0.864172 0.579650 0.820821 0.640903 -0.589091 -1.705058 -1.397449 -0.556073 -0.818460 -0.612916 -0.925241 0.295743 0.416933 -0.453440 0.414787 1.279128 1.511663 0.398086 1.750826 0.244929 1.253909 1.026372 1.299443 1.865781 2.036085 1.658615 1.345135 1.334896 1.116103 0.795579 0.743768 1.123079 2.627832 1.512533 0.825159 1.675767 1.187574 0.861363 1.040705 1.139438 1.591304 1.340559 -0.416116 -0.145007 0.194663 0.841136 0.566447 0.561290 -0.552920 0.865554 -0.346820 0.206080 1.192000 0.852926 1.145673 0.650772 0.462985 0.798580 1.459503 1.447399 -0.338352 -1.039120 0.047532 0.755701 0.806686 0.963556 1.165339 1.083972 0.237160 0.132666 0.074907 0.700788 0.964536 
192837465
14
-0.212551 -0.620234 -1.971622 -3.447895 -3.036601 -3.738187 -4.247832 -5.096470 -5.604922 -4.180957 -1.704984 -0.264922 -1.176372 -0.331590 -0.624372 -1.441536 -2.363048 -3.973202 -2.593723 -1.282513 -2.351280 -3.407506 -2.535971 -3.980982 -3.473376 -2.505938 -0.641183 0.671295 0.925570 0.665503 2.411096 1.965308 2.709566 3.004738 2.664176 2.698509 3.045305 2.110138 1.645521 0.651688 0.976125 0.649263 0.441489 -0.431235 -0.524206 -0.313012 -1.644123 -1.389346 -0.679098 0.605776 0.644751 0.995571 -0.295858 0.455747 0.522204 0.125883 0.192719 -0.813268 -0.765612 0.366152 -0.677401 0.048154 0.439325 1.543649 0.607714 1.303504 1.151886 0.867924 1.731720 1.323180 1.488276 1.478242 2.105968 1.202836 1.227951 1.447151 1.358383 2.017475 1.672340 1.907866 2.047583 1.700665 2.245511 1.401879 0.821508 1.033349 1.011326 0.918494 1.883369 2.029051 1.802715 1.816943 1.156452 1.319903 -0.254798 0.333987 1.076520 0.670666 1.033618 0.431357 -0.188785 -0.170791 0.560570 -0.261697 0.235830 0.799350 -0.420425 -1.006275 -0.727699 -0.930984 -0.068583 0.388974 0.756387 0.697148 0.677871 -0.011390 0.535288 0.145333 -0.168363 -0.178793 
192837465
15
0.554739 -1.175340 -1.665630 -2.386907 -3.477867 -5.999991 -7.712882 -5.621410 -4.464948 -3.616515 -4.235110 -3.267967 -1.747313 -2.998118 -2.330291 -3.541786 -2.443948 -1.671528 -1.919518 -1.907517 -2.217511 -6.067388 -3.041955 -3.168736 -1.828245 -1.119352 0.408525 0.947485 0.988058 0.805491 1.969649 1.841018 2.440941 2.090302 2.055689 2.456353 1.903484 1.977938 1.882022 1.267559 0.529396 0.463180 0.116790 0.454086 -0.777677 -0.190807 -0.551031 0.664597 1.188233 0.777315 1.100093 0.442178 0.261766 0.319080 0.715045 0.391064 -0.019987 0.777640 1.237452 0.930185 -0.168647 0.676679 0.482965 0.898371 -0.135961 -0.161078 -0.845929 -0.269714 0.897115 1.090889 1.725557 1.705112 2.409970 1.785437 1.904457 2.227674 1.111538 1.833068 0.981030 1.128735 0.659059 0.800520 1.259727 0.939711 -0.219142 0.187277 0.662010 1.581135 0.823248 1.882758 1.832103 1.397334 1.040667 0.184865 -0.038602 1.558726 1.245027 0.234821 0.793359 -0.257269 -0.139760 1.022051 -0.234225 0.727626 -0.056557 -0.195954 -0.692186 -0.778577 -1.342444 -0.578693 0.315331 -0.263259 -0.111243 0.644699 0.374239 0.013901 0.517211 -0.062164 -0.950122 -1.109384 
192837465
