1200.000000
160.000000
120
16
1
0.500000
2
2
0
-0.332192 0.279164 1.121080 0.578710 1.419550 1.608351 1.609862 1.848570 1.511448 0.465385 1.340301 0.387582 -0.055034 -0.711974 -0.024714 -0.943659 -0.484794 -1.602180 -1.405159 -0.874028 -0.541245 -1.618929 -0.581125 -0.090684 1.308413 1.122113 1.321318 0.727126 0.345042 0.279879 0.255543 -0.202050 -0.302079 -0.597412 -0.717951 -0.883404 0.817274 1.395489 1.547497 1.811506 0.589915 0.159442 0.109158 0.466216 1.995315 1.145782 0.887207 1.304070 1.072019 0.614177 0.126262 -2.164669 -2.879196 -2.921837 -3.110587 -1.615343 -2.372593 -2.231958 -2.269725 -1.224961 0.147901 0.285476 -0.806477 -0.148889 0.244831 0.201957 0.657253 1.134428 1.138582 0.865685 0.902581 0.449635 0.359291 -0.627590 0.039598 0.437239 0.230061 -0.515984 -1.042388 0.014419 -0.304308 0.701820 1.529363 1.706731 2.271797 1.456232 1.423876 1.058996 1.054764 0.028332 0.891366 0.694206 0.912375 -0.443340 0.734568 0.872081 0.619568 -1.672895 -5.350663 -4.056188 -2.082899 -1.606419 0.018886 -0.468467 -0.484838 -1.251946 -2.015209 -2.642845 -3.903737 -5.242934 -3.070637 -2.289445 -0.590434 -0.702849 0.414207 0.881262 1.893815 0.782134 1.200909 1.172615 
192837465
1
1.259343 2.005966 1.748162 1.462099 1.766500 1.525643 1.044644 1.338589 0.341064 0.574557 0.449364 0.619354 -0.518328 -0.972357 0.189102 -1.199977 -0.382704 -0.886776 -0.953908 -0.884048 -0.215889 -0.230819 0.804264 0.389600 1.037707 -0.226696 -0.524172 -0.403266 1.781784 1.530882 0.350873 0.665767 1.181065 -0.820157 0.037911 -0.910430 1.072111 0.668103 0.503749 0.770917 -1.171135 0.346722 0.496564 0.408836 1.109990 0.600160 0.616545 0.901497 1.498947 1.062381 0.121826 -1.588887 -2.989813 -2.859324 -3.318573 -2.129033 -2.518848 -1.887448 -1.296374 -1.396778 0.224364 0.956010 0.695998 0.168215 -0.404490 -0.388878 -0.301520 -0.098876 -0.307846 -0.611283 0.839681 0.077584 0.956692 0.422509 0.618507 0.359870 -0.617001 -1.088868 0.371235 0.335723 0.688400 1.034909 0.544091 0.289432 0.732858 -0.483812 0.007303 0.482634 -0.279796 -0.693072 -0.545556 -0.418704 -0.402673 -1.574650 -1.272004 -1.063399 -1.356833 -0.096804 -2.536970 -2.470859 -0.676275 0.268542 -0.392532 -0.961903 -1.350121 -2.471898 -3.257765 -2.766592 -3.090196 -4.378673 -2.555072 -1.407509 -1.094266 -0.208087 -0.447887 1.058804 0.886956 0.873870 0.819343 -0.630306 
192837465
2
1.948769 1.164994 1.492936 2.045013 1.773966 1.030526 1.267966 0.282505 0.751532 0.974045 0.210514 -1.005213 -1.724371 -1.104468 -0.801224 -1.418302 -0.860837 -0.218068 -0.422369 -1.069762 -0.551239 -0.232069 -0.100831 -0.202928 0.457389 -0.286155 0.644286 0.509400 0.293454 1.599615 0.154622 0.638988 1.371618 1.340216 1.127207 1.403950 1.405272 1.275107 0.746341 -0.673651 -1.503007 0.485582 -0.060855 0.291125 1.009769 0.846259 -0.952905 -0.500106 -0.575319 -1.294725 -0.330210 -0.243657 -0.178953 -0.469912 0.640992 -2.185124 -1.087208 -0.523603 -1.573512 -1.015143 0.668804 0.312957 0.712225 0.850607 0.134003 -2.234215 -2.346365 -1.409856 -1.363495 -0.854791 -0.027075 0.330005 0.090347 -0.012664 0.064552 0.121449 0.404681 -0.134276 0.207624 1.079302 0.976577 0.368903 1.238878 0.605098 0.710228 0.526657 -0.161746 -0.209538 -0.117948 -0.524963 1.065160 -0.708118 0.331217 -0.815121 -0.273828 -1.523637 -1.229749 -1.399963 -1.493296 -0.570594 -0.583524 -1.483079 -1.660493 -1.651175 -1.492539 -3.386368 -0.922805 -0.337834 -2.060863 -2.015519 -1.217437 0.466014 0.594946 0.555336 1.697844 1.748640 0.792586 0.913035 0.269519 -0.522959 
192837465
3
0.626900 1.039651 1.283698 1.526628 1.740611 0.863936 0.398538 0.775950 2.056720 1.248375 1.056450 0.010653 -0.195333 0.181858 -0.452055 -0.625868 -1.043877 -0.502871 -0.368539 -0.240263 -0.233797 -0.885185 -0.808239 0.114730 -0.096444 0.720349 0.503175 0.674172 -0.032484 0.514304 -0.101616 0.248887 0.650648 0.615347 1.439155 1.280251 1.583580 0.593342 -0.215367 -0.024305 -1.352497 0.761875 -0.288518 0.369196 -0.902026 -0.465111 -0.842543 -0.414941 0.237769 -0.614677 -0.006044 0.074471 -0.363129 -0.260484 0.350621 -0.088288 0.875024 0.506979 -0.399188 -0.622505 0.381386 -0.147839 -0.087281 0.022697 -1.032459 -0.991173 -0.532649 -1.059888 -2.580175 -2.425573 -2.976329 -1.962335 -2.324359 -2.828872 -1.111168 0.744246 -0.111871 0.279930 0.856459 1.593789 1.277551 1.015220 0.312828 -0.880937 -0.161182 0.927165 1.434986 0.824607 1.570285 0.870544 -0.264823 -0.175313 0.611346 -0.076432 0.491406 0.699706 -0.564725 -1.296386 -0.361792 -0.281728 -0.975927 -1.235716 -0.969741 -0.871655 -0.935178 1.066367 1.111453 0.686426 0.143350 0.605412 0.553187 0.844769 0.642196 0.156682 0.862634 1.529141 1.364432 1.667121 0.413895 0.192224 
192837465
4
0.518065 0.212381 0.668819 0.149443 1.239890 1.469079 1.565395 1.788960 2.222723 1.358805 1.545682 1.837520 1.944821 1.547168 -0.097444 0.129146 0.346007 -0.296251 -0.382414 -1.498809 -1.466557 -2.036310 -1.018136 -0.636411 -0.500648 0.082047 -0.103664 0.451916 0.750934 0.531084 1.146530 0.161366 0.604299 -0.453339 0.038244 -0.721691 -0.963175 0.078536 -0.167051 0.423205 0.530674 0.103950 0.686848 1.199072 0.580422 0.417694 0.010413 -0.784112 0.503465 0.275169 -0.448985 -0.394024 -1.165571 -0.601963 -0.240475 -2.184839 -2.690425 -1.559718 -1.458169 -1.320353 -1.720929 -1.047820 -1.119857 -1.361609 -1.369056 -0.935395 -2.212273 -1.892941 -2.210362 -2.817195 -3.625579 -5.542672 -3.010653 -0.579225 -0.497271 -0.153587 -1.077247 -1.066304 0.049073 0.949050 0.218920 0.149274 -0.309017 0.053947 -0.768649 -0.474705 -1.188904 -0.905398 -1.371455 -0.281535 1.133707 -0.613489 -1.510227 -1.234421 -0.246571 -0.301731 -0.079502 0.399819 0.545137 -0.308993 -0.363181 0.485284 0.103971 -0.084686 0.941333 1.297766 1.261155 1.100909 0.834768 0.336558 0.757944 0.474369 0.360139 0.777841 0.758950 0.544591 0.403643 0.231283 0.694527 2.389024 
192837465
5
1.619450 0.194419 0.399031 0.892922 -0.305183 0.849469 1.598941 1.222019 1.653061 1.684279 1.378131 1.945985 1.669667 0.170417 0.435476 -0.075429 -0.270633 -0.534706 -0.648165 -0.773361 0.196385 -1.310370 -1.079240 -1.506233 -1.402004 -2.733659 -0.822721 0.584243 0.503393 0.357150 0.204106 -0.144599 -1.184939 0.372793 0.285899 -0.195676 -1.348820 -1.719575 -0.847110 0.304627 0.854629 0.752133 0.350192 0.079182 -0.206587 0.253295 -0.083623 -0.656980 -0.786679 -0.139218 -0.149302 -0.941027 -1.093281 -1.220794 -1.951646 -0.594613 -2.493590 -3.981802 -2.513343 -1.662829 -1.764111 -1.865102 -1.159254 -0.678930 -0.203899 -1.171911 -1.149430 -1.955369 -1.616016 -1.506522 -1.973356 -7.519821 -3.522651 -2.966482 -2.800267 -2.127709 -0.713943 0.054703 -0.090371 -0.587908 -1.541488 -1.148409 -0.339335 -0.463544 -0.931420 -2.195620 -3.328739 -3.456562 -3.322698 0.093458 -1.177323 -2.111386 -3.078712 -1.642037 -0.626556 -1.222142 -0.271323 -0.001875 0.251762 0.615172 1.746481 0.489729 1.312766 -0.685961 1.261607 1.174800 1.927408 1.312173 1.419024 1.567415 2.354546 2.522571 1.970805 1.118301 1.097692 0.859026 1.187932 0.482440 1.803646 1.913126 
192837465
6
0.737071 0.452450 1.133046 1.256978 0.991359 1.630315 0.493863 0.924951 1.170918 2.051771 2.199344 1.377842 0.351404 0.419755 0.424182 -0.916364 -0.367325 -0.354377 -0.227451 0.003813 -0.536135 -0.837468 0.008641 -0.473189 -0.826287 -0.531875 -0.201303 0.109045 -0.010246 -1.061380 -0.978083 -0.639498 0.418372 0.327876 -0.873647 -0.734786 0.336311 -1.461102 -0.637397 -0.022676 -0.465414 -0.188035 0.505125 -0.710116 -1.868493 -2.976708 -2.338263 -3.154483 -2.289988 -3.460585 -1.909647 -1.885001 -0.573199 -1.735807 -1.638730 -0.846276 0.063955 -0.608317 -1.422931 -0.922274 -0.196813 -0.588797 0.266482 1.843621 2.168148 0.676918 0.015382 -1.698804 -2.220356 -3.405317 -2.018733 -2.638907 -1.884956 -2.669463 -4.461621 -3.226425 -2.439375 -1.480271 -1.002632 0.682169 0.392526 0.406742 -0.339903 -0.291884 0.069951 -1.173261 -1.988479 -1.197498 -1.802441 -3.057811 -0.827393 -0.862554 -1.837399 -2.852842 -1.297465 -1.272003 -0.865853 0.425384 0.045384 0.393415 0.359207 1.208318 0.404874 1.038530 0.850056 0.610920 1.196883 1.371665 0.925728 1.835605 0.951907 0.929621 0.972036 1.115237 1.691712 2.110950 1.890525 1.824547 2.098630 1.436204 
192837465
7
2.596152 2.551923 2.446801 2.234567 1.461624 1.074290 0.773898 0.932075 0.741150 1.149919 0.960617 0.731203 0.449345 -0.152776 0.142234 -0.170715 1.078278 0.001115 -0.656561 -1.229411 -1.139666 -0.077179 -0.234475 0.200844 -0.743702 -0.574804 0.335463 -0.257953 -0.994950 -0.883239 -2.119411 -1.213197 -1.638937 -0.960998 -1.009024 -1.802574 -2.133293 -1.655543 -1.803421 -1.237749 -2.011725 -2.417670 -2.129553 -1.866818 -1.299359 -0.814350 -1.662714 -2.197560 -2.410522 -3.060924 -3.662515 -3.071846 -0.923860 0.115760 0.856500 -0.441995 -0.664097 -0.768971 -0.074640 0.543693 0.910833 0.934743 1.393789 2.447112 1.837611 1.128680 0.528176 -1.063949 -1.506485 -0.319579 -2.677954 -2.508825 -2.521196 -4.399536 -4.180919 -4.067358 -1.436093 -3.434489 -2.687411 -0.842796 -1.651681 -1.748103 -1.560571 -2.401813 -2.274488 -0.730877 -0.278505 -0.957352 -0.818975 -0.469626 -1.103176 -0.816827 -0.433019 0.742413 0.593302 -0.516764 -0.676818 -1.292344 -0.625882 -0.040697 0.242143 1.110608 1.278606 0.281659 0.233542 -0.105211 0.097507 -0.487316 -1.133813 0.428275 0.997518 0.931703 1.994117 1.791958 1.668947 1.977236 1.560029 0.401107 0.176484 0.992935 
192837465
8
1.776424 2.423506 2.567254 2.237657 1.033521 0.003568 0.561408 1.381541 0.954655 0.938804 0.782884 -0.037799 -0.417922 -0.968064 -1.693541 -0.570644 -0.599067 -0.049589 -0.450693 -0.100836 -0.409993 -0.615611 -1.234918 -0.505635 -0.040964 0.177102 0.872768 -0.437276 -1.461579 -0.687752 0.091654 -0.205451 -0.579128 -1.408451 -1.489708 -1.977533 -2.363879 -2.570493 -2.558243 -2.393408 -2.188035 -1.856408 -3.592253 -1.816762 -1.950529 -2.102766 -1.503165 -1.905021 -1.537752 -1.362204 -0.788579 -0.280410 -0.976068 0.243016 -0.054302 0.459290 -0.195956 -0.508285 0.218606 1.524942 1.113310 0.584348 1.365531 1.833245 1.621572 1.229603 1.407060 -0.730854 0.362474 0.395220 -0.914526 -2.554336 -4.247632 -4.016165 -9.124687 -3.186367 -1.152976 -2.559261 -3.202881 -2.851620 -1.533756 -1.748468 -1.663535 -1.319355 -1.411746 -2.068990 -1.367373 0.661436 0.172679 0.248275 1.290013 1.077560 1.366694 0.400248 0.461490 0.541562 1.119748 0.444228 1.266204 1.371308 0.474761 1.000121 0.849836 1.040534 1.729492 0.851779 -0.279434 -0.986011 -1.085051 -1.329828 -0.762824 0.193824 0.926066 1.807479 2.033241 1.700625 2.077750 0.887974 -0.098276 0.021012 
192837465
9
1.810564 2.117269 2.110217 2.116550 0.939692 1.181603 -0.612759 0.507232 -0.004191 0.088023 -0.587727 -0.648597 -0.226298 -0.675921 -0.923342 0.110053 0.728817 0.432977 0.395690 1.135507 1.375973 0.250297 -0.674755 -0.769524 -0.614249 -0.340250 -0.611968 -1.353549 -1.246592 -0.940255 -1.903053 -1.525822 -0.326283 0.266824 -0.243086 -0.826732 -1.098488 -0.768667 -2.309561 -1.707231 -0.954681 -0.768164 -1.789682 -1.961693 -1.775839 -0.901674 -0.640709 -0.812025 -1.506619 0.424262 0.883909 0.625746 0.530756 0.418645 -1.144897 -0.486261 -0.694003 -0.262490 0.325829 0.297957 0.115727 0.037666 0.331965 -1.126811 -0.203435 0.547655 0.121849 0.302093 -0.413224 -0.709431 -2.270893 -2.907834 -6.240093 -2.420607 -1.044750 -2.710783 -1.673637 -0.609850 -0.378173 0.141223 0.513254 -0.093870 -0.794285 -1.133973 -1.804253 -0.786303 -0.542787 0.151571 -0.175810 -0.324957 -0.089364 0.685800 0.756866 1.145206 1.280813 2.140104 2.285460 1.666869 0.852535 1.005980 -0.138061 0.182974 1.088219 0.732257 0.755940 1.058930 -0.388978 -1.204516 -1.189371 -1.202353 -0.061236 0.978965 0.752683 1.213809 1.476411 1.581656 0.424245 -0.366005 0.178652 -0.057950 
192837465
10
1.703847 1.200112 1.820111 2.818356 2.398797 1.389293 0.886422 -0.157782 -0.385252 0.116071 0.855619 0.767591 0.878234 1.291994 1.153348 0.341220 0.814711 0.727015 0.562380 0.609963 0.715738 0.154281 -0.989778 -1.935253 -2.655141 -0.939161 -0.247107 -0.094013 0.212092 -1.116710 -0.789119 -0.810521 -0.681870 -1.081881 -1.361425 -0.585683 -1.767718 -2.167169 -1.793274 -1.008565 -0.336331 -1.351119 -1.400094 -1.860313 -1.147640 -1.329867 -0.929364 0.158606 0.260146 0.993714 1.204957 -0.382828 0.340390 -0.051353 -1.215321 -0.190458 0.139515 0.022470 0.774899 0.997188 0.613405 0.402788 0.727383 -0.439703 -1.361091 -2.436155 -1.192477 -0.872417 -1.103536 -0.455866 -1.020306 -0.101534 -0.632779 -0.252318 -0.114651 -0.157784 -1.000164 0.054212 -0.180141 -0.778009 0.025349 -0.736916 -0.075660 0.547013 0.690984 0.536058 -0.225200 0.154246 0.103279 0.800039 0.361096 0.980348 0.705262 1.617012 1.620736 2.335234 2.015573 2.585380 1.182067 1.618272 1.026047 1.002758 0.756529 0.358888 -0.224994 0.319189 0.239056 -0.107666 -0.197933 -0.371465 0.561833 1.007928 1.047472 1.794598 1.863143 1.302576 0.496356 -0.045164 -1.556405 -0.951263 
192837465
11
0.632435 0.666391 1.248625 2.128277 2.010955 0.953338 0.823919 1.061356 0.667730 1.332934 0.729958 1.450693 0.657092 0.384923 0.545788 0.009047 -0.400439 0.230968 0.099736 -0.076068 -0.351493 0.525465 -1.261469 -1.192872 -1.125160 -0.692445 -0.376291 -1.106540 -0.504081 -0.103751 -0.126124 -0.964786 -1.679610 -3.158892 -2.460894 -0.216493 -0.836116 -1.383689 -1.760576 -1.556611 -1.756287 -1.058347 -1.745512 -0.711377 -1.042066 -1.411603 -2.487031 -1.449763 -1.489046 -0.227425 0.168695 1.165848 0.837011 0.853833 1.021875 1.734547 1.255742 0.699464 -0.428460 -0.169830 -0.304113 -1.181920 -0.567840 -1.527883 -1.399513 -1.438469 -0.027573 -0.557883 -1.242387 -1.428205 -1.597266 -1.174149 -0.189092 0.501393 0.375120 0.685591 -0.192061 0.260612 0.316662 -0.497509 0.462129 0.731377 0.956716 1.319636 0.683324 1.544597 1.833975 1.358222 0.947667 0.958712 2.599656 2.263717 2.160696 2.205455 1.973871 2.168505 2.538660 2.181433 3.146420 1.817166 1.610791 1.705715 1.837421 1.466238 1.386454 1.092652 0.954215 0.692748 1.409362 0.963099 0.596570 0.249352 1.555357 1.925436 0.470719 0.195051 -0.881490 -0.874200 -1.557039 -3.309242 
192837465
12
-0.666923 0.205371 0.449609 0.601459 1.962603 1.648017 1.227912 0.609109 0.714738 1.145664 1.272783 0.740366 1.753795 1.272174 0.664059 0.285420 0.847062 -0.069901 -1.385159 -0.522694 -0.573491 0.232182 -0.785017 -2.014780 -0.725029 -0.737786 -0.872525 -1.168496 -2.357516 -1.336484 -2.282733 -1.569882 -2.929534 -3.108454 -1.854008 -1.238205 0.336718 -0.641100 -1.339691 -1.471391 -1.077432 0.057811 0.215542 -0.021122 0.094833 -0.756183 -1.737870 -1.878576 -1.039330 -0.371384 -0.098444 0.562322 1.352046 0.779172 1.561106 1.601667 0.733675 0.931807 -0.161606 -0.208268 -1.227636 -1.799380 -2.063624 -0.989948 -1.445668 -1.399063 -1.968556 -2.076380 -1.775842 -0.182014 -0.464365 -0.659660 -0.068332 0.567268 1.527802 1.233201 0.436580 0.659241 0.759950 0.797309 0.149118 0.497096 1.047824 1.580500 0.714999 0.037651 0.779309 1.220821 1.507152 2.048392 1.936498 1.972705 2.001077 1.706079 1.644420 1.946452 1.951826 2.393928 1.826048 1.361101 1.800020 2.134085 1.492142 1.093277 1.557366 0.807533 0.240855 0.641929 0.932509 1.126406 1.656524 1.744935 1.449748 1.571734 1.040134 0.007944 -1.112701 -2.135278 -1.458840 -1.489470 
192837465
13
-1.619553 -0.450999 0.587708 1.221527 0.590536 0.890964 0.012343 -0.097021 0.135709 -0.164287 0.614618 0.770913 -0.337408 -0.617787 -2.196887 -0.071690 0.193183 -0.314464 -0.788506 -1.577987 -0.936938 -0.013821 0.234162 -0.849327 -1.889337 -2.698435 -1.065085 -0.849000 -1.118895 -1.773139 -1.769633 -2.608870 -1.901495 -1.699716 -3.115154 -0.620213 -1.069928 -1.205225 -1.570334 -0.969936 -0.984738 -0.885976 -0.832042 -0.560128 -1.390780 -1.151524 -1.530549 0.711684 -0.216146 0.775089 0.229070 0.736248 1.294221 0.085073 0.047373 -0.259051 -0.078902 -0.811513 -1.141175 -0.780221 -0.000721 -0.972353 -1.103753 -2.398195 -2.236341 -1.450436 -2.026768 -1.588465 -1.185764 -0.305619 -0.837861 -0.906126 -0.679466 -0.183265 0.348894 0.351491 1.454267 0.329765 0.479084 0.279605 0.065268 0.132791 0.537073 -0.873482 0.417697 0.616396 -0.547718 0.317193 0.681197 0.623579 0.911869 1.592337 1.675383 1.226964 1.255530 1.494831 1.903689 1.365142 1.437053 1.645631 1.385420 1.153366 0.785824 1.573814 0.789300 1.403726 0.620951 0.053236 0.710988 1.208590 1.323865 1.302003 1.369664 1.248615 0.804244 1.112538 0.412474 -0.223184 -0.643222 -0.418506 
192837465
14
-1.012327 -0.118821 -0.758612 -1.228175 -1.226755 -1.105787 -1.279525 0.132300 0.546624 -0.090969 -0.252767 -0.429379 -2.097527 -1.702685 -1.260734 -0.209392 -0.930195 -0.995240 -1.403725 -1.695587 -1.546689 -2.777922 -1.669237 -1.992639 -2.082044 -3.584553 -2.992174 -1.208235 -0.952039 -1.306237 -0.601214 -0.361182 -0.707224 -1.004600 -1.672787 -1.504902 -1.437406 -2.443243 -4.504774 -2.931472 -1.288135 -1.595991 -2.426681 -2.813496 -2.732424 -1.334068 -1.434812 0.170033 1.200320 -0.440964 -1.087351 0.326455 0.814763 -1.282354 -1.001293 -1.995442 -2.066459 -1.444994 -1.931489 -1.844699 -1.616116 -0.095841 -0.385076 0.513786 0.200644 1.375369 0.505701 0.713536 0.327399 0.525452 0.073956 -0.400914 -1.388444 -0.492139 -1.080507 0.157150 -0.397236 -0.498320 -0.676960 -0.599947 0.285989 0.329992 0.031988 -0.054169 0.341736 0.641739 0.757881 0.840784 0.443854 0.750457 1.148962 0.583325 -0.405299 0.877128 1.509549 1.421210 0.902407 0.657390 1.127847 1.218789 1.504338 2.127143 0.485446 0.666980 0.480827 0.222206 -0.315327 0.448771 0.672195 -0.093952 -0.661270 -0.546003 -1.548104 0.079724 1.526154 1.290838 0.696640 0.415983 -0.023291 -1.075533 
192837465
15
1.761118 0.427508 -1.549754 -1.343335 -1.657569 -1.254312 0.003602 -1.349388 -0.274384 0.279789 -0.125519 -0.945580 -3.160504 -3.977139 -1.982806 -0.751929 -1.686878 -1.326049 -1.427874 -0.289686 -0.374955 -0.434567 -1.113368 -2.374116 -1.642393 -1.454839 -1.010840 -1.081401 -2.117715 -3.305381 -2.151939 -0.569623 -0.980138 -1.970371 -1.738946 -3.127547 -2.187751 -2.682772 -5.534347 -10.488484 -3.543587 -1.113934 -1.342122 -1.725771 -1.039128 -0.971279 -0.535985 -1.060291 0.410512 0.874765 -0.099707 0.558611 0.630077 -1.778208 -3.045635 -2.469378 -1.589727 -1.154212 -0.605651 -2.081962 -0.234663 -0.013823 0.372581 -0.286586 1.161443 1.443865 0.910536 1.067825 1.298934 1.285125 1.256711 1.192842 0.862674 0.488419 -0.062282 -0.125338 0.037049 -0.862810 -0.536690 0.355135 0.422617 0.278462 0.643163 1.364924 1.298730 0.971389 1.430451 1.181863 0.171833 1.137818 1.454864 0.745950 0.998306 1.373973 1.327597 1.678496 1.724513 1.185328 1.212568 1.223121 0.734672 0.857238 0.271222 0.760278 0.371598 0.381196 0.851464 1.108923 0.787850 -0.116833 -0.116292 -1.836029 0.050231 0.318138 -0.699138 0.345403 -0.019238 -0.123075 -1.105343 -1.661369 
192837465
