1200.000000
160.000000
120
16
1
0.500000
2
2
0
0.141354 0.022963 0.687944 0.214917 1.446091 1.628321 1.220755 1.391449 0.327492 1.531752 0.932605 -0.634976 -0.636000 -0.478553 -0.040400 -0.993125 -1.316863 -0.800165 -3.046878 -3.193780 -2.027663 -1.540393 0.331148 0.917042 0.991784 0.976101 0.779578 1.060147 0.943481 1.269505 0.743417 -0.051048 -0.080651 0.801513 0.365192 -0.264610 -0.161441 1.255733 0.688759 -1.149696 -2.423896 -5.107664 -0.941874 -0.465671 0.702726 0.646418 0.361840 1.119760 0.674593 0.229713 1.128866 0.964360 0.536670 -0.539133 0.108438 1.089837 1.163725 0.359577 0.042033 -0.594076 -0.262660 -0.416472 0.237649 1.040297 1.287615 0.915728 0.612873 0.747633 0.103593 0.864433 0.528441 0.304759 0.371994 0.712388 0.041433 0.488658 0.156586 0.141232 -0.242135 -0.148153 -0.081990 -0.479182 -0.764757 -0.461170 -0.598954 -1.266280 -0.929057 -0.180574 0.612063 0.378402 0.996642 1.523497 1.134322 0.561267 0.323833 1.060970 -0.363432 0.363497 1.125755 0.240614 -1.225245 -0.977828 0.069465 0.832831 1.094613 1.748442 0.932358 0.495337 0.584236 1.112707 0.592779 0.335519 -0.009828 -0.180435 -0.105638 0.002339 -1.818243 -1.255087 -1.026645 -0.286761 
192837465
1
-0.072840 -0.217330 0.837203 1.454219 1.233498 0.801091 1.761812 1.183337 1.233937 1.592227 0.848175 1.635246 0.402463 -0.223757 -1.270905 -1.660558 -1.398236 -0.647094 -2.379649 -1.686237 -2.092525 -1.737976 -2.166839 -0.566848 0.246416 1.540151 1.743345 1.344917 2.116776 1.237230 1.889127 0.568652 0.955169 1.277804 0.766961 0.864797 0.935467 1.499806 1.331570 -0.071932 -1.216547 -0.668543 -1.374858 -0.344173 1.391751 1.224452 1.425771 1.332737 1.713378 1.128128 0.935257 1.312343 0.881110 0.426488 0.853482 -0.676245 -0.084768 -0.311393 -0.966197 -0.387332 -0.564581 0.751442 0.312156 1.148535 1.048515 0.061250 0.002294 -0.283086 -0.384916 -0.741671 -0.888396 0.395588 2.054688 1.969427 0.953923 -0.310930 -0.528984 -0.476878 -1.406765 -1.677184 -2.019335 -1.368126 -0.240919 -0.656687 -0.834964 -0.862217 -0.701968 0.164879 0.348150 0.917385 0.069236 1.120248 1.609388 0.459598 1.358092 1.244563 0.617185 0.730203 0.531062 1.222934 0.546145 -0.878210 1.128800 1.456538 0.960104 1.178422 0.550897 0.918833 1.583945 1.349708 0.518631 0.386299 0.156591 0.395698 0.075684 0.351071 -0.718648 0.020054 0.511815 0.572818 
192837465
2
0.525547 -0.172783 -0.308713 -0.567278 0.409773 1.122805 0.448449 0.588182 1.438510 1.955495 1.994543 1.647854 1.143318 1.026489 1.444831 1.524645 0.473436 -1.414359 0.184433 -0.371684 -0.429065 -0.764031 -0.602345 0.471728 1.036258 0.853094 1.323450 1.788409 2.224930 1.703984 0.619108 1.142686 1.409901 1.686352 1.651629 0.731228 1.325848 1.399112 0.985360 0.194126 -0.182264 0.621324 0.221345 -1.213836 0.069573 1.285484 -0.600922 0.455077 0.632167 0.575128 -0.135811 -0.490007 0.352724 0.306158 -0.304612 -1.960154 -1.926407 -2.194390 -1.534450 -0.347792 0.073641 0.069978 0.570228 1.094152 1.509447 0.976626 1.066591 0.572914 0.487669 -0.563313 0.339562 0.437261 1.134066 0.850211 0.409952 0.608702 -1.039420 -0.392653 -1.436350 -2.489959 -2.594606 -4.006134 -3.226416 -0.486501 -0.558267 -2.049875 -0.438273 0.172085 0.278411 0.412873 0.117316 0.307448 1.523653 1.842707 0.981548 1.008011 1.963384 0.742001 1.905765 1.842291 1.233650 0.802230 1.373998 2.063605 2.039921 1.988395 1.458854 0.882356 0.287000 0.828537 1.134736 0.213907 0.081494 0.308593 0.061266 -0.821100 -0.721557 -0.753934 -0.369186 -0.406284 
192837465
3
1.112106 0.401259 -0.427479 -0.545829 -0.143288 -0.509842 -0.763318 -0.498358 1.224777 2.082636 1.330931 1.943947 1.817371 1.685605 1.543841 1.376644 0.379683 -1.034491 -0.228848 0.353598 0.217738 1.117248 0.700833 1.425524 1.289149 0.718769 1.360263 2.050520 2.068595 2.151223 1.975979 1.376829 2.252317 2.843507 1.491126 0.139995 -0.351172 0.442383 0.552706 0.523988 -0.809319 -1.158299 -1.363895 -1.460067 0.469059 0.501359 -0.174685 0.365911 -0.752266 -1.835807 -3.266646 -2.461682 -0.142030 -0.423316 -1.613930 -1.750462 -3.415201 -6.083535 -4.720393 -2.998254 -0.711098 0.426279 -0.184053 0.854200 0.341464 2.120603 1.915732 1.505700 0.534552 0.546685 -0.057455 -0.320356 -0.497876 -1.012945 -0.947303 -0.937677 -0.256040 -0.709610 -1.584967 -1.644747 -1.456211 -2.697187 -3.215345 -1.092298 -1.111939 -3.295266 -2.957450 -1.196803 -1.609144 -0.959055 -0.878807 -1.723470 0.182352 1.318557 1.550144 2.023002 2.604038 2.757559 2.343970 2.818037 3.023436 3.111576 2.173578 1.469152 2.128756 1.464081 1.808350 1.729217 1.320347 2.128269 0.825774 -0.029592 -0.966023 -0.738039 0.340468 -0.504403 0.204301 0.580036 1.320062 1.165728 
192837465
4
0.235302 1.250541 0.228389 -0.136134 -0.315686 0.625403 0.308640 1.061242 1.611543 1.073315 1.340534 1.916700 2.107471 1.753610 1.304254 1.221410 0.369902 0.439788 0.224319 1.138566 1.334374 0.717496 1.101418 1.034523 1.615801 1.879594 1.582360 1.758295 1.382533 1.823161 1.597233 1.779496 2.454014 1.849714 1.394564 0.555886 -0.407266 -0.600476 -1.789852 -1.896098 -2.750940 -3.632906 -3.756817 -3.344664 -1.156562 0.315565 0.124017 -1.965257 -1.337371 -2.039772 -1.100849 0.640113 -0.052353 -0.013548 -1.105381 -1.702863 -1.416751 -1.536342 -1.496901 -1.779850 0.017547 0.096281 -0.297091 0.674364 -0.970181 -0.989194 -0.288473 0.302483 -0.470070 -0.109958 0.628596 0.433846 -0.264206 0.181772 0.278566 0.712397 1.120391 -0.771100 -0.074523 -1.167693 -3.385946 -2.845864 -1.904840 -4.131003 -2.874473 -1.680431 -1.211714 -0.278429 -0.313970 -0.075219 0.274478 -1.131683 -0.577410 -0.212244 0.552488 1.157520 2.344896 2.913251 3.047163 2.758754 2.634988 1.336096 -0.102663 0.942589 0.533951 2.065258 0.908780 1.065729 0.499986 0.412302 0.440486 -1.176111 0.141439 1.219498 1.764623 1.033975 0.480755 0.638442 0.367037 -0.184859 
192837465
5
0.435883 -0.115674 0.531337 1.450321 1.020793 1.532276 1.477888 1.383022 1.752985 0.421503 0.606134 0.004284 0.394153 0.212246 0.686237 0.512773 1.114972 1.137899 0.621467 0.535502 1.183254 0.153278 0.479141 0.710458 0.862505 0.922118 0.952871 0.450443 0.581254 1.668993 2.467709 1.942291 1.555475 1.430311 0.911568 -0.313437 0.431700 0.722618 -0.606223 -0.958904 -2.139311 -3.378635 -6.015794 -10.393731 -3.517679 -2.097554 -3.386875 -2.950766 -3.921143 -1.227361 -0.897925 -0.735449 0.109869 -0.180160 -1.302996 -0.640753 0.699269 -0.134610 -0.698256 0.157088 -0.882422 0.223278 0.857781 0.485009 0.042437 -0.181658 -0.560137 -1.390987 -0.725137 -0.207042 -0.316507 -0.466762 -0.406192 0.257152 0.223677 0.481688 1.424883 -0.365536 -1.580721 -1.449493 -1.031953 -0.528186 -0.292342 -1.133018 -1.502044 -0.563108 0.038048 0.315216 -0.910467 -0.949353 -0.174114 -1.932227 -0.792727 -0.880208 -0.833323 1.197076 0.663712 0.946739 2.119533 2.043601 1.048455 0.211855 0.823197 1.759236 1.937018 0.988992 1.252649 1.831032 1.148332 -0.666375 -1.353911 -0.603974 -0.467847 -1.014035 0.187228 1.260873 0.715862 0.920165 1.288313 0.242799 
192837465
6
1.820785 1.027210 1.535195 1.678995 1.582537 1.578218 1.327402 0.962645 0.774189 -0.295998 -0.192644 -0.087632 0.368382 0.964178 0.720409 0.882071 0.524779 0.237489 0.255023 -0.295260 -0.708313 0.492411 -0.895002 -0.006007 0.127444 -0.683454 0.080662 0.361067 -0.078581 1.117687 1.376819 1.943539 0.819060 -0.093398 -0.240267 -1.479589 -0.318399 -1.532736 -0.909315 -1.560485 -2.091519 -3.701306 -3.376740 -3.673636 -1.299239 -2.533973 -1.006751 -1.471565 -1.951424 -1.967046 -0.967201 -0.891133 -0.466683 -0.413414 -0.045476 -0.674410 0.286755 -0.147261 0.320837 0.745130 0.757665 0.732526 -0.196872 0.900160 1.825142 1.367530 0.672315 -0.422686 -1.331835 -0.353268 -0.390225 -3.505892 -1.497319 -0.767899 -0.648365 0.044493 -0.330107 0.330555 0.642110 -0.221347 -0.494836 -1.365512 -0.854843 -0.501153 -1.925447 -3.258471 -1.640666 -0.693874 -1.232845 -2.311671 -1.703413 -0.803099 -1.194787 -0.456978 -1.248949 -0.093108 0.550647 1.292069 2.011320 2.414442 2.119747 1.852248 1.290185 1.256659 1.400411 1.594594 1.054313 1.214192 0.838732 0.619466 0.512040 -0.649085 -1.017316 -1.004294 0.311252 1.266579 0.890540 1.607745 0.750676 0.217237 
192837465
7
0.678180 1.217081 -0.469609 0.168520 0.257205 1.171224 1.337654 1.536734 1.414005 -0.098805 0.248713 1.091642 1.403955 1.110318 1.890371 0.532017 -0.614666 -0.199583 -0.618445 -0.494460 -2.569189 -1.861603 -0.571724 -0.852215 -0.001102 0.147389 -0.514509 0.195691 0.190559 -0.481011 0.328761 0.207688 0.653344 -0.049185 0.046600 -0.625809 -0.846249 -1.794957 -1.472687 -1.537597 -1.251460 -3.082128 -2.806305 -1.438966 -0.588829 -1.021940 0.313051 -0.544523 0.065667 -0.289453 -1.828533 -1.589097 -1.125749 -1.244258 -2.271683 -0.980026 -0.666246 -0.338001 0.250553 0.948012 0.468799 -0.477565 -0.171891 0.258040 0.194753 0.421842 -0.003264 -0.762313 -0.646841 -1.806184 -1.451878 -1.484433 -0.998062 -0.910652 -0.705844 -0.832758 -0.476715 0.016690 -0.124747 0.444351 -0.281907 -0.504083 -0.451933 -1.658681 -1.929887 -2.553746 -2.476103 -3.141115 -4.808672 -4.184352 -2.081520 -1.146604 -1.757940 -0.412707 0.114064 0.239836 -0.126955 0.845911 1.834191 1.389969 0.257510 1.328004 1.361329 1.350107 1.253404 0.683350 -0.119487 1.673253 1.354470 1.413538 0.277323 1.049583 0.693732 0.395326 -0.336783 1.428671 0.784287 0.319092 0.391187 -0.153872 
192837465
8
0.844290 0.274871 0.340149 0.393669 0.339285 -0.444242 0.476733 1.265653 -0.216118 0.616346 0.551848 0.946253 1.889336 1.958123 1.635620 0.863878 0.449344 -0.451661 0.194553 0.552052 -0.042949 -1.052743 -1.211729 0.426057 0.578645 -0.025628 0.101097 -0.288479 -1.490295 -2.064653 -1.079733 -1.297516 0.020557 -0.037738 -0.388088 -0.957770 0.123050 -2.671227 -2.757328 -2.041029 -1.015969 -1.546954 -1.058791 -1.219344 -1.215335 -1.787762 -1.028888 0.252625 0.930904 0.097363 -0.380830 -0.086184 0.334718 0.321671 -1.559571 -2.204451 -1.485220 -0.467770 -0.944373 -1.135734 -0.142367 0.500624 0.550681 0.485574 -0.109938 -0.304154 -1.038268 -2.388866 -1.797814 -1.842390 -1.687281 -2.405788 0.222221 -0.091687 -0.199312 0.260746 0.447087 0.061628 -0.333135 -0.612616 0.004293 0.395753 0.317996 -0.611646 -2.312262 -2.235469 -1.983635 -2.582681 -2.190122 -1.694805 -0.801700 -1.498037 -1.298004 0.026006 -0.301456 -0.169127 -0.143905 -0.527863 0.336696 0.989144 0.385453 0.531796 -0.004089 1.858960 1.541203 0.373127 -0.165989 0.219823 0.625852 1.019286 0.505023 0.572481 0.672092 0.996833 0.290161 0.883698 0.560330 0.940929 0.658582 0.662593 
192837465
9
1.438625 1.011017 0.987249 -0.511129 -0.289973 -2.335910 -1.357704 -0.458113 0.658414 0.460338 0.458843 0.567376 0.241983 0.151020 0.944483 0.576787 0.156329 0.430460 0.844211 1.028369 1.084558 1.267385 0.641227 0.909319 0.190595 -1.326935 0.793945 0.511076 0.391918 0.320432 0.160750 0.402361 -0.132536 0.428552 -0.257413 -0.364609 -1.085274 -3.090058 -1.259948 -0.935089 -0.020985 -0.195389 -1.884562 -4.231783 -2.607533 -1.920571 -1.301952 -0.498882 -0.528659 -1.000384 -2.592096 -0.175024 -0.550616 0.193428 -1.062348 -0.417892 -0.966574 -2.241581 -2.172535 -1.580542 -0.033040 0.096950 0.956310 0.669069 0.288138 0.080703 -0.630076 -1.074393 -0.410973 -1.749518 -2.921301 -1.784978 -2.958729 -1.081489 -1.603855 -1.849950 -0.811783 -1.285748 -0.709748 -0.297197 -1.712296 -1.382869 -1.108799 -3.000275 -1.509477 0.460271 0.005191 0.507797 -0.622685 0.115931 -0.058658 -0.146641 -0.179675 -1.734096 -1.788887 -0.258537 -0.295690 0.288893 0.298129 0.309537 0.291719 0.549463 0.356268 0.840211 0.541429 0.214870 -0.684768 -0.022599 -1.224734 0.484888 0.124905 0.190279 -0.718021 -1.894407 0.137715 0.225881 -0.178481 0.669865 0.377779 -0.497466 
192837465
10
-0.259305 -0.274970 -0.900141 -0.427054 -1.017768 -0.767785 -0.260367 -0.449756 -0.861883 -0.731028 -1.495326 -0.865903 -1.770272 -0.276170 0.317341 -0.723202 0.039900 0.466105 0.705027 0.693825 1.274026 0.873882 0.926172 -0.109269 -1.133002 -1.841433 -2.601477 -0.771592 -0.409100 -1.001045 -0.598317 0.633319 1.285683 2.039852 1.724660 0.405152 -1.201096 -0.575337 -0.860910 -0.247181 -0.523135 -0.764041 -1.779088 -4.172804 -2.350676 -1.118703 -0.956756 -1.149334 -1.529607 -1.883058 -3.301199 -2.197699 -1.143303 -3.941582 -2.579431 -3.352722 -2.108872 -2.181744 -1.818075 -0.974663 -0.122483 -0.847467 -0.769825 -0.175592 0.504126 0.124353 -0.573475 -1.052424 -0.891855 -2.319651 -2.717770 -1.691833 -1.738862 -1.901340 -2.301952 -0.774940 -0.770352 -0.480709 -0.270028 0.092764 -0.717269 -0.734767 -2.051969 -1.318588 -0.069882 0.024349 0.490788 0.582917 1.282260 0.942859 0.614810 0.918079 0.387378 -0.876306 -0.468097 0.024445 0.848712 0.087686 0.070650 0.262961 -0.043436 -0.646960 -0.821543 -0.583906 -0.244231 -0.269748 -0.441368 -0.374594 -0.058227 0.270668 -1.261425 -2.228802 -1.662859 -1.943741 -1.441878 0.392667 0.547437 -0.512261 0.492847 0.882188 
192837465
11
0.817309 0.265737 0.531937 -0.607918 -1.154379 -1.339907 -1.780366 -0.918571 0.559846 -0.143001 -0.355621 -0.699820 -2.766790 -3.152556 -1.969644 -1.217923 -1.346760 -0.317250 0.704338 0.975835 0.652041 0.068876 0.256924 -2.366121 -2.624460 -2.257462 -0.794349 -0.871758 -0.646707 -2.007960 -0.680028 0.154147 0.593855 0.281962 0.891033 1.840016 0.828884 2.122309 1.965640 1.918794 0.408323 0.371734 0.234841 -0.911022 -1.272330 -3.470153 -3.148976 -1.123234 -0.144294 -0.676458 -1.772221 -1.483125 -1.382451 -2.166013 -0.990561 -3.603288 -1.554111 -1.620983 -2.157482 -1.706814 -1.621361 -0.848802 -0.485421 -0.520151 -0.300689 0.164801 -1.083394 -1.062095 -1.330049 -1.505261 -3.104011 -3.546344 -2.204256 -1.080567 -3.123419 -1.199383 -0.184293 -0.642042 -0.020300 0.645041 0.727838 0.983188 -0.180647 -0.380055 0.397680 0.089228 0.687048 -0.195482 0.589817 0.817996 0.135530 -0.285925 0.179110 -0.161844 -0.944080 -1.105543 -0.600429 0.599424 0.032011 -0.061699 -0.144371 0.715812 0.534841 0.484275 -0.262519 -0.784415 -0.452266 -0.205244 -1.608714 -0.266978 -1.303775 -4.233967 -3.746508 -2.130185 -0.149504 -1.582874 -1.118560 -0.665481 -1.387547 0.723034 
192837465
12
0.177618 1.169410 1.432563 0.148634 0.778796 0.075253 0.060441 0.219011 -0.543044 -0.560339 -3.553252 -3.216361 -2.904703 -4.002531 -2.695103 -2.431115 -4.254410 -3.436108 -0.059226 1.259548 -0.072747 -1.066380 -1.979729 -2.758047 -2.255374 -0.135345 0.256856 0.336312 -0.019664 0.662481 0.174864 0.680604 0.688846 0.830460 0.777860 1.623575 1.390472 2.023744 1.337381 1.134149 1.602842 1.103343 0.316249 0.969065 0.897823 0.566429 -0.021416 -0.048748 0.426296 0.340010 0.045735 -0.464195 1.108304 -0.287093 -0.049986 -1.265971 -1.239044 -0.440690 -1.107502 -0.222141 -0.783864 -1.130784 -0.130764 0.308958 -1.375251 -1.260575 -1.829664 -2.344996 -1.955914 -1.505750 -1.912021 -1.250582 -2.200762 -1.708900 -2.696496 0.131743 0.685162 0.725040 1.238921 0.349124 1.105368 0.702337 1.411412 0.659178 1.053553 0.643840 0.600650 0.925905 0.403243 -0.278415 0.712260 0.459539 -0.144397 0.165590 0.725475 -0.607684 -1.624171 -0.546236 0.497218 -0.465255 -0.797548 0.277686 0.581657 1.191396 0.951276 0.368837 -0.677967 -1.583272 -0.997635 -1.055052 -0.211176 -1.157616 -1.887028 -0.341063 -0.983433 -2.600465 -2.923175 -2.787290 -7.098268 -4.731159 
192837465
13
1.172682 -0.316214 0.016606 0.819475 1.164628 0.978739 0.889838 0.730955 -0.294418 -1.984296 -3.394989 -2.927443 -1.734317 -1.936820 -2.583943 -5.462810 -3.961283 -2.864049 -1.828096 -1.059996 -0.851823 -0.901205 -0.514533 0.516601 -0.047292 -0.607850 -1.116868 0.572252 0.991903 0.231519 0.411562 0.735348 1.224253 2.244275 2.347838 1.982357 1.242186 0.685952 0.195640 0.857210 0.682076 1.084283 0.991795 0.675784 -0.102787 0.145023 1.123120 0.917648 0.000672 0.434840 -0.308204 -0.938517 -1.341218 -1.385141 -4.437544 -1.528288 -2.285528 -1.438940 -1.330044 0.687406 0.035541 -0.239058 0.086748 -0.543651 -1.693498 -1.568444 -5.539893 -7.442192 -2.298319 -1.026959 -2.365605 -2.050274 -0.778767 -0.682763 0.097461 0.401638 0.266419 0.955436 0.481855 0.582181 1.386840 0.989190 1.683876 0.656951 1.009185 1.117139 0.375638 -0.173289 0.626746 0.113306 0.557790 -0.488670 -0.583164 -0.781699 -0.439053 -0.458149 -0.381140 -0.045378 -0.220829 -1.277097 -1.583174 0.140466 0.971367 -0.110557 0.555090 0.423136 -1.651843 -1.498413 -0.749538 -0.983360 0.185473 0.115235 -0.132947 -0.035617 0.279775 -0.006268 -0.662329 -0.298178 0.069916 -1.317614 
192837465
14
0.914242 0.302963 0.295759 -0.409945 0.332678 0.271016 0.822638 0.342020 0.298743 -0.512607 -3.850806 -4.730870 -4.355916 -2.334836 -2.486763 -4.141059 -2.719364 -1.133920 -1.478356 -0.630003 -0.976148 0.194845 1.089141 0.175451 0.959195 0.679798 0.818297 1.270711 1.310861 0.555656 0.110803 0.441623 1.321869 1.403098 2.108246 2.255270 2.154370 0.694140 1.526749 1.087336 1.452443 1.100763 0.793206 0.667138 0.114150 0.796502 0.294729 -0.812291 -1.398019 -1.671773 -0.927278 -0.617275 -1.891640 -2.089298 -2.824632 -1.661947 -1.782617 -0.494434 -0.234419 -0.278150 1.167148 0.701901 0.688995 0.260906 -0.016007 -0.858893 -1.444333 -0.051057 0.304056 0.199758 0.706849 -0.266095 0.333790 -0.343541 0.573782 -1.953426 -1.541835 -0.023199 -0.619299 -0.698733 0.939990 1.936190 1.672422 1.853379 1.533283 1.512524 -0.732464 -0.623681 -0.777788 -0.056002 0.018420 -0.433105 -2.129821 -0.430367 -0.630014 -1.153714 -1.309001 -0.157410 -0.716126 -0.436286 -0.469369 -0.098684 -0.343106 -0.650829 -1.045345 -0.111961 -0.102026 1.187633 1.953964 0.867408 1.184339 0.233393 -0.790214 -0.576074 0.993836 0.986303 -0.535812 0.377815 -0.269455 -0.313902 
192837465
15
1.373465 0.856136 0.970781 1.646327 1.159822 1.082299 0.271161 0.443458 0.060722 -2.194253 -1.565872 -1.084243 -4.159419 -1.081043 -1.131837 -0.082382 -1.305755 0.000761 0.801340 0.689840 0.997857 0.702865 0.597400 -0.371780 1.168685 1.493096 0.509899 1.587029 -0.328163 0.305415 1.112907 0.800555 2.017828 1.324098 0.902134 0.344682 0.849111 1.080412 1.049824 1.303066 1.234566 0.827451 1.488622 0.640785 0.753472 0.874087 0.095586 0.041067 -1.495044 -1.228521 -1.327268 -1.335641 -0.359531 -2.652692 -3.240044 -2.830941 -2.070860 -0.499608 -1.065906 -0.117630 0.016091 -0.311524 -0.567181 0.003390 -0.788420 1.114033 0.392356 -0.071806 0.747918 0.513747 -0.367471 -0.789406 -0.681423 -0.182280 -1.385047 -0.882476 -1.614791 -1.556369 -1.506996 0.052562 0.880004 1.419462 1.439552 0.973536 0.550621 -0.457890 0.063897 -0.185034 -1.175361 -0.854176 -0.804665 -0.246918 -0.118340 -1.267244 -1.436011 -0.963848 -0.719377 -3.057984 -2.108804 -1.911784 -2.443424 -1.185814 -2.792174 -1.047007 -3.025118 -1.078604 -0.623670 -0.093931 0.620997 0.112706 0.275468 -1.551144 -1.285178 -2.763515 -1.198946 -0.379319 0.473798 0.454981 -0.345503 0.383245 
192837465
