1200.000000
160.000000
120
16
1
0.500000
2
2
0
0.243377 0.276973 0.326504 0.285943 0.349148 0.353940 0.360536 0.360390 0.358251 0.286893 0.331543 0.279999 0.243406 0.220903 0.248912 0.196516 0.226478 0.174471 0.181336 0.217127 0.215109 0.175983 0.219683 0.244123 0.338349 0.316594 0.332086 0.305632 0.265269 0.255626 0.273402 0.243250 0.235485 0.219333 0.208851 0.200828 0.300270 0.343193 0.339927 0.378016 0.299180 0.259069 0.246472 0.288886 0.365729 0.335913 0.316446 0.325454 0.322667 0.287745 0.260859 0.138303 0.128039 0.124783 0.112513 0.173808 0.145318 0.154114 0.146142 0.182720 0.268044 0.268559 0.209667 0.255126 0.266797 0.270117 0.292368 0.322095 0.333348 0.305914 0.308047 0.294366 0.286687 0.224450 0.250964 0.278514 0.269350 0.227000 0.194710 0.252503 0.242773 0.289368 0.357931 0.370548 0.385718 0.341731 0.338631 0.323206 0.317689 0.264581 0.284896 0.293031 0.312823 0.229869 0.295796 0.304246 0.272980 0.169452 0.065960 0.090209 0.158016 0.173535 0.256365 0.227499 0.239941 0.175425 0.157362 0.131024 0.091297 0.066304 0.117895 0.148698 0.218693 0.211520 0.275401 0.321749 0.363464 0.310499 0.319980 0.309390 
192837465
1
0.336619 0.388577 0.361831 0.349047 0.362348 0.351894 0.324049 0.326219 0.279423 0.286297 0.276354 0.287006 0.218842 0.201572 0.264757 0.193405 0.233945 0.203452 0.192036 0.209281 0.247042 0.240087 0.292562 0.272282 0.322886 0.240760 0.233405 0.240508 0.358350 0.345620 0.278100 0.292661 0.332357 0.214147 0.246922 0.201201 0.312679 0.300191 0.288948 0.298960 0.196263 0.274079 0.284476 0.276817 0.318961 0.292564 0.284738 0.325921 0.368248 0.319425 0.255914 0.171414 0.127077 0.129232 0.111541 0.149648 0.138410 0.160450 0.184629 0.186705 0.260476 0.310385 0.291693 0.270869 0.242236 0.231227 0.232517 0.243016 0.238890 0.224828 0.295660 0.257407 0.310249 0.284662 0.278181 0.276058 0.208759 0.199654 0.263687 0.268129 0.310796 0.312636 0.293335 0.266764 0.296031 0.228628 0.251729 0.277250 0.243467 0.210444 0.221214 0.217222 0.225348 0.176224 0.186509 0.212013 0.190628 0.223840 0.149688 0.137091 0.211324 0.261954 0.236380 0.194905 0.182386 0.140602 0.115695 0.124310 0.112866 0.085028 0.133555 0.184638 0.188442 0.227261 0.221216 0.325556 0.320249 0.315533 0.298627 0.221487 
192837465
2
0.367174 0.328922 0.359610 0.395717 0.362887 0.327439 0.317869 0.281090 0.292432 0.300904 0.270263 0.199676 0.167818 0.200334 0.215059 0.183139 0.206188 0.246217 0.229957 0.205976 0.213131 0.244502 0.236770 0.236581 0.279440 0.230810 0.298946 0.286004 0.265918 0.352076 0.255758 0.299330 0.342374 0.335800 0.313300 0.346549 0.356741 0.323785 0.306918 0.229039 0.172880 0.274309 0.248278 0.264109 0.317122 0.320687 0.197828 0.233640 0.217135 0.182436 0.230955 0.238539 0.222845 0.225142 0.291402 0.145719 0.188148 0.218140 0.172684 0.203031 0.294655 0.272146 0.305262 0.298630 0.247547 0.153690 0.145031 0.184323 0.187218 0.206045 0.255026 0.280511 0.263585 0.252838 0.253042 0.265939 0.275235 0.255966 0.266803 0.319810 0.310085 0.278121 0.331448 0.301793 0.292479 0.273820 0.251358 0.252883 0.242291 0.224556 0.326863 0.223409 0.268835 0.206288 0.233662 0.183980 0.187561 0.190680 0.172996 0.211757 0.212529 0.176149 0.175374 0.177168 0.175249 0.108734 0.192478 0.231558 0.155558 0.151870 0.195067 0.270009 0.281455 0.286852 0.357630 0.364183 0.301551 0.285071 0.274928 0.216299 
192837465
3
0.281592 0.334131 0.330007 0.340637 0.354520 0.302353 0.282959 0.309289 0.393150 0.336212 0.332734 0.265017 0.250059 0.249782 0.227430 0.214621 0.198734 0.207355 0.233789 0.244806 0.241163 0.210986 0.219085 0.252167 0.239333 0.298720 0.285427 0.295495 0.250377 0.285862 0.244261 0.277482 0.290790 0.290959 0.354948 0.343368 0.349838 0.279463 0.243258 0.239671 0.184805 0.286061 0.237116 0.260032 0.202673 0.228086 0.219403 0.235376 0.275839 0.218053 0.243760 0.254972 0.230892 0.245221 0.266604 0.234517 0.286342 0.287073 0.232501 0.227035 0.278418 0.232936 0.244748 0.246972 0.201848 0.196359 0.220905 0.197919 0.134266 0.132685 0.121917 0.157994 0.142965 0.130650 0.191269 0.290172 0.253636 0.274342 0.307019 0.363512 0.330740 0.318086 0.266296 0.216881 0.241090 0.321896 0.336969 0.307515 0.352408 0.299369 0.240065 0.239583 0.299072 0.247104 0.280122 0.296209 0.229833 0.181388 0.243373 0.230027 0.199732 0.184966 0.184296 0.204364 0.211117 0.330470 0.320439 0.293876 0.257998 0.290029 0.292129 0.297745 0.302342 0.270026 0.325248 0.355693 0.334450 0.356310 0.269058 0.269098 
192837465
4
0.278239 0.267115 0.292166 0.261567 0.328664 0.347882 0.346193 0.377428 0.396863 0.329339 0.346817 0.380878 0.364603 0.367219 0.239252 0.250213 0.266569 0.253742 0.227439 0.187668 0.171913 0.150110 0.198793 0.233789 0.230119 0.259150 0.251067 0.292184 0.290720 0.295506 0.336542 0.261672 0.285572 0.228474 0.250453 0.213112 0.197553 0.247539 0.233334 0.276783 0.288927 0.256649 0.303493 0.331202 0.283535 0.280663 0.250347 0.209818 0.266746 0.278719 0.223082 0.240235 0.195330 0.225511 0.239865 0.159391 0.127496 0.165271 0.174817 0.189983 0.166986 0.191666 0.185059 0.186842 0.177802 0.208782 0.149672 0.160081 0.151498 0.133824 0.103542 0.062893 0.114953 0.221372 0.229498 0.235609 0.195225 0.196298 0.254940 0.307491 0.269436 0.257398 0.236378 0.265776 0.206467 0.220224 0.198511 0.196135 0.183928 0.234784 0.318535 0.221591 0.178329 0.194889 0.236627 0.243999 0.250761 0.298717 0.285815 0.239201 0.229822 0.267902 0.257288 0.243377 0.294471 0.333308 0.333606 0.313599 0.302649 0.280317 0.305220 0.293473 0.278762 0.296903 0.295287 0.282927 0.268709 0.268969 0.304914 0.413197 
192837465
5
0.345071 0.263058 0.278989 0.306132 0.246594 0.304853 0.354930 0.339570 0.348389 0.368560 0.342274 0.387704 0.348262 0.271093 0.277657 0.247310 0.248113 0.226804 0.219143 0.200437 0.256436 0.189665 0.201452 0.156659 0.179622 0.130594 0.214845 0.281705 0.272333 0.281295 0.263330 0.237508 0.193642 0.276689 0.273372 0.232378 0.171566 0.172841 0.214274 0.271500 0.309914 0.292591 0.283389 0.246015 0.248587 0.280512 0.239434 0.218188 0.212897 0.242343 0.232428 0.201337 0.186939 0.187186 0.156086 0.218028 0.134624 0.095157 0.130944 0.167335 0.165585 0.166886 0.194450 0.216905 0.241171 0.193545 0.191876 0.162233 0.170365 0.181020 0.163756 0.035670 0.104262 0.124024 0.128123 0.145779 0.211971 0.239797 0.255497 0.231530 0.178669 0.194122 0.229971 0.231839 0.203892 0.147911 0.110761 0.108479 0.116894 0.250186 0.185421 0.145073 0.115329 0.167543 0.211756 0.187180 0.240538 0.244343 0.257622 0.283326 0.356264 0.272983 0.329019 0.218698 0.330246 0.324187 0.376624 0.337208 0.351763 0.364913 0.418644 0.432108 0.385317 0.315476 0.326683 0.311865 0.320443 0.287554 0.371216 0.383680 
192837465
6
0.280887 0.268322 0.320612 0.333174 0.316331 0.351875 0.284519 0.308468 0.321549 0.385839 0.408482 0.354649 0.273368 0.267980 0.271532 0.199617 0.226495 0.229642 0.237833 0.253135 0.222375 0.209940 0.258072 0.226066 0.206061 0.228650 0.242869 0.258078 0.252310 0.193746 0.198051 0.230112 0.268322 0.276174 0.195870 0.218668 0.257261 0.181362 0.213289 0.245366 0.221022 0.236680 0.281951 0.213897 0.170546 0.128690 0.146704 0.116345 0.151202 0.108184 0.156784 0.165010 0.225657 0.162160 0.173133 0.215550 0.254481 0.216049 0.178615 0.198797 0.238245 0.211059 0.275939 0.379781 0.397845 0.301082 0.252734 0.172525 0.148468 0.108306 0.155897 0.132942 0.160418 0.133553 0.086228 0.112554 0.147857 0.182753 0.210922 0.302796 0.282566 0.269224 0.236609 0.232975 0.258820 0.200600 0.159973 0.185798 0.162064 0.124766 0.208947 0.210386 0.166346 0.129948 0.178852 0.197007 0.209401 0.274308 0.252033 0.282216 0.265700 0.328003 0.287247 0.320961 0.310432 0.296410 0.319181 0.350315 0.322473 0.385241 0.297293 0.314878 0.319696 0.324535 0.365587 0.395964 0.390958 0.372729 0.397325 0.338793 
192837465
7
0.427702 0.427859 0.424733 0.405059 0.357713 0.313527 0.303156 0.311942 0.312159 0.326448 0.315075 0.310162 0.276606 0.238680 0.257613 0.248237 0.300584 0.257563 0.215129 0.185982 0.190833 0.245946 0.241532 0.264843 0.216882 0.214929 0.276576 0.240887 0.197178 0.210758 0.148993 0.184518 0.165596 0.206982 0.191883 0.162642 0.156563 0.168427 0.164102 0.180499 0.153119 0.134696 0.147554 0.162749 0.200601 0.219273 0.166508 0.149664 0.142587 0.122766 0.102981 0.121704 0.189996 0.260322 0.306925 0.220532 0.215209 0.203956 0.253972 0.275727 0.317888 0.303761 0.348190 0.425195 0.388770 0.330285 0.289758 0.201601 0.174508 0.231857 0.131517 0.139516 0.140368 0.080989 0.089436 0.092489 0.167828 0.109979 0.125348 0.197561 0.168836 0.172113 0.180892 0.143603 0.143919 0.203449 0.240280 0.208983 0.209660 0.229492 0.192006 0.207220 0.227382 0.279856 0.282914 0.219372 0.223244 0.185493 0.215732 0.249402 0.270895 0.319200 0.325855 0.273217 0.248642 0.243430 0.248730 0.234102 0.189986 0.265610 0.318615 0.317927 0.383591 0.388472 0.376909 0.375325 0.352281 0.284955 0.264797 0.320487 
192837465
8
0.380614 0.423101 0.440900 0.397551 0.327816 0.247137 0.287040 0.330419 0.306474 0.310343 0.291534 0.261592 0.228130 0.196158 0.173017 0.221659 0.218007 0.253732 0.236650 0.246436 0.227115 0.216219 0.191746 0.226441 0.248501 0.262157 0.307774 0.230933 0.179668 0.218876 0.257826 0.235227 0.223498 0.179266 0.181877 0.158666 0.147045 0.131306 0.129279 0.144588 0.150399 0.156950 0.099653 0.168116 0.160075 0.160853 0.166017 0.160986 0.171146 0.181926 0.205839 0.233027 0.201115 0.264081 0.244296 0.277914 0.243401 0.223163 0.261874 0.348536 0.302362 0.289938 0.346638 0.375368 0.365702 0.339731 0.347199 0.210532 0.273263 0.272744 0.203807 0.137665 0.086666 0.090327 0.022770 0.116963 0.191985 0.139353 0.117251 0.127210 0.176381 0.169156 0.169798 0.174153 0.174617 0.146321 0.184547 0.281408 0.262354 0.278946 0.319463 0.313207 0.341961 0.278054 0.283207 0.289228 0.316034 0.271438 0.324414 0.349598 0.261004 0.323740 0.312821 0.325614 0.368745 0.316155 0.246316 0.200958 0.195442 0.193543 0.211900 0.265147 0.317223 0.368018 0.407726 0.374978 0.384242 0.315871 0.250082 0.258636 
192837465
9
0.370827 0.389101 0.396048 0.383086 0.318561 0.333717 0.216078 0.265373 0.251608 0.256157 0.229306 0.230180 0.238028 0.220446 0.206998 0.249697 0.297564 0.282242 0.275932 0.308593 0.326162 0.270964 0.206159 0.205409 0.222978 0.231100 0.224454 0.178446 0.183575 0.201200 0.159160 0.179731 0.241077 0.267656 0.243461 0.213551 0.186360 0.201593 0.141850 0.162176 0.197048 0.208466 0.162327 0.158513 0.168209 0.202791 0.214826 0.193686 0.180820 0.287466 0.316083 0.288304 0.288210 0.266741 0.197019 0.217174 0.214025 0.236054 0.276786 0.267474 0.259824 0.264060 0.272295 0.187950 0.252170 0.283985 0.255590 0.267265 0.229779 0.214983 0.145353 0.122897 0.050442 0.144473 0.191759 0.128889 0.168128 0.222065 0.237986 0.256596 0.279409 0.243484 0.213079 0.190964 0.164410 0.213877 0.229908 0.253896 0.247258 0.233887 0.248950 0.290468 0.298498 0.324898 0.333470 0.403272 0.410936 0.382575 0.304837 0.301564 0.247242 0.265909 0.310853 0.303847 0.287452 0.319858 0.228113 0.191671 0.190075 0.193144 0.255605 0.303138 0.303731 0.324209 0.343917 0.363388 0.273903 0.237920 0.263719 0.248623 
192837465
10
0.364961 0.339799 0.364943 0.448088 0.408817 0.352734 0.305883 0.232306 0.230833 0.264197 0.305611 0.292911 0.303976 0.343792 0.327742 0.271040 0.302159 0.305768 0.291330 0.282179 0.294550 0.254698 0.201448 0.153924 0.135664 0.198811 0.244445 0.241647 0.256412 0.193321 0.216732 0.212009 0.215277 0.201462 0.181489 0.222737 0.159879 0.153272 0.163654 0.203043 0.231380 0.190218 0.183523 0.163459 0.188256 0.187054 0.204188 0.253713 0.257720 0.308102 0.332733 0.238736 0.256801 0.236134 0.195432 0.237996 0.263962 0.253612 0.293590 0.314882 0.294494 0.282113 0.301880 0.233331 0.177465 0.141824 0.193688 0.196154 0.188410 0.227231 0.195536 0.252532 0.224502 0.233317 0.251474 0.248346 0.201417 0.257186 0.232167 0.204813 0.259413 0.208114 0.251507 0.282492 0.292845 0.280624 0.234039 0.275869 0.249413 0.290222 0.273594 0.310553 0.289660 0.372875 0.363515 0.410813 0.391073 0.432623 0.343807 0.336883 0.316264 0.310263 0.303623 0.270612 0.230532 0.274696 0.256363 0.237832 0.247996 0.232366 0.282443 0.314778 0.321305 0.374908 0.373417 0.342295 0.287231 0.246542 0.173848 0.193458 
192837465
11
0.296237 0.291460 0.339530 0.376514 0.379197 0.304680 0.307923 0.321222 0.285897 0.332406 0.295322 0.361775 0.294567 0.291224 0.279147 0.252115 0.233452 0.264156 0.242605 0.256679 0.234578 0.277541 0.190263 0.184272 0.188394 0.220079 0.236148 0.206586 0.233211 0.248239 0.228056 0.201673 0.177578 0.120072 0.144366 0.227174 0.204515 0.179593 0.171457 0.171334 0.166794 0.200482 0.171441 0.213502 0.198013 0.181664 0.138465 0.177176 0.175142 0.243200 0.264251 0.331732 0.299871 0.311518 0.317963 0.351799 0.317024 0.295643 0.234313 0.240585 0.226322 0.191222 0.218206 0.169749 0.189597 0.182741 0.243980 0.225984 0.183661 0.175041 0.174829 0.189027 0.238393 0.279702 0.275602 0.295437 0.243841 0.270408 0.272306 0.227754 0.271231 0.277120 0.303958 0.330113 0.299275 0.362952 0.375611 0.340701 0.304203 0.314840 0.425009 0.401037 0.400926 0.412651 0.388362 0.400518 0.449575 0.399202 0.470970 0.374403 0.369039 0.375534 0.387242 0.351143 0.351109 0.327257 0.305077 0.303766 0.350736 0.307529 0.276240 0.261288 0.344105 0.361316 0.275411 0.265704 0.199267 0.204851 0.180346 0.112533 
192837465
12
0.207998 0.259416 0.276387 0.273318 0.378652 0.365455 0.323259 0.284731 0.293969 0.326815 0.334438 0.305068 0.370770 0.318698 0.287238 0.269840 0.299689 0.241650 0.179206 0.224900 0.231886 0.263590 0.204266 0.151288 0.205370 0.208056 0.201010 0.187782 0.137750 0.175815 0.145887 0.173752 0.119299 0.115239 0.164250 0.187775 0.277383 0.214973 0.179146 0.168620 0.191846 0.254147 0.265753 0.253627 0.266368 0.211631 0.166132 0.159315 0.191521 0.231479 0.241118 0.270085 0.322910 0.311629 0.357342 0.358841 0.301841 0.302775 0.250060 0.229418 0.191982 0.151995 0.154835 0.198687 0.192673 0.177356 0.151273 0.157065 0.161083 0.238479 0.219639 0.217674 0.248031 0.296488 0.348357 0.335653 0.276695 0.286295 0.311182 0.296022 0.262957 0.275837 0.324603 0.358827 0.299731 0.259658 0.299627 0.318911 0.347588 0.389788 0.378506 0.384064 0.391132 0.370827 0.364643 0.387425 0.401276 0.411170 0.379408 0.337825 0.369567 0.400600 0.351241 0.323125 0.365788 0.298359 0.262658 0.275146 0.314879 0.346773 0.371388 0.358415 0.345257 0.346510 0.327757 0.257317 0.193252 0.155619 0.177647 0.171083 
192837465
13
0.159364 0.217596 0.278800 0.314543 0.290357 0.306541 0.263573 0.248611 0.251412 0.251616 0.291054 0.313160 0.241338 0.206737 0.158343 0.240336 0.255574 0.231478 0.226611 0.169283 0.200199 0.244113 0.269096 0.209282 0.153597 0.133333 0.199523 0.211853 0.197471 0.163596 0.159545 0.128345 0.155200 0.170784 0.113602 0.214066 0.195016 0.191847 0.174024 0.204700 0.204919 0.217727 0.212035 0.223213 0.181700 0.186154 0.183418 0.308039 0.241102 0.293130 0.275427 0.297477 0.348210 0.263671 0.252560 0.231478 0.238757 0.215526 0.203738 0.214185 0.246193 0.190893 0.203021 0.138994 0.143583 0.181083 0.151945 0.165465 0.188725 0.230715 0.200101 0.206142 0.212682 0.230573 0.274892 0.275832 0.330658 0.273400 0.292089 0.255776 0.270238 0.252986 0.269726 0.215965 0.279235 0.290502 0.225824 0.277883 0.294557 0.284324 0.307233 0.334549 0.369983 0.331473 0.326802 0.362289 0.383751 0.339702 0.349149 0.363026 0.341196 0.321000 0.291809 0.356154 0.301408 0.332772 0.291694 0.259903 0.298938 0.338089 0.331582 0.342701 0.333913 0.330851 0.303982 0.319688 0.264494 0.242660 0.219330 0.225183 
192837465
14
0.204205 0.232744 0.203307 0.191078 0.192574 0.187055 0.188591 0.260370 0.285353 0.241224 0.223159 0.231339 0.157492 0.169347 0.187018 0.239503 0.192810 0.204781 0.181096 0.168343 0.180036 0.128853 0.166249 0.154732 0.155532 0.103755 0.122468 0.182373 0.194717 0.182402 0.214341 0.224530 0.215440 0.205047 0.171790 0.175871 0.182937 0.135783 0.078096 0.121131 0.181737 0.176598 0.144860 0.121400 0.133601 0.180258 0.175862 0.256469 0.317325 0.230537 0.198687 0.272566 0.297290 0.190675 0.197551 0.154722 0.152822 0.180910 0.148809 0.170083 0.174665 0.238193 0.227007 0.274338 0.246912 0.334486 0.286655 0.287720 0.272117 0.271939 0.264585 0.237139 0.180958 0.231114 0.192890 0.274328 0.231253 0.228496 0.215317 0.220156 0.266888 0.266123 0.250155 0.239488 0.281065 0.284446 0.291570 0.311568 0.274183 0.302717 0.306272 0.290952 0.228080 0.297866 0.344577 0.349889 0.334327 0.288641 0.330388 0.331162 0.358180 0.385794 0.286076 0.291949 0.289108 0.270481 0.242142 0.276875 0.272182 0.254727 0.216123 0.216384 0.172432 0.256575 0.355435 0.340397 0.298934 0.280572 0.249150 0.190492 
192837465
15
0.351687 0.276376 0.173831 0.190373 0.163811 0.183693 0.255537 0.178911 0.233479 0.267904 0.242472 0.203227 0.121058 0.095054 0.152647 0.208814 0.167088 0.178670 0.181197 0.230421 0.228658 0.222342 0.194361 0.144041 0.160374 0.170946 0.194565 0.192226 0.153197 0.107021 0.148079 0.214236 0.198409 0.147343 0.169047 0.117144 0.150101 0.126528 0.061915 0.015817 0.107128 0.185678 0.180424 0.159381 0.198691 0.196236 0.221417 0.195846 0.281449 0.303116 0.248550 0.278884 0.290631 0.158287 0.124563 0.140165 0.171834 0.189465 0.211866 0.152064 0.238285 0.246098 0.264422 0.251366 0.324311 0.346112 0.320602 0.323573 0.320893 0.345550 0.335859 0.316097 0.305880 0.276848 0.238551 0.248205 0.252771 0.210903 0.212541 0.266519 0.274686 0.277361 0.304100 0.335534 0.347788 0.297283 0.340419 0.314997 0.274073 0.327427 0.344986 0.300450 0.325052 0.348193 0.343571 0.366216 0.364718 0.341596 0.323287 0.336180 0.301506 0.293072 0.271308 0.299131 0.281699 0.278597 0.301306 0.316449 0.298993 0.246856 0.252112 0.168170 0.246058 0.276261 0.224101 0.270869 0.259918 0.239686 0.209758 0.163960 
192837465
