1200.000000
160.000000
120
16
1
0.500000
2
2
0
0.258005 0.257518 0.282862 0.248281 0.347165 0.358521 0.326414 0.353290 0.268584 0.344159 0.309594 0.212905 0.221670 0.216842 0.238675 0.202365 0.180967 0.204605 0.116421 0.113117 0.146836 0.176870 0.272032 0.301274 0.310326 0.307403 0.306925 0.321427 0.315459 0.323376 0.294762 0.258347 0.252346 0.302011 0.274360 0.235836 0.239589 0.325233 0.280608 0.194175 0.140446 0.067488 0.195003 0.223243 0.287388 0.295807 0.274782 0.324475 0.290376 0.265329 0.315745 0.297217 0.288492 0.233083 0.259456 0.328200 0.330750 0.274669 0.239431 0.223574 0.230727 0.230516 0.267417 0.322609 0.324320 0.321129 0.294943 0.309217 0.270309 0.319124 0.295590 0.257286 0.275231 0.294341 0.253684 0.284513 0.275173 0.274433 0.242411 0.235753 0.239399 0.220778 0.209135 0.221228 0.216702 0.180387 0.206655 0.245361 0.286957 0.263988 0.324974 0.359646 0.314808 0.279598 0.261836 0.299424 0.239361 0.275226 0.322404 0.275764 0.184979 0.209381 0.246120 0.301635 0.314733 0.365916 0.309970 0.282376 0.286058 0.335269 0.291293 0.270483 0.252639 0.236095 0.248244 0.247920 0.157235 0.189801 0.196259 0.246027 
192837465
1
0.251393 0.253189 0.299823 0.358653 0.331725 0.322442 0.377556 0.324514 0.335628 0.379618 0.297819 0.354051 0.284462 0.243554 0.180798 0.165605 0.175420 0.210344 0.138717 0.155754 0.150171 0.168769 0.150321 0.216998 0.264520 0.359317 0.367506 0.344464 0.390505 0.334866 0.368097 0.283229 0.312130 0.332618 0.295146 0.313227 0.315683 0.346741 0.318969 0.240916 0.186402 0.212009 0.185414 0.228388 0.354351 0.337697 0.344597 0.322047 0.358390 0.327164 0.307239 0.333820 0.317496 0.285810 0.305290 0.214836 0.231377 0.244947 0.204947 0.238984 0.216213 0.302639 0.257588 0.319283 0.305770 0.251975 0.250192 0.247616 0.230344 0.219327 0.207276 0.269636 0.401177 0.371240 0.304451 0.235694 0.230767 0.225172 0.185575 0.168898 0.147608 0.181270 0.236425 0.216028 0.204681 0.207603 0.208632 0.255896 0.266704 0.306845 0.260500 0.322584 0.346502 0.278128 0.334057 0.339153 0.292849 0.298109 0.290414 0.329087 0.274727 0.201221 0.316279 0.352160 0.317619 0.328590 0.301868 0.299646 0.348842 0.316824 0.280370 0.276964 0.254862 0.280529 0.258892 0.274816 0.208179 0.249605 0.286406 0.285480 
192837465
2
0.289968 0.255714 0.232294 0.224186 0.268767 0.326780 0.282535 0.293889 0.325121 0.373689 0.376477 0.362610 0.339332 0.329406 0.345373 0.347865 0.288624 0.184028 0.265737 0.228542 0.223466 0.202377 0.217753 0.271808 0.311272 0.310868 0.332165 0.360277 0.395807 0.366873 0.292961 0.332456 0.330632 0.377891 0.374271 0.310830 0.331460 0.353054 0.314371 0.273084 0.248091 0.271379 0.273188 0.191932 0.264953 0.320690 0.234017 0.269517 0.282121 0.279527 0.248218 0.222569 0.271923 0.268121 0.238961 0.155941 0.148677 0.151230 0.167378 0.229699 0.273605 0.256564 0.292803 0.316669 0.355289 0.311150 0.302956 0.295829 0.287791 0.231992 0.262467 0.267587 0.318568 0.308092 0.274951 0.288995 0.198417 0.234039 0.179405 0.138498 0.129207 0.091018 0.119682 0.214527 0.221254 0.151942 0.234666 0.248278 0.269516 0.278686 0.268418 0.269275 0.337479 0.358969 0.315689 0.319805 0.401678 0.306072 0.388887 0.390956 0.342843 0.313925 0.327612 0.391320 0.386398 0.385754 0.345511 0.299703 0.272787 0.292310 0.317188 0.259797 0.248169 0.267477 0.249770 0.208046 0.203606 0.209440 0.218552 0.222811 
192837465
3
0.324276 0.271988 0.235305 0.223155 0.234638 0.223240 0.215966 0.219559 0.330678 0.369811 0.355537 0.375579 0.376860 0.363537 0.363412 0.349077 0.273423 0.197097 0.234226 0.267741 0.268849 0.336292 0.299529 0.343188 0.338922 0.304173 0.341512 0.399256 0.397509 0.391212 0.381307 0.345211 0.405942 0.443702 0.339222 0.263816 0.227179 0.275291 0.295156 0.288685 0.211032 0.192238 0.183827 0.181082 0.266414 0.277166 0.252697 0.268371 0.208357 0.158889 0.117316 0.137152 0.252341 0.222226 0.169762 0.166173 0.106062 0.052842 0.072964 0.123389 0.201124 0.290353 0.235686 0.307709 0.273790 0.403317 0.382062 0.343745 0.285299 0.274668 0.257498 0.244552 0.233830 0.194928 0.210987 0.204117 0.241631 0.210332 0.177767 0.160524 0.183620 0.129129 0.113975 0.190248 0.195630 0.107335 0.117726 0.185472 0.177107 0.204954 0.196010 0.167505 0.262306 0.316816 0.345729 0.377866 0.426451 0.454163 0.411564 0.452244 0.472109 0.464837 0.409331 0.350635 0.402549 0.364535 0.362814 0.365231 0.342931 0.390282 0.304425 0.247170 0.208729 0.218456 0.266237 0.227687 0.279260 0.274086 0.322840 0.320119 
192837465
4
0.271837 0.334631 0.256169 0.250553 0.238277 0.286192 0.263438 0.322287 0.350374 0.313524 0.332254 0.367411 0.402436 0.368765 0.343318 0.321280 0.271244 0.274804 0.262900 0.315106 0.341132 0.309385 0.325997 0.330333 0.362841 0.387268 0.361209 0.381423 0.344103 0.391544 0.358122 0.367025 0.412142 0.378892 0.351040 0.279331 0.230487 0.214611 0.165348 0.153238 0.126066 0.102899 0.100156 0.116344 0.192072 0.264121 0.258571 0.153934 0.183969 0.148173 0.188369 0.293331 0.246789 0.253679 0.193226 0.170613 0.177476 0.177028 0.167465 0.168898 0.248430 0.270054 0.240747 0.291561 0.201365 0.194736 0.229874 0.264496 0.228923 0.241051 0.289565 0.275022 0.244453 0.251089 0.264415 0.292199 0.328184 0.212364 0.248562 0.191607 0.106118 0.121876 0.147337 0.087613 0.113711 0.153178 0.183164 0.233866 0.247354 0.238789 0.264000 0.190545 0.220265 0.241918 0.294706 0.325862 0.421165 0.483011 0.475669 0.455990 0.446928 0.342095 0.245048 0.293479 0.280108 0.392715 0.309792 0.316083 0.274551 0.273125 0.278453 0.196382 0.260278 0.319975 0.367651 0.316609 0.281848 0.294614 0.269186 0.256241 
192837465
5
0.282726 0.243003 0.282589 0.340162 0.309629 0.354175 0.354465 0.350649 0.353543 0.281369 0.294554 0.255596 0.272506 0.257861 0.290601 0.284704 0.314080 0.330568 0.299418 0.278138 0.325226 0.272984 0.296900 0.278182 0.316315 0.312648 0.309548 0.292109 0.283850 0.366791 0.430669 0.373463 0.351220 0.357714 0.299423 0.239784 0.290073 0.284236 0.219290 0.203027 0.145707 0.107039 0.049977 0.014373 0.103185 0.150753 0.102055 0.120640 0.092153 0.183304 0.207771 0.218177 0.253204 0.244730 0.180237 0.212427 0.289944 0.245134 0.218625 0.255987 0.213866 0.264370 0.303225 0.269921 0.255631 0.232991 0.210126 0.173152 0.203847 0.235691 0.233721 0.224569 0.239007 0.263150 0.262076 0.278254 0.321475 0.218088 0.171577 0.177894 0.204019 0.228878 0.230305 0.188697 0.179334 0.223526 0.250814 0.270242 0.208612 0.203784 0.227006 0.157449 0.196902 0.198700 0.197441 0.312364 0.302692 0.316449 0.398510 0.387773 0.320292 0.269045 0.293178 0.370176 0.393990 0.306897 0.336538 0.363573 0.315670 0.203357 0.184042 0.213644 0.230606 0.195406 0.265780 0.314442 0.301711 0.306954 0.321792 0.265007 
192837465
6
0.375013 0.328963 0.354379 0.364902 0.369239 0.359126 0.331918 0.309610 0.307991 0.240026 0.237993 0.242936 0.260108 0.326460 0.303048 0.321547 0.275840 0.275184 0.264327 0.238196 0.211963 0.274929 0.210629 0.247721 0.259094 0.212944 0.258378 0.271303 0.252674 0.321653 0.346612 0.372083 0.314727 0.256233 0.246585 0.171481 0.231771 0.176400 0.193778 0.173104 0.151973 0.104181 0.104654 0.099647 0.180992 0.127054 0.193270 0.176094 0.149715 0.161511 0.192812 0.210988 0.223239 0.224080 0.238251 0.220569 0.262484 0.239842 0.268873 0.292085 0.312962 0.298212 0.244441 0.306045 0.381407 0.333956 0.285142 0.222956 0.174972 0.229022 0.217112 0.101736 0.175730 0.206398 0.217561 0.241267 0.231346 0.275031 0.298336 0.243895 0.220756 0.180580 0.207674 0.231799 0.157597 0.113260 0.163047 0.208460 0.177302 0.141668 0.163303 0.207927 0.191875 0.214469 0.188198 0.243222 0.286690 0.343567 0.394886 0.424298 0.392453 0.377013 0.334762 0.356624 0.357286 0.353706 0.315302 0.336068 0.315503 0.294627 0.274367 0.210618 0.200679 0.197922 0.272984 0.343231 0.306290 0.347497 0.316886 0.258871 
192837465
7
0.301541 0.343251 0.206812 0.268829 0.270623 0.329699 0.352731 0.352947 0.341626 0.251317 0.266485 0.322942 0.336907 0.329636 0.378148 0.286638 0.223099 0.240078 0.211495 0.213511 0.127845 0.157879 0.216855 0.204364 0.260253 0.246926 0.226449 0.270695 0.257460 0.226635 0.264248 0.252156 0.291996 0.236225 0.257797 0.215058 0.206198 0.152886 0.183631 0.176083 0.188178 0.115816 0.124831 0.175444 0.221433 0.195443 0.277355 0.242500 0.262294 0.228849 0.158662 0.174507 0.193652 0.182963 0.147408 0.190987 0.207802 0.227811 0.254620 0.312081 0.278672 0.219890 0.231807 0.271590 0.256288 0.278742 0.246751 0.214937 0.208543 0.163317 0.170496 0.174822 0.194087 0.198337 0.218289 0.208308 0.214202 0.248691 0.244549 0.275495 0.233548 0.221562 0.233717 0.174663 0.154091 0.132345 0.128566 0.112464 0.068149 0.084384 0.152413 0.193530 0.158792 0.221521 0.266586 0.277395 0.245374 0.298153 0.378017 0.340035 0.265667 0.327577 0.346980 0.342841 0.330731 0.297617 0.241411 0.341711 0.326046 0.327104 0.257445 0.316975 0.289922 0.279433 0.224802 0.342540 0.290092 0.262836 0.270668 0.242743 
192837465
8
0.312323 0.272141 0.268954 0.268444 0.261520 0.231495 0.278117 0.328911 0.245947 0.283079 0.289406 0.312989 0.377784 0.385931 0.345507 0.303417 0.271345 0.226749 0.260114 0.289494 0.254829 0.196950 0.179933 0.271432 0.283561 0.244847 0.260547 0.224906 0.178119 0.150781 0.186423 0.181571 0.254871 0.251346 0.230513 0.197651 0.274512 0.126442 0.133518 0.147744 0.192511 0.170356 0.189431 0.187660 0.193291 0.162929 0.194329 0.276940 0.318508 0.259716 0.228342 0.238485 0.269586 0.263448 0.178852 0.145772 0.170866 0.237297 0.215176 0.190951 0.256181 0.279149 0.287086 0.283315 0.245610 0.239366 0.190349 0.141310 0.152594 0.159638 0.165550 0.133486 0.271458 0.235198 0.240032 0.274841 0.286506 0.254100 0.229318 0.215914 0.255708 0.287287 0.268081 0.215776 0.142113 0.146524 0.156799 0.135662 0.145897 0.176652 0.199382 0.177063 0.176124 0.246413 0.229861 0.247716 0.246777 0.223173 0.262327 0.305192 0.263787 0.278196 0.258412 0.383112 0.356476 0.270269 0.237857 0.261422 0.282705 0.312499 0.286631 0.289580 0.300459 0.316035 0.268459 0.301329 0.286124 0.308938 0.287583 0.301878 
192837465
9
0.356191 0.313428 0.305203 0.222191 0.238886 0.138613 0.180890 0.226604 0.283574 0.278958 0.281596 0.285152 0.268974 0.268551 0.320788 0.295317 0.258234 0.273945 0.304402 0.306611 0.311397 0.323977 0.286703 0.307123 0.272375 0.183429 0.293791 0.285493 0.273027 0.277087 0.259035 0.268690 0.236772 0.286077 0.234547 0.221045 0.195680 0.112327 0.189223 0.204678 0.235928 0.236331 0.159179 0.084478 0.132960 0.153928 0.180697 0.223230 0.231135 0.198647 0.132516 0.248152 0.217012 0.247468 0.201691 0.233943 0.189726 0.149804 0.153285 0.170625 0.240447 0.260155 0.310765 0.304197 0.268523 0.264752 0.214838 0.195257 0.223743 0.158581 0.125371 0.158211 0.115497 0.200061 0.180142 0.167040 0.211241 0.191391 0.205264 0.233671 0.170613 0.185839 0.195854 0.117005 0.170304 0.273035 0.266120 0.266976 0.224452 0.265805 0.253744 0.231851 0.232325 0.163183 0.157680 0.240570 0.224710 0.271343 0.261841 0.274702 0.266607 0.281555 0.276435 0.302397 0.279758 0.277245 0.223077 0.249329 0.196492 0.299108 0.254778 0.247983 0.208197 0.161413 0.259436 0.270109 0.241316 0.286490 0.261269 0.220627 
192837465
10
0.227320 0.240149 0.202638 0.228599 0.200693 0.210205 0.236776 0.236271 0.208895 0.218747 0.180808 0.205360 0.165038 0.241894 0.262000 0.218633 0.252762 0.273073 0.302961 0.293489 0.341389 0.317502 0.302493 0.239951 0.183026 0.155517 0.128788 0.212510 0.238737 0.204740 0.219847 0.278259 0.343580 0.387079 0.371397 0.281506 0.188987 0.211140 0.203015 0.240258 0.217660 0.208898 0.165158 0.083255 0.140707 0.197164 0.200867 0.195614 0.173346 0.155143 0.106745 0.146030 0.173033 0.088934 0.131067 0.101393 0.155467 0.151430 0.155960 0.200351 0.242748 0.211068 0.203754 0.244386 0.263472 0.250164 0.231356 0.197624 0.199676 0.140682 0.126091 0.169488 0.166025 0.165508 0.142002 0.212743 0.208611 0.223551 0.240894 0.255037 0.221247 0.189095 0.148382 0.183163 0.243394 0.258505 0.280760 0.298264 0.335229 0.323365 0.286519 0.314434 0.284555 0.207845 0.225401 0.250395 0.307638 0.270393 0.255126 0.254397 0.240125 0.217096 0.207744 0.220149 0.231334 0.234174 0.224101 0.216456 0.241788 0.262175 0.181207 0.147233 0.165935 0.154559 0.175802 0.273813 0.282528 0.222148 0.289697 0.320656 
192837465
11
0.306343 0.266792 0.287596 0.216242 0.193873 0.173001 0.158094 0.203605 0.283793 0.236704 0.221981 0.222054 0.125851 0.110576 0.158110 0.191933 0.181089 0.226066 0.278473 0.308687 0.295990 0.251968 0.262325 0.141159 0.130787 0.141126 0.205927 0.196454 0.213002 0.152626 0.205774 0.267359 0.285528 0.272838 0.300320 0.361410 0.295167 0.385505 0.378799 0.381494 0.292399 0.268725 0.269171 0.197277 0.187823 0.102641 0.119113 0.187602 0.233645 0.213191 0.154443 0.184169 0.170311 0.141916 0.200955 0.100021 0.174110 0.167513 0.137540 0.151511 0.168814 0.210391 0.227867 0.213076 0.226514 0.269416 0.193129 0.193459 0.187657 0.166867 0.116937 0.106423 0.138405 0.194352 0.114050 0.187154 0.246089 0.215820 0.253060 0.289222 0.301373 0.316024 0.243132 0.225527 0.276042 0.258006 0.293543 0.248616 0.287392 0.311242 0.267202 0.234299 0.263794 0.244041 0.197143 0.188824 0.206368 0.279451 0.245637 0.246722 0.246945 0.287004 0.275836 0.279997 0.241533 0.212289 0.234039 0.228330 0.176584 0.233751 0.180816 0.085247 0.093400 0.149493 0.243840 0.175921 0.187874 0.207333 0.182146 0.304240 
192837465
12
0.261362 0.316557 0.323943 0.271959 0.306523 0.254583 0.251093 0.265681 0.214343 0.203086 0.103462 0.111033 0.121899 0.091789 0.134223 0.131741 0.089373 0.104564 0.238605 0.322368 0.243765 0.189417 0.155118 0.122905 0.142434 0.243307 0.264899 0.281349 0.249576 0.290334 0.267345 0.288384 0.307177 0.297155 0.291721 0.351237 0.348431 0.396511 0.333203 0.328814 0.369979 0.330762 0.275615 0.313058 0.326444 0.281446 0.243659 0.255562 0.285552 0.269884 0.251351 0.230971 0.319814 0.237951 0.253203 0.185761 0.194172 0.230540 0.187167 0.236002 0.196664 0.187105 0.246286 0.277526 0.186583 0.184404 0.157897 0.145297 0.151607 0.177568 0.157634 0.186963 0.148645 0.154141 0.129393 0.256601 0.289284 0.294324 0.329658 0.269352 0.328357 0.293901 0.327682 0.297075 0.324360 0.305768 0.292608 0.299175 0.269769 0.235486 0.308500 0.280372 0.255034 0.263073 0.298737 0.211815 0.170039 0.224515 0.287165 0.230452 0.202937 0.261912 0.288382 0.336358 0.306164 0.272847 0.208830 0.164100 0.200170 0.198377 0.237802 0.206448 0.158305 0.227055 0.195398 0.131105 0.117131 0.130035 0.038215 0.078250 
192837465
13
0.331968 0.231054 0.256595 0.293291 0.311274 0.321846 0.316305 0.300375 0.230864 0.148534 0.102672 0.125692 0.158899 0.164430 0.129237 0.059096 0.093634 0.126111 0.155421 0.201709 0.208393 0.208039 0.231066 0.284229 0.247491 0.214316 0.192412 0.290383 0.317235 0.261404 0.269446 0.306597 0.324789 0.403285 0.414471 0.386140 0.325650 0.283627 0.267822 0.309540 0.303856 0.329285 0.314045 0.302617 0.250331 0.262368 0.331489 0.301054 0.247393 0.271103 0.233293 0.201153 0.183145 0.184267 0.082728 0.171595 0.144924 0.176615 0.181490 0.284152 0.249831 0.244541 0.249145 0.219849 0.167222 0.166263 0.058375 0.036505 0.152946 0.184818 0.139265 0.152203 0.210205 0.219257 0.262728 0.271870 0.274782 0.313631 0.274953 0.283538 0.345609 0.316587 0.375408 0.294005 0.306555 0.313547 0.273258 0.235843 0.289090 0.265244 0.293304 0.226640 0.224487 0.208869 0.224098 0.211581 0.226263 0.251492 0.232567 0.188131 0.170541 0.263757 0.317084 0.250303 0.277814 0.273791 0.174493 0.175055 0.211401 0.197011 0.262454 0.258626 0.234925 0.260163 0.263389 0.237905 0.214503 0.227439 0.247117 0.177053 
192837465
14
0.313740 0.278227 0.266210 0.235019 0.273231 0.279832 0.301746 0.284800 0.274197 0.221989 0.094679 0.074708 0.084359 0.141992 0.126868 0.084377 0.125857 0.193960 0.177538 0.214974 0.197667 0.265491 0.319944 0.267452 0.312502 0.298410 0.285898 0.344119 0.334282 0.281565 0.261008 0.281650 0.314490 0.336256 0.395692 0.424473 0.392471 0.293604 0.359452 0.329216 0.349693 0.317866 0.297388 0.285624 0.259547 0.285808 0.276510 0.208934 0.177496 0.169240 0.205841 0.213233 0.161811 0.157513 0.127563 0.166027 0.160685 0.229443 0.238329 0.238150 0.337003 0.298324 0.300484 0.274497 0.256504 0.208895 0.181852 0.246435 0.269880 0.267504 0.309477 0.224609 0.257740 0.228014 0.277594 0.160165 0.173865 0.250435 0.221815 0.215168 0.312419 0.386715 0.372311 0.365917 0.359075 0.346448 0.214988 0.216340 0.214208 0.240885 0.244079 0.231869 0.152524 0.233125 0.210773 0.188133 0.189149 0.243483 0.213193 0.231520 0.225254 0.244102 0.235476 0.218862 0.188677 0.243291 0.251660 0.349453 0.373110 0.312754 0.321633 0.279080 0.209983 0.224946 0.318779 0.310084 0.230745 0.267913 0.233081 0.250952 
192837465
15
0.336007 0.300050 0.317415 0.355840 0.314393 0.310452 0.277560 0.257726 0.250918 0.152364 0.168476 0.197027 0.084769 0.199852 0.193546 0.249578 0.181141 0.248887 0.305418 0.295066 0.313030 0.306828 0.279245 0.228519 0.318691 0.348332 0.283715 0.337763 0.226307 0.288709 0.310863 0.311088 0.375368 0.337173 0.305202 0.272684 0.296217 0.319015 0.327662 0.345116 0.329758 0.308957 0.355452 0.294365 0.290828 0.307665 0.262546 0.255386 0.169912 0.179947 0.182360 0.179790 0.227227 0.130128 0.117034 0.125470 0.143494 0.217997 0.188797 0.239133 0.258262 0.244997 0.224707 0.256714 0.210166 0.320691 0.277088 0.252507 0.316028 0.280862 0.239622 0.206216 0.209945 0.237661 0.175169 0.202353 0.171554 0.174694 0.174396 0.262724 0.308407 0.345146 0.329397 0.307815 0.293542 0.222581 0.250562 0.239484 0.184360 0.200809 0.205106 0.236736 0.244331 0.189891 0.184108 0.199484 0.205793 0.115171 0.145038 0.151815 0.141097 0.188444 0.123851 0.199225 0.115503 0.195353 0.218020 0.228293 0.299107 0.253820 0.264140 0.178961 0.184689 0.126010 0.179098 0.232008 0.284257 0.277173 0.232090 0.278642 
192837465
