1200.000000
160.000000
120
16
1
0.500000
2
2
0
0.311368 0.345006 0.370541 0.289513 0.303916 0.353794 0.350457 0.300558 0.293044 0.338471 0.318852 0.324296 0.264981 0.234506 0.227257 0.215735 0.254502 0.289385 0.315445 0.283554 0.238342 0.259238 0.295076 0.337630 0.300514 0.247801 0.251784 0.240360 0.241610 0.258518 0.279903 0.224274 0.251815 0.231474 0.276555 0.251265 0.279067 0.318948 0.306196 0.314913 0.303893 0.299445 0.304082 0.265875 0.244429 0.290836 0.330955 0.273215 0.256177 0.277391 0.261194 0.349050 0.324703 0.268299 0.244496 0.173745 0.166779 0.149313 0.189811 0.177938 0.204815 0.170702 0.141404 0.152354 0.108320 0.085703 0.069203 0.094717 0.095776 0.097121 0.189591 0.267188 0.268549 0.275029 0.214895 0.206917 0.250169 0.235002 0.167450 0.133140 0.099401 0.133976 0.104704 0.064009 0.070442 0.099530 0.119418 0.128781 0.132042 0.191688 0.116753 0.105500 0.154090 0.143276 0.183648 0.173100 0.207632 0.221505 0.198262 0.167660 0.145206 0.117532 0.098294 0.107847 0.121706 0.115778 0.133043 0.112448 0.115071 0.146418 0.221241 0.253371 0.261516 0.287918 0.319263 0.363722 0.409078 0.373605 0.434841 0.381081 
192837465
1
0.217471 0.239381 0.241394 0.264728 0.267627 0.313951 0.341374 0.337192 0.277019 0.342418 0.323466 0.292322 0.238005 0.259757 0.295565 0.310681 0.231375 0.239456 0.200624 0.206626 0.230856 0.240885 0.286949 0.288028 0.303342 0.235325 0.227740 0.262941 0.221659 0.260671 0.261138 0.222935 0.250572 0.274652 0.281783 0.295643 0.223705 0.245821 0.271925 0.292005 0.350135 0.306789 0.298134 0.311273 0.275550 0.267220 0.246230 0.250869 0.209228 0.225564 0.252403 0.313525 0.215432 0.231420 0.233894 0.198088 0.146700 0.184066 0.180823 0.149582 0.197438 0.170297 0.168010 0.165047 0.162283 0.161478 0.153117 0.135571 0.158611 0.198385 0.216697 0.212181 0.236259 0.200933 0.181200 0.179493 0.138233 0.111369 0.105690 0.089145 0.100410 0.131715 0.083635 0.120920 0.135403 0.143872 0.161021 0.172609 0.144978 0.178377 0.154758 0.149904 0.177710 0.181597 0.233141 0.265593 0.238050 0.234446 0.223487 0.206118 0.150164 0.171023 0.190442 0.158515 0.125139 0.094928 0.194122 0.227917 0.227377 0.203390 0.208794 0.271395 0.312714 0.292296 0.357875 0.248719 0.316370 0.333978 0.332669 0.333503 
192837465
2
0.233738 0.141238 0.190284 0.199228 0.223433 0.175354 0.204499 0.249607 0.253894 0.279177 0.297437 0.258734 0.278005 0.269722 0.232351 0.205850 0.237465 0.316340 0.264738 0.229274 0.255576 0.266360 0.290006 0.258178 0.218366 0.243068 0.249387 0.260650 0.261461 0.264132 0.204342 0.265870 0.248686 0.211196 0.247525 0.251912 0.242054 0.254722 0.269568 0.300696 0.326294 0.344032 0.306733 0.258710 0.317254 0.312339 0.259495 0.247614 0.234528 0.254145 0.253105 0.258649 0.262015 0.316357 0.307232 0.242488 0.175850 0.198142 0.203230 0.218767 0.228784 0.200275 0.214560 0.149688 0.158823 0.165752 0.137088 0.108610 0.177373 0.173328 0.218049 0.219280 0.156622 0.176430 0.139655 0.144500 0.120742 0.130166 0.140576 0.121699 0.119459 0.154270 0.146762 0.142369 0.186119 0.179188 0.150183 0.122624 0.100365 0.137641 0.180627 0.154707 0.194531 0.146497 0.222300 0.251740 0.272886 0.252530 0.194020 0.198745 0.127219 0.157654 0.226866 0.228228 0.205994 0.144578 0.153571 0.184309 0.198544 0.218773 0.236648 0.304861 0.316150 0.370558 0.365184 0.295141 0.286918 0.272317 0.320813 0.332557 
192837465
3
0.206185 0.148900 0.113111 0.138958 0.162435 0.221642 0.195337 0.232881 0.278082 0.289404 0.240107 0.289605 0.324603 0.309344 0.276538 0.253663 0.250721 0.250963 0.280088 0.237666 0.266986 0.302868 0.300693 0.361935 0.332366 0.279784 0.313154 0.324352 0.300547 0.300531 0.322248 0.333064 0.288055 0.213185 0.273275 0.258174 0.275312 0.300015 0.254661 0.284331 0.252899 0.301345 0.273685 0.276693 0.218591 0.193685 0.241741 0.205168 0.192542 0.235152 0.211085 0.258032 0.222922 0.234791 0.273919 0.229560 0.245124 0.248500 0.237934 0.239534 0.226933 0.194334 0.177080 0.161439 0.238546 0.258539 0.237684 0.232194 0.239008 0.216712 0.239040 0.227674 0.170745 0.193753 0.186753 0.180758 0.153009 0.120730 0.152580 0.154697 0.189311 0.174255 0.198388 0.172076 0.157567 0.126438 0.123889 0.119040 0.115116 0.147812 0.190418 0.235262 0.224044 0.137277 0.192669 0.236757 0.241007 0.270274 0.243073 0.146978 0.227031 0.265991 0.205625 0.184476 0.152117 0.161727 0.252649 0.234081 0.176246 0.220812 0.302161 0.335382 0.279941 0.312002 0.323403 0.323915 0.324094 0.300196 0.336994 0.295444 
192837465
4
0.316101 0.236950 0.143154 0.137659 0.227699 0.233335 0.277938 0.294985 0.329783 0.317346 0.299201 0.298260 0.294690 0.277353 0.272062 0.285115 0.225760 0.201288 0.149768 0.199803 0.196479 0.250724 0.308333 0.246392 0.321464 0.324301 0.304753 0.363995 0.381366 0.362686 0.355749 0.392921 0.351150 0.319672 0.267614 0.270690 0.279057 0.230808 0.181746 0.213828 0.210871 0.220427 0.222877 0.277194 0.253780 0.202002 0.189056 0.167874 0.113373 0.165043 0.242879 0.216289 0.199746 0.209630 0.181084 0.233514 0.157166 0.196560 0.241424 0.263034 0.190992 0.223664 0.249557 0.298395 0.287308 0.253434 0.239387 0.238316 0.263749 0.241848 0.208042 0.190147 0.201832 0.145135 0.065619 0.180529 0.236869 0.229866 0.221669 0.183280 0.122160 0.163523 0.160119 0.128167 0.149872 0.132729 0.144837 0.204253 0.190379 0.145005 0.139210 0.075516 0.096993 0.169749 0.174304 0.210218 0.211756 0.177391 0.182687 0.208143 0.193771 0.252891 0.165200 0.192055 0.242668 0.228404 0.232132 0.228351 0.313483 0.392269 0.357602 0.316608 0.267113 0.304010 0.239191 0.250523 0.241411 0.263987 0.290855 0.288452 
192837465
5
0.218817 0.264210 0.244769 0.205395 0.207519 0.254785 0.257801 0.239545 0.336436 0.365363 0.351362 0.387131 0.263057 0.285876 0.283489 0.311907 0.282581 0.221209 0.183780 0.141163 0.204025 0.270450 0.274424 0.269765 0.299508 0.375173 0.375342 0.372999 0.421562 0.434346 0.410189 0.340240 0.371826 0.297897 0.280882 0.288721 0.286747 0.263420 0.241393 0.152293 0.142908 0.099359 0.150515 0.157585 0.174507 0.168177 0.245041 0.224562 0.185024 0.242799 0.194564 0.206143 0.221742 0.203238 0.187840 0.189216 0.197247 0.239865 0.209027 0.235385 0.374473 0.344278 0.333487 0.313048 0.359085 0.348128 0.307764 0.283378 0.287988 0.301781 0.252743 0.246463 0.285583 0.253138 0.215254 0.211080 0.231383 0.257906 0.236496 0.210876 0.203488 0.227100 0.221146 0.192615 0.213618 0.256653 0.247925 0.217038 0.166416 0.111436 0.176791 0.174330 0.227743 0.233795 0.206459 0.232911 0.242901 0.208126 0.233995 0.262932 0.279370 0.261272 0.257493 0.223449 0.203210 0.245616 0.260256 0.329994 0.301458 0.280742 0.306626 0.293800 0.277481 0.265819 0.252138 0.275918 0.231370 0.311566 0.348503 0.337668 
192837465
6
0.255596 0.242363 0.279561 0.278546 0.301667 0.242860 0.306135 0.290961 0.336232 0.378395 0.360987 0.343875 0.325286 0.287648 0.265753 0.315652 0.307856 0.281783 0.274195 0.255772 0.204704 0.232343 0.284010 0.267733 0.302295 0.373014 0.366761 0.386281 0.394707 0.378993 0.320725 0.314524 0.280164 0.264384 0.294638 0.283873 0.277267 0.300086 0.233694 0.237960 0.221172 0.173124 0.145603 0.143345 0.105816 0.213282 0.257334 0.236040 0.198650 0.191849 0.263756 0.284149 0.289260 0.266232 0.275337 0.235501 0.260554 0.255016 0.223632 0.221091 0.302498 0.305347 0.294946 0.338441 0.355162 0.352328 0.358889 0.294818 0.249400 0.285885 0.234504 0.238424 0.229333 0.223753 0.232969 0.258609 0.307160 0.259585 0.280433 0.287102 0.314535 0.282390 0.265665 0.311691 0.300734 0.265997 0.234807 0.183711 0.174115 0.196531 0.171617 0.223199 0.224398 0.323294 0.267301 0.261166 0.277823 0.281009 0.288024 0.226414 0.232530 0.252111 0.300358 0.240175 0.180606 0.182063 0.223968 0.284263 0.240138 0.270662 0.266399 0.309286 0.240671 0.241688 0.283197 0.251247 0.238900 0.237125 0.263069 0.208613 
192837465
7
0.341245 0.326602 0.299822 0.257876 0.283595 0.270464 0.275915 0.244958 0.328920 0.376038 0.335816 0.310971 0.251559 0.295759 0.320753 0.268974 0.235652 0.236127 0.226625 0.186522 0.183315 0.236197 0.210786 0.220921 0.274243 0.312539 0.329134 0.328148 0.253731 0.238437 0.255678 0.222583 0.246069 0.250182 0.235067 0.274809 0.299932 0.251630 0.178047 0.153195 0.138480 0.117918 0.093325 0.116734 0.131116 0.151273 0.224402 0.167823 0.242761 0.288102 0.297998 0.294550 0.327388 0.381491 0.360203 0.394276 0.330147 0.336258 0.339659 0.290405 0.311692 0.296662 0.308028 0.282576 0.357615 0.397847 0.347382 0.301955 0.294525 0.304841 0.237711 0.225633 0.233430 0.170571 0.249386 0.329473 0.357684 0.378936 0.363075 0.316327 0.323921 0.323121 0.318738 0.304016 0.214854 0.190971 0.147732 0.098909 0.128432 0.201731 0.238432 0.176747 0.200073 0.332367 0.321009 0.306529 0.283921 0.299446 0.296594 0.266806 0.241917 0.246988 0.274387 0.229121 0.216566 0.224716 0.279430 0.257881 0.294082 0.272118 0.324175 0.264595 0.235383 0.215222 0.216578 0.204830 0.209740 0.224021 0.190967 0.134266 
192837465
8
0.355718 0.289624 0.260426 0.229176 0.262129 0.236620 0.239341 0.283332 0.280459 0.277155 0.309783 0.355455 0.300719 0.286272 0.294138 0.259901 0.234758 0.233654 0.250736 0.215929 0.171937 0.224490 0.233899 0.241509 0.245764 0.285997 0.250155 0.267111 0.225263 0.202065 0.233255 0.186217 0.232777 0.251298 0.255637 0.232664 0.236514 0.209496 0.104674 0.127798 0.104033 0.109343 0.058138 0.068537 0.092376 0.093020 0.115115 0.091804 0.158351 0.190484 0.232931 0.240670 0.347765 0.358611 0.405157 0.382381 0.365856 0.278845 0.323705 0.312492 0.333697 0.328791 0.341566 0.354580 0.333315 0.376482 0.291841 0.262625 0.238323 0.214411 0.258014 0.251503 0.262402 0.287539 0.336190 0.339279 0.348224 0.343473 0.353357 0.340437 0.354061 0.279198 0.321482 0.286239 0.230826 0.205533 0.202657 0.182829 0.174005 0.143946 0.209954 0.228886 0.272215 0.290954 0.343887 0.353127 0.351075 0.375930 0.385374 0.329063 0.361936 0.293942 0.294388 0.254332 0.278366 0.304298 0.264272 0.332069 0.302220 0.264614 0.202651 0.180653 0.207502 0.178170 0.171592 0.127980 0.137466 0.096835 0.142233 0.144052 
192837465
9
0.304487 0.301519 0.332917 0.290149 0.263104 0.246216 0.316902 0.307976 0.308434 0.274581 0.311757 0.263281 0.202656 0.223108 0.213270 0.225448 0.194361 0.176995 0.208129 0.239629 0.237734 0.265024 0.218006 0.230325 0.228726 0.264988 0.267868 0.266369 0.281184 0.247618 0.267663 0.229897 0.165489 0.202884 0.195899 0.187406 0.215591 0.179342 0.132304 0.123926 0.116771 0.093926 0.132854 0.117941 0.084168 0.059800 0.092187 0.100499 0.125226 0.158375 0.183800 0.204373 0.231861 0.202119 0.273670 0.358909 0.343964 0.368679 0.337186 0.368353 0.327919 0.374558 0.365326 0.377917 0.327456 0.372303 0.385697 0.309011 0.269517 0.319670 0.285308 0.295796 0.361961 0.375944 0.385855 0.340688 0.368698 0.351828 0.313147 0.322751 0.366177 0.323522 0.283745 0.287276 0.331338 0.252795 0.236910 0.233302 0.217669 0.234179 0.214659 0.217015 0.261888 0.262799 0.309612 0.381517 0.359594 0.393115 0.361055 0.376603 0.404497 0.335434 0.341216 0.322930 0.357613 0.295834 0.309769 0.346857 0.244008 0.227442 0.185508 0.132811 0.070069 0.072619 0.057728 0.114699 0.156814 0.170244 0.192929 0.168661 
192837465
10
0.385758 0.334127 0.354742 0.302105 0.281918 0.250407 0.272770 0.294727 0.283670 0.280430 0.262446 0.177468 0.151210 0.150552 0.158787 0.202325 0.244246 0.229609 0.239671 0.235309 0.207558 0.194221 0.194520 0.223664 0.218786 0.274961 0.337457 0.314596 0.297632 0.263121 0.228282 0.250926 0.206451 0.230289 0.250041 0.285522 0.225385 0.242430 0.242266 0.164614 0.144228 0.144010 0.104110 0.097090 0.101942 0.073790 0.124823 0.116105 0.200590 0.245832 0.198768 0.182510 0.212345 0.229156 0.255419 0.298880 0.289741 0.242425 0.254863 0.315294 0.306606 0.316804 0.363512 0.377217 0.407075 0.377684 0.352163 0.310960 0.275936 0.318345 0.308719 0.289713 0.318152 0.337295 0.319366 0.321288 0.309942 0.338910 0.345150 0.333765 0.360148 0.306522 0.285997 0.296796 0.263366 0.262039 0.267600 0.242377 0.262280 0.286908 0.277754 0.275733 0.352648 0.363486 0.370157 0.330528 0.350575 0.347624 0.358259 0.333983 0.392186 0.351616 0.385250 0.373631 0.349721 0.376893 0.422551 0.295281 0.320970 0.234202 0.201805 0.167921 0.123299 0.110487 0.172075 0.205492 0.267700 0.241569 0.228062 0.223549 
192837465
11
0.306310 0.323342 0.317231 0.286568 0.240528 0.194622 0.207064 0.240683 0.269377 0.287642 0.241580 0.207360 0.135663 0.105786 0.112575 0.165268 0.171411 0.178851 0.201378 0.187032 0.190323 0.199211 0.176606 0.238339 0.264481 0.301436 0.291876 0.297727 0.257606 0.287201 0.227860 0.210692 0.183708 0.158050 0.191186 0.187429 0.184879 0.167400 0.248038 0.231140 0.216708 0.154461 0.143615 0.117469 0.066386 0.131156 0.149993 0.185423 0.195520 0.163725 0.123351 0.164295 0.226186 0.245782 0.272355 0.260324 0.237478 0.216269 0.244895 0.207695 0.283915 0.262166 0.294446 0.394905 0.376871 0.405005 0.385305 0.379652 0.326146 0.326109 0.335732 0.393663 0.362676 0.319945 0.295259 0.300968 0.287487 0.258637 0.243689 0.285417 0.340277 0.320954 0.375780 0.335808 0.327412 0.288996 0.273454 0.247503 0.247079 0.270497 0.234869 0.248645 0.332498 0.329759 0.320472 0.330943 0.396782 0.383500 0.355720 0.329433 0.352193 0.295207 0.324820 0.399025 0.431329 0.430064 0.378005 0.383807 0.324358 0.278811 0.221596 0.269325 0.214311 0.209049 0.246867 0.281440 0.317577 0.317612 0.315751 0.347934 
192837465
12
0.244944 0.226766 0.239834 0.282109 0.222406 0.237037 0.224616 0.260648 0.275176 0.233314 0.187825 0.188659 0.179808 0.222878 0.242032 0.209752 0.180402 0.202988 0.257250 0.258613 0.280097 0.196607 0.192172 0.202196 0.233993 0.212631 0.239164 0.176783 0.226488 0.220116 0.200063 0.240055 0.201122 0.192571 0.171686 0.216449 0.243539 0.249340 0.222871 0.243760 0.240651 0.219373 0.200111 0.207966 0.194801 0.193554 0.173908 0.180368 0.176701 0.155461 0.156525 0.178450 0.152710 0.202542 0.182554 0.215349 0.195639 0.217467 0.226483 0.237028 0.264619 0.250904 0.228866 0.283697 0.325172 0.336696 0.312844 0.330147 0.247022 0.197274 0.210690 0.238076 0.235726 0.234695 0.232715 0.238697 0.228916 0.261394 0.286049 0.270961 0.296343 0.346489 0.348795 0.361263 0.297270 0.252068 0.227197 0.237434 0.227734 0.253737 0.277736 0.325775 0.316801 0.350071 0.336887 0.335544 0.324636 0.329259 0.306095 0.318885 0.267045 0.288004 0.353818 0.416757 0.453140 0.366199 0.306307 0.309593 0.290846 0.312568 0.311012 0.333285 0.374179 0.355756 0.379537 0.330963 0.326872 0.398837 0.384958 0.355731 
192837465
13
0.308701 0.235892 0.199958 0.217784 0.190257 0.217457 0.174517 0.192472 0.235321 0.207900 0.258559 0.258321 0.241707 0.279331 0.313505 0.254547 0.252710 0.243669 0.251739 0.291500 0.296090 0.266528 0.264746 0.223886 0.251234 0.210240 0.210833 0.180117 0.156650 0.104145 0.130472 0.169129 0.244871 0.286840 0.243219 0.289731 0.279539 0.225912 0.219551 0.262212 0.267632 0.294877 0.295759 0.283755 0.197448 0.209623 0.174902 0.160969 0.121421 0.137362 0.181105 0.188159 0.219749 0.216448 0.213209 0.226962 0.164285 0.120821 0.178912 0.243999 0.181504 0.191351 0.228299 0.217492 0.213246 0.245920 0.259251 0.270476 0.277083 0.233103 0.212653 0.233632 0.207516 0.264794 0.211810 0.216148 0.229569 0.315748 0.254865 0.233732 0.268517 0.266364 0.278592 0.305628 0.304231 0.273766 0.219806 0.295205 0.305873 0.280327 0.283068 0.323168 0.339677 0.353042 0.408947 0.339595 0.388095 0.348264 0.315210 0.314848 0.312095 0.318761 0.306533 0.377185 0.344612 0.339612 0.346051 0.314540 0.338995 0.357416 0.398084 0.371080 0.333998 0.321143 0.341112 0.358722 0.301943 0.335891 0.336984 0.401441 
192837465
14
0.284410 0.260084 0.233056 0.235420 0.158580 0.138365 0.164916 0.174701 0.162155 0.158994 0.188104 0.237765 0.302100 0.292463 0.329552 0.207624 0.201218 0.165135 0.215167 0.261982 0.289883 0.239653 0.222778 0.229512 0.194329 0.188111 0.211836 0.256126 0.221757 0.190269 0.188945 0.261198 0.264413 0.252575 0.264079 0.252262 0.311109 0.250063 0.284139 0.246712 0.213790 0.253416 0.247102 0.277170 0.277612 0.184835 0.170674 0.217114 0.183815 0.122900 0.127230 0.190714 0.220089 0.241016 0.214667 0.147085 0.171332 0.189339 0.198558 0.247797 0.271744 0.231524 0.219562 0.292619 0.232106 0.251775 0.239308 0.219543 0.248237 0.256706 0.271929 0.192561 0.201663 0.204936 0.214932 0.169094 0.268868 0.237805 0.224514 0.209962 0.218719 0.202005 0.240084 0.323147 0.284470 0.292461 0.324535 0.282826 0.369974 0.365267 0.310055 0.340633 0.362843 0.390540 0.411698 0.381679 0.354829 0.378437 0.378726 0.328297 0.316211 0.303288 0.298886 0.307383 0.288310 0.355371 0.304244 0.286367 0.328407 0.287740 0.326313 0.328930 0.289205 0.256366 0.294864 0.287062 0.277706 0.291970 0.318277 0.329305 
192837465
15
0.260239 0.278967 0.207361 0.205720 0.215061 0.177096 0.229765 0.253510 0.208226 0.174083 0.170027 0.241585 0.258257 0.277930 0.228489 0.191559 0.193311 0.244270 0.215651 0.219204 0.202664 0.224966 0.218602 0.237447 0.196074 0.170223 0.223341 0.266753 0.214127 0.196915 0.177162 0.234690 0.219636 0.286723 0.313990 0.235753 0.247114 0.205823 0.193977 0.247778 0.182084 0.233894 0.283896 0.245875 0.199324 0.187820 0.154712 0.179000 0.209628 0.147876 0.141426 0.167493 0.216236 0.125296 0.209494 0.248818 0.197349 0.181760 0.189054 0.171754 0.191315 0.244948 0.222344 0.253833 0.284737 0.242066 0.214192 0.197570 0.261194 0.287180 0.257669 0.205599 0.194192 0.251846 0.241781 0.234310 0.236691 0.216322 0.219849 0.210631 0.245010 0.279070 0.278297 0.303043 0.330616 0.333158 0.300291 0.319505 0.337899 0.405184 0.325866 0.350172 0.388815 0.423557 0.399792 0.371250 0.331266 0.358131 0.383416 0.383064 0.319012 0.310024 0.320616 0.316666 0.343667 0.294836 0.351970 0.344045 0.327640 0.314357 0.302598 0.357804 0.302400 0.263952 0.277611 0.331321 0.288697 0.244174 0.241057 0.257797 
192837465
