1200.000000
160.000000
120
16
1
0.500000
2
2
0
0.125314 0.136468 0.200598 0.204959 0.209228 0.196446 0.225957 0.221990 0.267042 0.200414 0.259172 0.281283 0.260475 0.215897 0.262607 0.243482 0.256529 0.268976 0.347709 0.300657 0.267453 0.225728 0.241639 0.242988 0.216206 0.224270 0.192531 0.219297 0.258133 0.306818 0.352135 0.266283 0.273344 0.314471 0.302609 0.319436 0.306819 0.291791 0.273696 0.299506 0.278881 0.300223 0.310839 0.247040 0.277988 0.286235 0.259432 0.227668 0.214712 0.245478 0.348024 0.359190 0.377731 0.351454 0.298344 0.250556 0.288516 0.232156 0.207489 0.197475 0.126488 0.146155 0.143827 0.164654 0.174779 0.289444 0.319906 0.306273 0.234174 0.202353 0.173379 0.159618 0.195702 0.239290 0.239450 0.203920 0.200120 0.205231 0.182517 0.192080 0.203908 0.174724 0.157961 0.166246 0.243404 0.213656 0.155811 0.174881 0.236344 0.258451 0.280443 0.231495 0.235432 0.193060 0.248851 0.259813 0.258686 0.282809 0.289734 0.248872 0.187568 0.152990 0.224547 0.179956 0.253673 0.197496 0.233788 0.194192 0.212346 0.106753 0.145479 0.147736 0.160991 0.209825 0.205717 0.164633 0.206292 0.225738 0.238085 0.270916 
192837465
1
0.139728 0.219990 0.194416 0.196217 0.207289 0.243193 0.290227 0.288002 0.281752 0.272247 0.261880 0.283240 0.286943 0.241738 0.237288 0.259834 0.262510 0.264428 0.289531 0.346981 0.329838 0.322228 0.250040 0.268295 0.270075 0.243036 0.233362 0.159400 0.157248 0.271804 0.291428 0.329740 0.352694 0.390235 0.331026 0.331860 0.380753 0.356752 0.276175 0.289990 0.234179 0.273200 0.235117 0.167798 0.141902 0.209856 0.288104 0.265246 0.177008 0.221039 0.288591 0.302442 0.282670 0.262932 0.211448 0.193273 0.227345 0.238962 0.244922 0.258313 0.235117 0.228035 0.199162 0.198463 0.228607 0.257947 0.259988 0.208467 0.199904 0.184713 0.170904 0.151108 0.215435 0.220886 0.194957 0.194428 0.195060 0.220259 0.238227 0.220605 0.245857 0.221149 0.139194 0.112488 0.107636 0.136137 0.101312 0.142834 0.167105 0.255651 0.251557 0.209586 0.191858 0.230090 0.184875 0.213565 0.273409 0.269139 0.276081 0.275766 0.240830 0.277645 0.267220 0.280747 0.269251 0.318892 0.286898 0.229142 0.198801 0.225619 0.199296 0.134436 0.172708 0.146657 0.176454 0.205854 0.248584 0.212945 0.243141 0.299939 
192837465
2
0.199450 0.219759 0.236596 0.290901 0.317158 0.277763 0.335887 0.318211 0.264298 0.276928 0.288990 0.312522 0.304881 0.301898 0.262283 0.283975 0.285012 0.320310 0.330403 0.300368 0.366139 0.333586 0.310847 0.276176 0.255313 0.180819 0.233839 0.241813 0.251145 0.278845 0.315395 0.353122 0.354638 0.326241 0.338713 0.370582 0.384579 0.349649 0.281996 0.278420 0.282222 0.286385 0.317925 0.285984 0.232633 0.215933 0.212135 0.199787 0.162594 0.231379 0.239638 0.265266 0.272756 0.261840 0.270535 0.279573 0.235715 0.265233 0.279779 0.260794 0.276625 0.262626 0.228145 0.256485 0.252569 0.215108 0.222265 0.235527 0.236296 0.196478 0.194563 0.269224 0.199776 0.221259 0.261616 0.245630 0.243425 0.210428 0.207741 0.196198 0.197677 0.195405 0.129303 0.102837 0.045915 0.072220 0.105429 0.119255 0.138398 0.210048 0.232300 0.286673 0.288103 0.256912 0.242411 0.176984 0.188233 0.224680 0.258732 0.249931 0.204688 0.195969 0.217181 0.266919 0.254603 0.278463 0.296147 0.283940 0.250158 0.182943 0.182567 0.194725 0.170458 0.242706 0.275353 0.284716 0.302491 0.259961 0.298421 0.334121 
192837465
3
0.260554 0.234017 0.181435 0.242480 0.256189 0.237731 0.292861 0.326353 0.299956 0.306831 0.217761 0.252020 0.241655 0.306838 0.366146 0.372573 0.351875 0.312275 0.266452 0.293381 0.329259 0.271806 0.264429 0.273870 0.263094 0.229507 0.262331 0.255015 0.243888 0.291983 0.363917 0.310383 0.320100 0.321035 0.317782 0.333702 0.361373 0.295772 0.273973 0.306363 0.316855 0.323785 0.318387 0.315493 0.285437 0.264042 0.271475 0.256089 0.176738 0.252040 0.290949 0.310580 0.286485 0.311026 0.286677 0.297432 0.311844 0.289947 0.256183 0.253454 0.242711 0.241679 0.222410 0.205318 0.224158 0.198853 0.188596 0.215858 0.244948 0.235305 0.226328 0.254601 0.287259 0.254404 0.268181 0.253565 0.237651 0.231578 0.215038 0.269461 0.164283 0.197764 0.221566 0.170119 0.116293 0.099041 0.112655 0.126839 0.176818 0.228455 0.232167 0.209133 0.244409 0.218665 0.231530 0.229703 0.235793 0.249085 0.244098 0.216196 0.191434 0.150287 0.129563 0.155163 0.205269 0.225559 0.247628 0.232773 0.189516 0.165203 0.170554 0.144877 0.156482 0.173466 0.246674 0.235033 0.262399 0.267869 0.274740 0.262950 
192837465
4
0.238055 0.216619 0.200147 0.209472 0.258974 0.221705 0.279031 0.306353 0.299866 0.240583 0.214116 0.237804 0.283711 0.325534 0.348697 0.382441 0.375396 0.360665 0.314453 0.327580 0.290277 0.278367 0.306376 0.218541 0.223381 0.214199 0.205199 0.223130 0.290397 0.368019 0.296773 0.360765 0.388376 0.297031 0.306740 0.328914 0.290859 0.285714 0.324212 0.329054 0.368839 0.377321 0.369429 0.356304 0.328574 0.308734 0.281250 0.254168 0.260731 0.262688 0.273678 0.262466 0.271057 0.281979 0.244759 0.295817 0.199328 0.237650 0.223000 0.199337 0.157646 0.175785 0.179849 0.209444 0.178108 0.174261 0.182441 0.148181 0.206658 0.218652 0.277886 0.260534 0.250826 0.262303 0.252428 0.255143 0.257344 0.216050 0.184344 0.236291 0.270941 0.229806 0.219288 0.156077 0.166847 0.146366 0.174668 0.145322 0.276038 0.238099 0.238124 0.240639 0.242856 0.302346 0.302728 0.268854 0.268008 0.205065 0.259773 0.195791 0.146238 0.130167 0.150320 0.124030 0.195996 0.254812 0.237751 0.241292 0.306822 0.244475 0.241514 0.221828 0.189665 0.153307 0.187900 0.202639 0.228868 0.256670 0.285996 0.328114 
192837465
5
0.166048 0.145972 0.120197 0.122831 0.178979 0.234568 0.260080 0.269961 0.251173 0.217095 0.227584 0.243631 0.314306 0.284906 0.340512 0.405436 0.398711 0.371315 0.335132 0.335806 0.349517 0.385351 0.366955 0.268886 0.275708 0.247539 0.249282 0.231764 0.267013 0.264098 0.302882 0.259867 0.270285 0.316187 0.320483 0.363156 0.356024 0.362224 0.309710 0.351479 0.430800 0.367595 0.374103 0.290282 0.287331 0.291270 0.247850 0.281588 0.265268 0.265336 0.273626 0.266473 0.224670 0.267787 0.293122 0.264266 0.247300 0.241833 0.233991 0.225525 0.266784 0.250681 0.233386 0.254485 0.265216 0.180922 0.168007 0.206883 0.183936 0.235804 0.269076 0.326134 0.290544 0.240113 0.207466 0.280281 0.268916 0.224451 0.201584 0.208820 0.182314 0.235137 0.232972 0.213604 0.201750 0.186991 0.249379 0.230350 0.231417 0.168707 0.184829 0.202233 0.200674 0.235719 0.220128 0.218366 0.223354 0.234542 0.243233 0.219209 0.209288 0.226700 0.252679 0.274321 0.231201 0.220776 0.221017 0.279456 0.257355 0.225054 0.179631 0.134116 0.143496 0.168234 0.171639 0.233609 0.222322 0.241365 0.190915 0.209293 
192837465
6
0.196509 0.194186 0.188771 0.201252 0.253937 0.333388 0.305693 0.322891 0.297028 0.271644 0.279320 0.340997 0.304253 0.263324 0.266786 0.296617 0.337616 0.394474 0.373687 0.397385 0.347832 0.304109 0.296926 0.352387 0.346389 0.348616 0.241213 0.246668 0.282632 0.253458 0.307516 0.274122 0.289928 0.285763 0.287922 0.353637 0.305894 0.373304 0.400374 0.349008 0.331675 0.367036 0.433656 0.394237 0.331747 0.300481 0.282309 0.250986 0.218876 0.274684 0.271334 0.259606 0.283161 0.242827 0.241636 0.228864 0.200431 0.214430 0.257558 0.262750 0.275597 0.280249 0.217281 0.176488 0.145218 0.114587 0.134561 0.152659 0.238873 0.258772 0.298738 0.272803 0.354897 0.397320 0.279129 0.263526 0.250791 0.253683 0.228198 0.227206 0.237923 0.183067 0.186826 0.164574 0.218612 0.242567 0.212656 0.234322 0.252055 0.269193 0.253691 0.275369 0.282054 0.241594 0.271434 0.221044 0.256949 0.244232 0.243934 0.204441 0.255432 0.197500 0.217479 0.240603 0.293553 0.246570 0.160939 0.210696 0.211328 0.258995 0.262836 0.204520 0.097325 0.111550 0.180959 0.150580 0.211926 0.214408 0.183750 0.171962 
192837465
7
0.194425 0.168694 0.238785 0.292720 0.281828 0.343686 0.325681 0.293295 0.309925 0.374129 0.398595 0.356904 0.317126 0.301570 0.299631 0.314325 0.354669 0.319096 0.366993 0.394604 0.371602 0.334126 0.347396 0.333818 0.356508 0.331261 0.339403 0.302717 0.344486 0.305566 0.264839 0.297150 0.289152 0.264810 0.294623 0.330205 0.309082 0.301776 0.347706 0.337067 0.301029 0.313782 0.334496 0.351194 0.254039 0.250767 0.248456 0.230834 0.253120 0.236128 0.259578 0.229921 0.259495 0.237046 0.287458 0.254178 0.219435 0.234379 0.272384 0.269095 0.221872 0.158146 0.130395 0.081440 0.034539 0.057653 0.139914 0.128124 0.167044 0.230854 0.263089 0.323590 0.355035 0.359731 0.310537 0.271075 0.217627 0.281659 0.213152 0.186644 0.174993 0.190420 0.251475 0.274987 0.223044 0.278312 0.279853 0.304770 0.301167 0.319914 0.292081 0.319948 0.263645 0.258064 0.242798 0.253418 0.227402 0.222234 0.213307 0.155533 0.261564 0.222980 0.141500 0.167969 0.277089 0.298561 0.253792 0.247956 0.228464 0.198223 0.166708 0.216157 0.188780 0.182901 0.136839 0.122939 0.152735 0.125982 0.141682 0.203246 
192837465
8
0.201743 0.226448 0.197290 0.258345 0.296325 0.350450 0.325476 0.345239 0.303250 0.320993 0.375091 0.342876 0.326958 0.318685 0.323615 0.384388 0.403687 0.365459 0.413439 0.373175 0.374461 0.379193 0.416248 0.366582 0.412959 0.399521 0.360702 0.327157 0.289288 0.312936 0.318812 0.349401 0.271629 0.271871 0.267413 0.294465 0.352214 0.358361 0.354102 0.357034 0.306054 0.273003 0.278781 0.276791 0.209202 0.177567 0.203636 0.249713 0.217286 0.207116 0.205133 0.163077 0.226369 0.124964 0.142090 0.154976 0.165593 0.219239 0.237337 0.218901 0.179438 0.136936 0.096077 0.081376 0.043913 0.080708 0.144717 0.218381 0.200981 0.239795 0.280033 0.334295 0.281371 0.319374 0.280174 0.298168 0.275075 0.290816 0.269507 0.266634 0.213294 0.284683 0.284420 0.276409 0.255441 0.265647 0.303783 0.314158 0.294951 0.294856 0.270902 0.216966 0.215774 0.201428 0.175421 0.228212 0.258178 0.279908 0.229473 0.186299 0.161210 0.202791 0.190458 0.191992 0.264065 0.311466 0.322471 0.264940 0.221534 0.251942 0.227043 0.244710 0.249367 0.235728 0.217847 0.238345 0.204300 0.212003 0.209927 0.216685 
192837465
9
0.124514 0.132273 0.177074 0.231737 0.225357 0.272743 0.312410 0.289773 0.302448 0.271412 0.325960 0.316113 0.325077 0.318891 0.355090 0.335042 0.378382 0.403459 0.406585 0.388384 0.429305 0.402615 0.408600 0.410814 0.397110 0.378153 0.407112 0.391902 0.380257 0.328795 0.319037 0.276532 0.259134 0.291882 0.259983 0.257229 0.251942 0.251624 0.280582 0.237590 0.237500 0.232285 0.247941 0.217550 0.237413 0.182851 0.148399 0.149751 0.162313 0.189004 0.104948 0.114418 0.133112 0.085990 0.082923 0.099765 0.095260 0.160044 0.141134 0.224332 0.172434 0.193685 0.170336 0.130344 0.080023 0.080307 0.131604 0.158272 0.144955 0.179633 0.189740 0.233053 0.269683 0.256632 0.270851 0.289187 0.325185 0.315771 0.330747 0.298720 0.268874 0.291204 0.218689 0.286488 0.256274 0.264470 0.269954 0.244429 0.265139 0.246086 0.257815 0.267207 0.191502 0.229202 0.245527 0.249084 0.253194 0.276112 0.231771 0.244582 0.214054 0.180586 0.237999 0.274745 0.283076 0.286759 0.347166 0.308797 0.279544 0.303323 0.297091 0.300662 0.312225 0.308224 0.269159 0.286585 0.256434 0.281283 0.260351 0.259543 
192837465
10
0.234907 0.260974 0.264494 0.232124 0.241117 0.155211 0.169218 0.240307 0.207672 0.316837 0.297941 0.284163 0.328673 0.359402 0.368570 0.456509 0.405143 0.404878 0.370608 0.415889 0.433637 0.461348 0.526487 0.482736 0.469715 0.459339 0.432537 0.362990 0.370558 0.393489 0.344686 0.318562 0.272991 0.223538 0.232688 0.212044 0.221417 0.158407 0.156520 0.161577 0.161086 0.157680 0.171110 0.173907 0.174070 0.257955 0.283580 0.187668 0.183305 0.212361 0.183846 0.223371 0.159348 0.181681 0.213835 0.171573 0.184699 0.174602 0.234021 0.237004 0.201794 0.157260 0.141771 0.159235 0.136522 0.159089 0.157543 0.191658 0.207501 0.262125 0.258572 0.279410 0.257260 0.274308 0.294368 0.261397 0.250749 0.234512 0.293453 0.321414 0.346043 0.328311 0.309498 0.290233 0.259914 0.293877 0.237024 0.257953 0.246880 0.307567 0.274057 0.262191 0.285359 0.279817 0.264136 0.272549 0.247126 0.218678 0.186452 0.204948 0.225989 0.211821 0.155250 0.155952 0.256466 0.314518 0.374195 0.406952 0.392234 0.411015 0.379222 0.365353 0.333539 0.302440 0.267512 0.269526 0.286158 0.260739 0.238830 0.276049 
192837465
11
0.311293 0.303827 0.178885 0.221555 0.232030 0.210640 0.190519 0.200533 0.240625 0.267861 0.269941 0.250023 0.275178 0.307822 0.330356 0.357931 0.391208 0.365111 0.344544 0.378202 0.422893 0.400551 0.434014 0.437389 0.400505 0.389832 0.391455 0.363870 0.367090 0.375537 0.306098 0.316001 0.248997 0.215988 0.173618 0.180361 0.227955 0.233769 0.236400 0.185057 0.188999 0.193830 0.131813 0.196820 0.201087 0.189561 0.251094 0.249141 0.271315 0.237327 0.243489 0.228461 0.250133 0.201408 0.236580 0.155101 0.163951 0.135449 0.131696 0.219342 0.273439 0.243396 0.168978 0.125815 0.184678 0.205021 0.209454 0.215797 0.281425 0.309289 0.244997 0.235987 0.197690 0.242289 0.187929 0.136418 0.130845 0.091919 0.142093 0.180549 0.264290 0.228328 0.201147 0.240456 0.269951 0.277089 0.258359 0.264084 0.272197 0.261659 0.302415 0.284761 0.250297 0.272441 0.278898 0.276826 0.287802 0.256827 0.255511 0.197703 0.170748 0.207292 0.186140 0.204858 0.181099 0.276337 0.330243 0.391844 0.417470 0.371132 0.354224 0.289561 0.305267 0.292598 0.258876 0.260056 0.277441 0.263255 0.233619 0.205039 
192837465
12
0.298446 0.268751 0.242975 0.256144 0.197660 0.196768 0.210501 0.196744 0.197571 0.251391 0.301145 0.330741 0.345547 0.272762 0.344239 0.334390 0.332417 0.383777 0.394384 0.423036 0.413171 0.486599 0.478985 0.429736 0.426602 0.376428 0.386792 0.346882 0.356480 0.340735 0.340742 0.364357 0.298759 0.264121 0.272739 0.263336 0.264366 0.163729 0.195175 0.260276 0.209071 0.232339 0.174896 0.185505 0.159035 0.196482 0.179142 0.264778 0.283859 0.243126 0.272329 0.231885 0.253280 0.216768 0.166881 0.133631 0.198003 0.212896 0.177396 0.254615 0.271733 0.305820 0.295144 0.262341 0.293091 0.257279 0.217564 0.232314 0.210214 0.221475 0.185490 0.154640 0.176015 0.183133 0.162615 0.096352 0.070276 0.059463 0.102596 0.090892 0.153795 0.168020 0.211242 0.242629 0.235610 0.239724 0.286256 0.332117 0.311351 0.328068 0.315165 0.259979 0.223654 0.225871 0.233917 0.211052 0.222217 0.210018 0.237714 0.218707 0.203676 0.210223 0.189988 0.184191 0.203389 0.252177 0.252636 0.317885 0.339684 0.350039 0.325783 0.278345 0.218830 0.263996 0.309749 0.297300 0.315578 0.297780 0.291827 0.277004 
192837465
13
0.316214 0.284286 0.217528 0.195665 0.137053 0.159961 0.155463 0.114782 0.186754 0.202522 0.226804 0.238788 0.290186 0.349321 0.373790 0.303419 0.337261 0.314678 0.335547 0.375320 0.399879 0.424490 0.419314 0.444380 0.415766 0.376338 0.365326 0.290544 0.254077 0.297519 0.335419 0.297637 0.258985 0.213778 0.238583 0.182647 0.181683 0.192394 0.185556 0.190277 0.194872 0.190421 0.181446 0.223650 0.219716 0.262544 0.246075 0.185609 0.186452 0.211402 0.261482 0.321717 0.277582 0.263398 0.285153 0.263627 0.252475 0.239950 0.217979 0.229331 0.274686 0.312465 0.284424 0.292734 0.312268 0.304187 0.290946 0.234689 0.263290 0.242492 0.221364 0.187170 0.164984 0.212638 0.159613 0.102314 0.142825 0.118246 0.098759 0.050856 0.101730 0.105288 0.126178 0.203081 0.218931 0.187604 0.206615 0.222458 0.235295 0.257515 0.290987 0.231846 0.193529 0.154740 0.124971 0.183847 0.115556 0.178464 0.224863 0.164977 0.175509 0.198687 0.204598 0.159927 0.246688 0.338394 0.340539 0.309900 0.315010 0.284659 0.222887 0.306845 0.339792 0.274399 0.344879 0.324349 0.294146 0.283023 0.301136 0.277870 
192837465
14
0.206071 0.163233 0.153733 0.130095 0.143263 0.126872 0.101983 0.057628 0.065886 0.117757 0.135086 0.149749 0.195027 0.214295 0.278127 0.313666 0.301855 0.325832 0.344865 0.377036 0.394995 0.357810 0.325005 0.329427 0.396202 0.340204 0.264659 0.282116 0.292928 0.290333 0.298532 0.278581 0.283498 0.220713 0.257297 0.220990 0.203729 0.166323 0.173687 0.224134 0.234412 0.210349 0.126893 0.127429 0.147912 0.197507 0.216434 0.229495 0.244287 0.253163 0.309361 0.275347 0.287733 0.306328 0.299736 0.305563 0.262921 0.306795 0.333056 0.321325 0.317115 0.274598 0.288200 0.262895 0.253079 0.311466 0.285897 0.281050 0.202559 0.239602 0.232397 0.298303 0.196124 0.191326 0.214719 0.163052 0.155547 0.090720 0.063830 0.083327 0.074017 0.059734 0.122774 0.167315 0.188416 0.200755 0.205541 0.194490 0.224619 0.271952 0.267328 0.231244 0.222195 0.226594 0.141043 0.126615 0.162280 0.168956 0.211882 0.195067 0.175524 0.153281 0.201428 0.259236 0.269832 0.275800 0.307323 0.305053 0.268907 0.284155 0.252696 0.263365 0.260311 0.231458 0.211562 0.259545 0.229277 0.250859 0.272475 0.229372 
192837465
15
0.180420 0.192362 0.215896 0.217846 0.212077 0.181020 0.130460 0.067991 0.070480 0.122571 0.172469 0.185411 0.180305 0.241596 0.261042 0.275759 0.308455 0.288415 0.396957 0.407233 0.345624 0.330467 0.289405 0.315253 0.302893 0.328710 0.282373 0.281318 0.310485 0.276281 0.257173 0.242600 0.228681 0.242667 0.264228 0.238341 0.186206 0.113326 0.149483 0.169142 0.188071 0.206032 0.187465 0.207770 0.169917 0.209077 0.253728 0.258988 0.279156 0.310461 0.329476 0.319151 0.262129 0.289294 0.249218 0.231544 0.266823 0.284862 0.334316 0.291226 0.334427 0.365700 0.280250 0.313818 0.323299 0.265151 0.281295 0.246605 0.231659 0.212059 0.196992 0.221039 0.210780 0.228251 0.182967 0.211561 0.171528 0.192294 0.203446 0.162557 0.176601 0.112567 0.129635 0.162098 0.192101 0.202305 0.191848 0.182161 0.170934 0.220229 0.203364 0.223990 0.227531 0.179700 0.168474 0.146075 0.144509 0.193553 0.212706 0.169351 0.156749 0.180318 0.194081 0.217791 0.221196 0.213999 0.187826 0.243748 0.213039 0.240293 0.223649 0.233900 0.206744 0.177952 0.240590 0.209779 0.206826 0.235519 0.209967 0.211807 
192837465
