1200.000000
160.000000
120
16
1
0.500000
2
2
0
0.204908 0.203965 0.211770 0.237469 0.361674 0.267865 0.261813 0.290961 0.225598 0.276062 0.276515 0.295530 0.214521 0.226686 0.144615 0.207169 0.245346 0.319423 0.305319 0.292648 0.221047 0.216508 0.281141 0.298157 0.314001 0.238897 0.238713 0.247677 0.317168 0.263701 0.280253 0.273736 0.286764 0.336097 0.363986 0.327140 0.313187 0.329644 0.403625 0.340701 0.382123 0.298569 0.305169 0.302187 0.345256 0.364849 0.366681 0.284116 0.263799 0.302900 0.260334 0.229730 0.243534 0.227555 0.253054 0.231693 0.261900 0.251207 0.259018 0.343334 0.311406 0.262578 0.241249 0.226956 0.243071 0.244847 0.206752 0.173779 0.100563 0.133197 0.148326 0.103404 0.123873 0.132809 0.091381 0.143824 0.123538 0.168035 0.173772 0.233144 0.195229 0.196387 0.249913 0.160689 0.143726 0.260919 0.255471 0.361065 0.333959 0.365979 0.361986 0.421889 0.367560 0.349220 0.342723 0.327897 0.319983 0.273222 0.305605 0.312493 0.340345 0.354636 0.384127 0.340983 0.367245 0.395928 0.364529 0.321389 0.311621 0.292014 0.299049 0.254487 0.197944 0.329624 0.335196 0.299923 0.358630 0.329998 0.337434 0.277856 
192837465
1
0.285786 0.232870 0.252247 0.269628 0.225361 0.243927 0.254016 0.243727 0.210582 0.178581 0.165149 0.245182 0.251985 0.255714 0.239475 0.268821 0.266277 0.294822 0.289773 0.261032 0.204958 0.228557 0.249050 0.307866 0.299665 0.364819 0.328534 0.277975 0.350320 0.381818 0.386564 0.363595 0.324268 0.340747 0.326141 0.325322 0.316279 0.337669 0.358353 0.320636 0.309901 0.325369 0.340724 0.312742 0.399507 0.358208 0.339125 0.362028 0.377979 0.325428 0.360156 0.303590 0.260631 0.256561 0.295775 0.209014 0.264664 0.300037 0.245042 0.347986 0.384702 0.283869 0.237831 0.271952 0.201763 0.187143 0.222941 0.237893 0.206965 0.192959 0.147013 0.156462 0.092770 0.103848 0.173915 0.085312 0.157578 0.139449 0.168241 0.224042 0.170215 0.214848 0.197199 0.120158 0.099812 0.165743 0.294333 0.300980 0.346575 0.370779 0.374647 0.412632 0.383014 0.364396 0.338788 0.308921 0.336280 0.359140 0.328529 0.310169 0.330807 0.381665 0.357720 0.319197 0.314148 0.352334 0.313387 0.310660 0.247540 0.274086 0.213358 0.209228 0.276506 0.301805 0.302028 0.267229 0.193147 0.240984 0.262396 0.200530 
192837465
2
0.266110 0.204845 0.228877 0.162323 0.187166 0.250917 0.254025 0.250698 0.240426 0.251220 0.270845 0.299750 0.269288 0.276919 0.301117 0.341314 0.215021 0.247676 0.194588 0.198789 0.212390 0.201790 0.205433 0.261581 0.257298 0.312797 0.386359 0.386914 0.339135 0.361675 0.336363 0.339452 0.350574 0.325410 0.322980 0.294871 0.296093 0.315347 0.293520 0.238579 0.241823 0.270365 0.277163 0.320321 0.333572 0.356107 0.372115 0.422793 0.420372 0.382808 0.399511 0.337994 0.340016 0.344393 0.264286 0.260961 0.307369 0.298164 0.300718 0.300208 0.342161 0.348128 0.314896 0.352348 0.228927 0.282681 0.284382 0.214336 0.272715 0.262954 0.272969 0.281808 0.273863 0.163651 0.177043 0.193744 0.227074 0.272095 0.188211 0.164247 0.111317 0.125694 0.163739 0.222487 0.252394 0.272941 0.344838 0.392935 0.346217 0.270567 0.311014 0.329930 0.315794 0.246038 0.258640 0.248927 0.321494 0.308528 0.304968 0.309212 0.309167 0.315135 0.318903 0.292723 0.321333 0.248202 0.282467 0.323221 0.245599 0.214337 0.243360 0.189112 0.220346 0.201409 0.237584 0.256702 0.237018 0.234291 0.260378 0.255013 
192837465
3
0.189753 0.124880 0.138527 0.201540 0.213756 0.213159 0.225890 0.198919 0.210244 0.232454 0.162457 0.268683 0.263117 0.252935 0.249286 0.255336 0.256054 0.199152 0.182732 0.218736 0.286658 0.295980 0.310338 0.278405 0.217437 0.261664 0.336235 0.328195 0.332567 0.316060 0.337548 0.356395 0.305363 0.333712 0.283360 0.198360 0.237248 0.207920 0.273463 0.266503 0.246180 0.190985 0.211175 0.237469 0.298197 0.288563 0.307923 0.372301 0.381469 0.352777 0.353167 0.307474 0.302255 0.326098 0.301219 0.322510 0.280221 0.273424 0.238971 0.234822 0.240572 0.284608 0.263980 0.188444 0.253687 0.330653 0.295343 0.281121 0.326276 0.357076 0.296471 0.264204 0.247789 0.209939 0.214024 0.250624 0.321893 0.271098 0.246252 0.213375 0.237566 0.172895 0.193205 0.241289 0.268364 0.317979 0.373759 0.326360 0.320399 0.290849 0.260623 0.201990 0.239082 0.255049 0.223628 0.255145 0.231581 0.300170 0.255594 0.264944 0.309890 0.296124 0.295922 0.290875 0.280652 0.247258 0.202067 0.181476 0.238786 0.234927 0.175049 0.148264 0.148087 0.203477 0.230171 0.277136 0.271498 0.317354 0.277429 0.244471 
192837465
4
0.251427 0.200939 0.143598 0.211962 0.271475 0.219836 0.168545 0.216527 0.284371 0.312777 0.267036 0.236162 0.287749 0.222095 0.183802 0.232681 0.252315 0.228473 0.288305 0.193065 0.191034 0.136683 0.194677 0.234008 0.267209 0.316270 0.309808 0.297782 0.217948 0.218283 0.222221 0.235571 0.238729 0.206964 0.273664 0.361085 0.380284 0.311851 0.273260 0.311368 0.229931 0.238045 0.233483 0.277416 0.260200 0.306414 0.400660 0.395192 0.309836 0.230525 0.324001 0.244650 0.277188 0.323941 0.279599 0.325246 0.355354 0.298286 0.306881 0.344094 0.341938 0.297102 0.288317 0.289063 0.317706 0.318132 0.317109 0.359779 0.342889 0.365143 0.345358 0.279421 0.310126 0.257151 0.228807 0.270970 0.317667 0.257581 0.193462 0.195176 0.199626 0.210209 0.191696 0.243998 0.231327 0.271116 0.295699 0.264344 0.202991 0.261677 0.318720 0.281793 0.302765 0.304673 0.233436 0.219932 0.158246 0.203252 0.229537 0.309423 0.298128 0.259530 0.218896 0.208387 0.125118 0.174725 0.128636 0.137175 0.158562 0.199222 0.203518 0.200451 0.229880 0.236742 0.269168 0.253486 0.341732 0.298202 0.263144 0.229542 
192837465
5
0.199244 0.249235 0.326947 0.376766 0.275246 0.249129 0.290544 0.256539 0.190760 0.232670 0.239991 0.252989 0.201922 0.204168 0.243672 0.250210 0.284870 0.225292 0.231571 0.209340 0.240199 0.283796 0.277117 0.280048 0.303119 0.303738 0.231095 0.193226 0.184614 0.200436 0.163787 0.197090 0.209874 0.265078 0.299855 0.260790 0.313346 0.311393 0.292970 0.267578 0.241821 0.256143 0.215610 0.220372 0.313432 0.320866 0.344520 0.346642 0.366548 0.272198 0.209477 0.201638 0.150302 0.216504 0.227082 0.299044 0.273847 0.257708 0.312140 0.274830 0.277048 0.300448 0.285217 0.299857 0.296435 0.354717 0.374749 0.391620 0.343406 0.382174 0.335312 0.345684 0.327490 0.281867 0.264929 0.253173 0.324240 0.264529 0.255649 0.225232 0.274863 0.191900 0.263436 0.280051 0.290741 0.249846 0.270198 0.267290 0.299337 0.259052 0.281513 0.269221 0.212519 0.286426 0.210526 0.171827 0.160075 0.179385 0.223970 0.251281 0.280982 0.187433 0.090323 0.112958 0.127016 0.185360 0.124765 0.107718 0.145695 0.190527 0.178772 0.209415 0.199693 0.243739 0.284321 0.256132 0.299481 0.289381 0.213379 0.240515 
192837465
6
0.225519 0.260635 0.273067 0.300993 0.244779 0.281285 0.322197 0.327321 0.289845 0.244711 0.256737 0.225084 0.235282 0.301820 0.231352 0.257272 0.293939 0.282795 0.320749 0.352364 0.344355 0.341776 0.322013 0.268676 0.261588 0.240463 0.228599 0.198765 0.135056 0.136307 0.166955 0.180626 0.169912 0.223870 0.289113 0.330779 0.327304 0.328308 0.242102 0.237543 0.251209 0.218975 0.241299 0.201367 0.100330 0.193383 0.271011 0.271655 0.287706 0.320244 0.206353 0.164598 0.174152 0.173362 0.170658 0.214477 0.261606 0.221527 0.196319 0.168776 0.229270 0.210129 0.244742 0.231755 0.315644 0.320152 0.390123 0.347563 0.246004 0.268153 0.216180 0.222106 0.269327 0.323327 0.212917 0.158531 0.270281 0.263920 0.202937 0.205024 0.237337 0.283519 0.238592 0.250610 0.270919 0.257601 0.290619 0.229444 0.221961 0.275924 0.332729 0.310001 0.247218 0.265161 0.217171 0.273558 0.253168 0.255132 0.261645 0.272873 0.163960 0.152167 0.092941 0.137353 0.093992 0.112220 0.112964 0.099780 0.133593 0.158005 0.178122 0.206049 0.212434 0.211468 0.212584 0.204097 0.250145 0.271358 0.202824 0.136964 
192837465
7
0.264525 0.259051 0.285934 0.254699 0.242138 0.232177 0.240150 0.247978 0.243994 0.235970 0.205059 0.254511 0.314226 0.281586 0.307589 0.278675 0.314703 0.278206 0.330743 0.291976 0.289721 0.330984 0.292228 0.256803 0.195630 0.197176 0.167682 0.164653 0.171478 0.163059 0.131313 0.139833 0.156308 0.174962 0.243621 0.280789 0.247606 0.259507 0.259135 0.300233 0.216962 0.218001 0.234186 0.226538 0.200397 0.253240 0.153798 0.225488 0.283402 0.278815 0.279718 0.287618 0.230232 0.210397 0.163342 0.132533 0.122084 0.174716 0.193363 0.193871 0.280356 0.290160 0.260900 0.358459 0.378156 0.356924 0.270426 0.244247 0.299763 0.240020 0.238223 0.198566 0.304980 0.305141 0.279195 0.321674 0.325331 0.196738 0.230431 0.238010 0.252841 0.264659 0.188593 0.210122 0.247209 0.231269 0.195403 0.225051 0.340045 0.282388 0.212647 0.229394 0.258269 0.294253 0.308644 0.258765 0.264427 0.265186 0.247646 0.174780 0.141106 0.173634 0.177292 0.193405 0.163604 0.182048 0.101064 0.017595 0.016970 0.104464 0.113702 0.210254 0.226529 0.228046 0.248533 0.268209 0.258003 0.171923 0.159727 0.140418 
192837465
8
0.339813 0.312142 0.295813 0.278304 0.262124 0.185152 0.151251 0.193341 0.144373 0.112905 0.206251 0.237848 0.289787 0.294907 0.242733 0.289672 0.332168 0.359364 0.396026 0.320406 0.336862 0.332254 0.271585 0.223003 0.203047 0.171481 0.152976 0.134268 0.127298 0.160121 0.211133 0.271919 0.258093 0.209981 0.220415 0.227166 0.226956 0.134986 0.136036 0.141709 0.214535 0.182218 0.258267 0.234318 0.224149 0.199263 0.127486 0.143192 0.177006 0.186329 0.150573 0.145959 0.176233 0.124153 0.177711 0.154377 0.097977 0.116194 0.072110 0.150585 0.194788 0.233870 0.334107 0.335233 0.295077 0.310769 0.347653 0.374420 0.401817 0.347899 0.316246 0.291051 0.279172 0.271418 0.290029 0.275801 0.272795 0.309859 0.373347 0.304094 0.310282 0.314978 0.295529 0.229344 0.247203 0.211147 0.220891 0.141281 0.185359 0.087610 0.074129 0.181688 0.156946 0.192300 0.250151 0.268469 0.253628 0.201706 0.200663 0.212610 0.177603 0.173680 0.133000 0.146481 0.145127 0.180589 0.194372 0.133400 0.129758 0.167185 0.144444 0.123518 0.155099 0.167839 0.215071 0.195727 0.255763 0.239722 0.231026 0.224339 
192837465
9
0.173792 0.306392 0.304020 0.223836 0.237870 0.231915 0.278777 0.241989 0.132518 0.156856 0.180463 0.170944 0.181260 0.229238 0.321088 0.386577 0.363029 0.317617 0.373550 0.342108 0.357342 0.384681 0.320166 0.218164 0.219862 0.212324 0.238829 0.205442 0.181150 0.210198 0.202816 0.250085 0.223128 0.191555 0.173968 0.155645 0.204775 0.200555 0.166452 0.158024 0.179925 0.184416 0.219738 0.136303 0.183935 0.162697 0.127681 0.150140 0.135804 0.149846 0.121215 0.136050 0.140894 0.188506 0.187668 0.137438 0.186893 0.114708 0.208972 0.227699 0.255424 0.271040 0.301316 0.287780 0.324335 0.385529 0.392892 0.333304 0.254054 0.250217 0.291636 0.336799 0.325438 0.258871 0.262416 0.306958 0.268771 0.311100 0.305849 0.298848 0.225480 0.213080 0.151707 0.181021 0.162026 0.126035 0.151787 0.112034 0.122563 0.108080 0.107325 0.162737 0.278471 0.284805 0.291578 0.327467 0.288680 0.237209 0.190732 0.173517 0.202785 0.238562 0.215490 0.204135 0.217665 0.208170 0.210809 0.164637 0.144303 0.184430 0.136795 0.081347 0.131749 0.238669 0.163883 0.173864 0.182418 0.289883 0.250611 0.201167 
192837465
10
0.198154 0.207066 0.288668 0.284267 0.292850 0.281985 0.184738 0.303408 0.241422 0.192752 0.142618 0.236589 0.269361 0.303758 0.331020 0.345804 0.342749 0.346389 0.328851 0.291262 0.365065 0.347347 0.346186 0.313979 0.320840 0.215329 0.228692 0.163389 0.221361 0.214374 0.198713 0.217154 0.202380 0.248333 0.225505 0.203670 0.201590 0.215490 0.175037 0.140823 0.156974 0.160468 0.162640 0.129938 0.116318 0.111300 0.100152 0.090241 0.062192 0.113114 0.215262 0.193182 0.188612 0.164337 0.136001 0.223777 0.158101 0.237118 0.180710 0.254018 0.269305 0.275806 0.222913 0.265287 0.298741 0.253700 0.282844 0.230014 0.240191 0.242337 0.300379 0.296886 0.321517 0.316934 0.300132 0.324891 0.333201 0.273320 0.346218 0.327655 0.245547 0.206742 0.137027 0.152127 0.167896 0.141493 0.147983 0.193212 0.183914 0.195642 0.224870 0.240504 0.266768 0.304296 0.258181 0.314453 0.263274 0.268948 0.274724 0.279000 0.288326 0.330570 0.310290 0.271270 0.275071 0.229003 0.194898 0.185489 0.204148 0.181565 0.161367 0.099924 0.194391 0.151899 0.101269 0.117015 0.259348 0.248872 0.189983 0.173066 
192837465
11
0.215377 0.260029 0.269899 0.251982 0.330370 0.326537 0.278862 0.250273 0.236147 0.216098 0.236926 0.203578 0.245127 0.402624 0.365251 0.337422 0.316536 0.371811 0.333661 0.259803 0.317828 0.328778 0.303705 0.274053 0.321183 0.331264 0.272506 0.226936 0.237388 0.241010 0.258543 0.233217 0.283513 0.242324 0.254176 0.198696 0.184588 0.197960 0.115628 0.098354 0.079384 0.137604 0.108496 0.120170 0.113305 0.141080 0.136449 0.119021 0.111689 0.160832 0.142657 0.086820 0.046373 0.125907 0.175109 0.145420 0.207076 0.158675 0.177402 0.213553 0.219286 0.211617 0.173761 0.094645 0.124264 0.190974 0.218154 0.179668 0.242406 0.231104 0.217911 0.242517 0.256095 0.323275 0.218396 0.192374 0.206619 0.268558 0.255108 0.310215 0.289595 0.264460 0.244423 0.266116 0.232121 0.122178 0.173457 0.201540 0.201317 0.225942 0.225418 0.261326 0.297960 0.317547 0.268718 0.242662 0.246218 0.313602 0.342392 0.390911 0.330549 0.341449 0.357417 0.335033 0.265441 0.275874 0.203965 0.243424 0.267039 0.215152 0.217444 0.264717 0.166116 0.211088 0.174902 0.166498 0.228782 0.279722 0.280138 0.144735 
192837465
12
0.318371 0.292130 0.274730 0.309178 0.303628 0.335859 0.274403 0.246189 0.258685 0.220787 0.202423 0.256152 0.295839 0.361220 0.355890 0.381478 0.352590 0.338824 0.248159 0.312119 0.306853 0.279492 0.266905 0.240982 0.280252 0.261757 0.362244 0.339133 0.363334 0.286163 0.289439 0.272161 0.309026 0.290607 0.283068 0.179001 0.196915 0.162107 0.148159 0.101189 0.113203 0.127300 0.116942 0.134204 0.132761 0.109428 0.173481 0.232940 0.190602 0.077374 0.046452 0.062122 0.050872 0.119325 0.161863 0.137439 0.123855 0.193661 0.289360 0.232600 0.221154 0.210809 0.149822 0.082573 0.109899 0.093679 0.121323 0.163879 0.191535 0.217622 0.278355 0.260203 0.284433 0.237251 0.204755 0.137034 0.207020 0.177694 0.205999 0.228265 0.231802 0.256223 0.251236 0.290855 0.264401 0.281800 0.237995 0.260606 0.201271 0.143499 0.166788 0.181541 0.249761 0.293468 0.259830 0.285296 0.311047 0.359358 0.383795 0.368818 0.391442 0.366886 0.309002 0.313210 0.273436 0.219854 0.222756 0.277695 0.229466 0.210180 0.219956 0.153103 0.170044 0.209507 0.231775 0.191915 0.217470 0.197818 0.184154 0.112482 
192837465
13
0.274046 0.298759 0.304269 0.317192 0.292611 0.288444 0.287253 0.303338 0.271489 0.251335 0.292650 0.289945 0.315921 0.309183 0.353389 0.431594 0.380651 0.371467 0.391302 0.381876 0.386127 0.344416 0.254087 0.240145 0.201247 0.264540 0.305639 0.319074 0.274783 0.320706 0.308734 0.300550 0.333666 0.245345 0.280986 0.242886 0.221153 0.212344 0.142407 0.177861 0.199245 0.160268 0.120101 0.053867 0.109412 0.190587 0.203745 0.219151 0.252201 0.216088 0.187163 0.146049 0.100186 0.139577 0.159064 0.155935 0.147949 0.154108 0.213800 0.253513 0.238932 0.241308 0.212126 0.205154 0.201112 0.243697 0.280077 0.200631 0.169028 0.177795 0.272182 0.295424 0.265997 0.183197 0.200876 0.233974 0.260858 0.260107 0.273047 0.297753 0.298814 0.218693 0.281625 0.269185 0.228236 0.257336 0.297439 0.269513 0.300166 0.230459 0.203959 0.256863 0.254221 0.258719 0.234594 0.238724 0.301903 0.356998 0.366815 0.336215 0.307734 0.301045 0.298238 0.285852 0.284121 0.212056 0.178792 0.233358 0.256833 0.213053 0.224446 0.205097 0.217649 0.209904 0.169402 0.223659 0.203280 0.177282 0.158928 0.180193 
192837465
14
0.320407 0.283506 0.336050 0.240571 0.209300 0.264850 0.252982 0.282777 0.226754 0.218725 0.289655 0.349802 0.332067 0.320894 0.293539 0.306473 0.385502 0.452139 0.401809 0.484709 0.426374 0.369931 0.321274 0.338677 0.334133 0.319454 0.317357 0.303034 0.268622 0.285177 0.284847 0.249038 0.261253 0.258545 0.214556 0.139237 0.074712 0.107172 0.111681 0.101930 0.129136 0.136159 0.216276 0.182331 0.212737 0.168736 0.229741 0.171088 0.201844 0.245569 0.182015 0.148503 0.175669 0.267193 0.235544 0.139520 0.134559 0.185174 0.249481 0.264692 0.291546 0.276135 0.303378 0.286339 0.253344 0.218092 0.277870 0.252387 0.181872 0.197232 0.210341 0.188216 0.237959 0.169782 0.153608 0.221654 0.254377 0.360260 0.379151 0.305206 0.313562 0.336549 0.302822 0.306877 0.256601 0.256793 0.305035 0.273755 0.300235 0.297693 0.259439 0.363803 0.345637 0.353680 0.313134 0.316805 0.354830 0.338058 0.348331 0.305531 0.360488 0.290652 0.302723 0.324457 0.309761 0.217315 0.278724 0.333502 0.323707 0.336130 0.277545 0.319780 0.307831 0.229965 0.242637 0.222532 0.267521 0.223399 0.227000 0.258073 
192837465
15
0.321454 0.263820 0.262927 0.263613 0.228594 0.256681 0.271276 0.278556 0.307376 0.279926 0.287967 0.302375 0.310694 0.307001 0.292868 0.368304 0.376781 0.359170 0.386904 0.407185 0.409461 0.409236 0.340579 0.340147 0.340731 0.371754 0.303643 0.261940 0.276434 0.311328 0.260263 0.376761 0.308891 0.275774 0.300761 0.259157 0.250123 0.249499 0.184662 0.251823 0.241273 0.228311 0.188399 0.197409 0.215009 0.217168 0.123778 0.172710 0.149308 0.134784 0.156980 0.186059 0.186538 0.252745 0.224019 0.202224 0.181306 0.209542 0.205567 0.165532 0.196131 0.181590 0.282925 0.232948 0.259872 0.227621 0.273737 0.279039 0.306786 0.257782 0.284657 0.301125 0.267357 0.198562 0.174548 0.246230 0.289837 0.374549 0.312429 0.311924 0.285612 0.249502 0.239222 0.279252 0.278427 0.269961 0.298652 0.287285 0.294218 0.374718 0.351233 0.370934 0.322862 0.268022 0.325506 0.356854 0.404141 0.335322 0.333828 0.286685 0.272580 0.301787 0.314847 0.264203 0.309616 0.303060 0.347131 0.306577 0.347907 0.308436 0.363144 0.333906 0.298368 0.278567 0.283950 0.198930 0.142377 0.185861 0.175795 0.273302 
192837465
