1200.000000
160.000000
120
16
1
0.500000
2
2
0
0.319899 0.228350 0.237739 0.182265 0.130744 0.175474 0.124716 0.125986 0.101609 0.123276 0.205743 0.162198 0.188343 0.201754 0.243663 0.251258 0.242112 0.194575 0.185433 0.131612 0.158244 0.144810 0.198796 0.190856 0.201910 0.178592 0.147374 0.117675 0.140569 0.093823 0.132846 0.112951 0.182585 0.228957 0.189931 0.234298 0.277958 0.270156 0.224161 0.232097 0.335750 0.377000 0.311970 0.314764 0.324863 0.237833 0.264112 0.192656 0.182491 0.182327 0.136061 0.168145 0.150205 0.200167 0.155382 0.205158 0.233997 0.227248 0.239382 0.246507 0.237325 0.294761 0.274049 0.268045 0.250048 0.338519 0.356975 0.313732 0.316961 0.290329 0.292914 0.314998 0.312589 0.274309 0.275955 0.227199 0.190640 0.217377 0.184463 0.202455 0.228726 0.205141 0.232334 0.228950 0.286553 0.287627 0.286032 0.263458 0.208485 0.187826 0.174331 0.142900 0.173496 0.222514 0.211007 0.288445 0.248624 0.261019 0.228168 0.278704 0.322322 0.362081 0.325220 0.353518 0.323576 0.208270 0.161934 0.205050 0.179324 0.173703 0.187948 0.174156 0.129228 0.177758 0.159549 0.104335 0.161873 0.201871 0.179005 0.144919 
192837465
1
0.288656 0.276365 0.262039 0.174178 0.168847 0.184525 0.096399 0.065109 0.136749 0.126741 0.165578 0.269174 0.267728 0.300302 0.264014 0.264541 0.279314 0.218289 0.183610 0.172995 0.195821 0.177060 0.201788 0.189824 0.194775 0.236568 0.226802 0.166978 0.149834 0.104604 0.167833 0.174783 0.188860 0.163481 0.175854 0.130961 0.218196 0.193555 0.162281 0.191606 0.192242 0.218473 0.245079 0.239795 0.235526 0.219384 0.230905 0.204215 0.210485 0.205058 0.205579 0.199608 0.203173 0.186480 0.220378 0.245034 0.239623 0.264728 0.280205 0.244245 0.227195 0.271681 0.272947 0.267215 0.224650 0.248826 0.246024 0.261506 0.240443 0.204127 0.203565 0.248376 0.294475 0.252798 0.299745 0.218467 0.174198 0.168619 0.217033 0.210386 0.230862 0.192463 0.264670 0.232243 0.264468 0.275877 0.294369 0.226264 0.198862 0.202536 0.194514 0.148549 0.169489 0.164103 0.233591 0.289663 0.307310 0.350063 0.260015 0.236063 0.290376 0.320232 0.314851 0.257057 0.294954 0.227512 0.256821 0.271216 0.274810 0.284010 0.233374 0.212837 0.218930 0.168921 0.118078 0.118889 0.151070 0.122470 0.106353 0.119884 
192837465
2
0.238080 0.195965 0.179923 0.149378 0.206332 0.231235 0.184314 0.110248 0.131941 0.181404 0.235667 0.279185 0.267355 0.268485 0.308834 0.328596 0.330406 0.285206 0.308420 0.220506 0.206175 0.195278 0.194414 0.222108 0.212829 0.259715 0.249454 0.280174 0.229462 0.216782 0.224147 0.290354 0.274373 0.254362 0.191374 0.206615 0.165908 0.130534 0.154462 0.126058 0.134366 0.159521 0.132809 0.193110 0.210368 0.204634 0.163604 0.205898 0.221606 0.244042 0.233624 0.199631 0.221814 0.213323 0.183883 0.193115 0.179586 0.204510 0.278500 0.214165 0.174131 0.179373 0.179953 0.164949 0.216271 0.213458 0.206434 0.220514 0.211596 0.243782 0.207056 0.250719 0.270427 0.273705 0.242620 0.252441 0.210475 0.214414 0.212861 0.188884 0.134786 0.148971 0.166471 0.155824 0.170687 0.231334 0.184246 0.116360 0.141274 0.154908 0.165126 0.214246 0.231271 0.281297 0.244134 0.275040 0.180236 0.212596 0.252626 0.236823 0.323411 0.282889 0.254752 0.233537 0.287849 0.267233 0.287201 0.261812 0.357032 0.298215 0.298325 0.291328 0.264893 0.190930 0.227993 0.170838 0.189539 0.232348 0.156656 0.152641 
192837465
3
0.226277 0.207959 0.186971 0.233576 0.242002 0.213491 0.205307 0.182472 0.184519 0.259004 0.249434 0.225444 0.228521 0.286607 0.322258 0.337071 0.310086 0.264483 0.237931 0.173951 0.201676 0.163612 0.203223 0.182984 0.174266 0.147029 0.223332 0.264317 0.268634 0.283697 0.334140 0.319416 0.258172 0.262279 0.274547 0.189425 0.168815 0.186961 0.165183 0.181931 0.150249 0.144077 0.183335 0.202886 0.191199 0.222959 0.235944 0.242014 0.267656 0.238763 0.199779 0.145837 0.212647 0.180157 0.226692 0.211176 0.250330 0.275612 0.236141 0.205557 0.197431 0.232782 0.217091 0.208831 0.156520 0.232432 0.206843 0.231378 0.220775 0.273274 0.253521 0.262863 0.284721 0.291983 0.246245 0.255605 0.234800 0.179774 0.164237 0.174682 0.128949 0.132975 0.103781 0.103377 0.168045 0.126295 0.138977 0.164740 0.194132 0.173172 0.131709 0.171286 0.220767 0.245955 0.264330 0.285038 0.265920 0.258492 0.276100 0.260795 0.340610 0.380196 0.358458 0.315562 0.304330 0.284083 0.327632 0.280645 0.274734 0.293708 0.282238 0.234572 0.221361 0.179968 0.222310 0.250043 0.235311 0.299066 0.257412 0.210811 
192837465
4
0.187415 0.217468 0.216776 0.257398 0.319071 0.263363 0.255226 0.265712 0.240701 0.231797 0.249871 0.268356 0.303723 0.289811 0.311727 0.280519 0.270161 0.217035 0.197650 0.234087 0.251010 0.248740 0.271220 0.269714 0.259716 0.235562 0.279417 0.287907 0.265284 0.301514 0.269791 0.277916 0.244261 0.265925 0.256359 0.238364 0.291857 0.216810 0.213121 0.198480 0.212456 0.170443 0.112752 0.130668 0.147126 0.172666 0.260410 0.288894 0.215669 0.211451 0.214237 0.210342 0.204998 0.223091 0.255110 0.249922 0.298478 0.279145 0.303080 0.292086 0.239718 0.238702 0.228710 0.215043 0.165455 0.214235 0.286007 0.308003 0.269072 0.261599 0.282995 0.390168 0.345575 0.306652 0.254279 0.318564 0.266751 0.197557 0.127374 0.103655 0.087703 0.110771 0.069184 0.089474 0.111666 0.070282 0.111646 0.099176 0.156580 0.110925 0.069662 0.134527 0.156083 0.193745 0.253119 0.295470 0.298794 0.323249 0.327633 0.392523 0.419566 0.436635 0.440944 0.336838 0.284825 0.305783 0.306869 0.244173 0.213891 0.243170 0.198664 0.208742 0.252702 0.265007 0.231343 0.225273 0.236816 0.248937 0.255387 0.256983 
192837465
5
0.249556 0.268403 0.249224 0.203858 0.280858 0.327397 0.332404 0.288646 0.249176 0.232796 0.256192 0.228207 0.243540 0.272608 0.256120 0.248294 0.253643 0.209129 0.170997 0.157197 0.214068 0.249869 0.268035 0.331256 0.350871 0.330593 0.263200 0.323399 0.305282 0.353242 0.269690 0.238150 0.212673 0.205062 0.277747 0.238365 0.248701 0.289020 0.209277 0.194419 0.135377 0.129375 0.146660 0.110064 0.096937 0.130610 0.178407 0.227785 0.203339 0.222473 0.224576 0.237740 0.255381 0.198066 0.225018 0.194235 0.227467 0.232316 0.271984 0.299895 0.243575 0.233278 0.217646 0.241827 0.208634 0.256945 0.280113 0.311637 0.275422 0.301073 0.333532 0.403860 0.376731 0.304757 0.274765 0.261654 0.227255 0.243954 0.201756 0.193781 0.101054 0.117732 0.091684 0.074735 0.045492 0.067606 0.054270 0.156487 0.146256 0.056797 0.012842 0.058349 0.110141 0.188368 0.271458 0.255999 0.329318 0.314878 0.357510 0.345174 0.374387 0.366640 0.371849 0.368251 0.356871 0.374024 0.369465 0.321354 0.269924 0.284895 0.261257 0.273788 0.198733 0.207033 0.213235 0.254311 0.280170 0.289708 0.250329 0.270940 
192837465
6
0.303091 0.343792 0.309471 0.280100 0.311818 0.343486 0.271205 0.312312 0.330723 0.290808 0.247601 0.240936 0.235008 0.215003 0.254601 0.287625 0.233013 0.232490 0.215468 0.245600 0.277189 0.295236 0.309143 0.327704 0.294122 0.312475 0.368763 0.348620 0.272782 0.294953 0.243508 0.218594 0.166751 0.199009 0.259656 0.207465 0.253300 0.209386 0.224252 0.119723 0.165759 0.159747 0.185456 0.164284 0.169468 0.187273 0.193529 0.233259 0.243253 0.219628 0.244381 0.228890 0.252580 0.228553 0.198990 0.216501 0.234941 0.225793 0.233571 0.234769 0.216700 0.200521 0.227111 0.190798 0.244061 0.270557 0.278344 0.260637 0.293780 0.357459 0.387741 0.403516 0.366074 0.310773 0.292456 0.230818 0.185002 0.259601 0.211897 0.172457 0.175277 0.117726 0.175775 0.140633 0.134794 0.083452 0.061024 0.143651 0.136393 0.125872 0.203052 0.212560 0.236353 0.189635 0.264250 0.244719 0.312658 0.326022 0.373284 0.348027 0.365820 0.365223 0.389262 0.413534 0.331334 0.362656 0.372707 0.329103 0.282386 0.279258 0.278702 0.252725 0.176528 0.149610 0.203653 0.235063 0.257490 0.227705 0.222845 0.296055 
192837465
7
0.290616 0.268627 0.303258 0.290075 0.365137 0.328617 0.322770 0.287419 0.333514 0.336501 0.283644 0.205737 0.241279 0.212387 0.300249 0.347505 0.391289 0.343044 0.288770 0.277653 0.307956 0.292320 0.240020 0.257388 0.283339 0.285925 0.353132 0.309061 0.259020 0.279303 0.243382 0.244887 0.217902 0.199401 0.260650 0.282192 0.327500 0.323470 0.262263 0.271485 0.283890 0.230770 0.198781 0.173616 0.125560 0.202521 0.207605 0.168714 0.176916 0.182903 0.219767 0.218224 0.208974 0.227458 0.215932 0.257387 0.288672 0.270699 0.274039 0.255954 0.234547 0.236013 0.237976 0.230212 0.223296 0.225418 0.222861 0.232764 0.296563 0.282197 0.294165 0.307246 0.330434 0.362165 0.331907 0.355531 0.312696 0.259227 0.235937 0.256814 0.224830 0.182578 0.167599 0.103462 0.186019 0.194823 0.123972 0.178214 0.154628 0.215621 0.167549 0.183339 0.153655 0.190650 0.209105 0.202001 0.227502 0.275953 0.261287 0.260048 0.230095 0.275261 0.343975 0.366172 0.355651 0.273359 0.297943 0.221922 0.232828 0.235556 0.252337 0.231796 0.232330 0.209074 0.232476 0.242641 0.263273 0.184018 0.210273 0.255961 
192837465
8
0.294541 0.221706 0.258018 0.263951 0.273248 0.245883 0.306528 0.256926 0.273920 0.255542 0.257822 0.254782 0.238958 0.232214 0.344628 0.358777 0.407465 0.363678 0.346178 0.301489 0.329300 0.302818 0.270371 0.312815 0.276406 0.283036 0.254320 0.263427 0.292770 0.274317 0.278529 0.276735 0.241049 0.238369 0.230472 0.239045 0.263073 0.221663 0.267141 0.251084 0.216550 0.229390 0.233500 0.230467 0.201939 0.235379 0.217834 0.130879 0.121968 0.119184 0.116776 0.184170 0.159318 0.164517 0.220785 0.260882 0.236615 0.184796 0.256912 0.208128 0.246446 0.221827 0.205567 0.225045 0.236589 0.232666 0.218567 0.279731 0.356059 0.294716 0.250741 0.239170 0.322436 0.332620 0.298033 0.265009 0.230788 0.232888 0.258285 0.304008 0.285576 0.196451 0.197284 0.211634 0.146599 0.205342 0.205705 0.187707 0.203675 0.127460 0.148671 0.158898 0.204938 0.255746 0.232472 0.221921 0.177874 0.237954 0.248408 0.213435 0.206936 0.214804 0.248584 0.217710 0.243081 0.244493 0.253405 0.207626 0.175158 0.174526 0.170640 0.168780 0.208095 0.184938 0.163373 0.172693 0.185217 0.191995 0.229515 0.239527 
192837465
9
0.275238 0.291984 0.315635 0.340330 0.317765 0.331056 0.348256 0.362896 0.332594 0.307667 0.262326 0.237090 0.267125 0.280694 0.311538 0.296725 0.347515 0.321553 0.351589 0.308954 0.298301 0.264285 0.345247 0.365921 0.352799 0.329657 0.267216 0.243780 0.260783 0.261512 0.258615 0.220779 0.288419 0.264905 0.309272 0.282684 0.293963 0.295453 0.224528 0.234726 0.270688 0.249515 0.251438 0.210706 0.162829 0.132661 0.189766 0.211030 0.168575 0.161311 0.157119 0.147331 0.153827 0.186765 0.211512 0.189913 0.189344 0.223729 0.201203 0.259728 0.247315 0.190708 0.227340 0.242660 0.238078 0.208878 0.237525 0.318676 0.339780 0.323022 0.255627 0.210877 0.220204 0.239256 0.235263 0.236395 0.173293 0.160743 0.150328 0.183324 0.271876 0.255333 0.201113 0.256281 0.324641 0.267236 0.260269 0.228682 0.241231 0.199731 0.234995 0.271272 0.286470 0.323887 0.332130 0.293266 0.258133 0.271519 0.277588 0.258398 0.245055 0.224773 0.253550 0.223862 0.219671 0.252578 0.183046 0.148578 0.151080 0.164331 0.139692 0.147593 0.163150 0.179230 0.099576 0.128877 0.150585 0.192013 0.193277 0.271300 
192837465
10
0.315092 0.348165 0.340005 0.320830 0.359580 0.365103 0.294249 0.271436 0.280361 0.271611 0.276672 0.257891 0.300360 0.264959 0.281710 0.337311 0.348068 0.409818 0.414084 0.327341 0.284699 0.325643 0.256593 0.280673 0.344899 0.400958 0.301181 0.251766 0.217115 0.154866 0.230152 0.306435 0.366456 0.360335 0.291862 0.245208 0.253552 0.285186 0.247916 0.238379 0.288368 0.275860 0.255873 0.277263 0.249078 0.190579 0.193847 0.207723 0.242781 0.275282 0.270715 0.247177 0.222605 0.239628 0.241976 0.241630 0.192684 0.176587 0.201219 0.207274 0.180157 0.202763 0.235049 0.165282 0.168896 0.179150 0.240363 0.281982 0.316652 0.321388 0.274544 0.314866 0.265286 0.209514 0.255353 0.279719 0.270851 0.192570 0.164765 0.184384 0.228811 0.277305 0.266974 0.305683 0.362567 0.326648 0.293400 0.278234 0.235285 0.277240 0.259939 0.251702 0.248389 0.316497 0.301326 0.280302 0.271209 0.251829 0.175156 0.235531 0.218118 0.196997 0.185628 0.163564 0.241042 0.242704 0.169173 0.154583 0.128687 0.143182 0.146076 0.063274 0.078466 0.117655 0.137637 0.160180 0.180247 0.183299 0.234798 0.206671 
192837465
11
0.292687 0.271251 0.266668 0.292114 0.349045 0.332318 0.356872 0.317665 0.285382 0.331966 0.345996 0.335725 0.286992 0.310373 0.350918 0.352971 0.353066 0.354302 0.404706 0.385473 0.314010 0.354741 0.343436 0.294176 0.302720 0.269943 0.210012 0.201736 0.162142 0.202082 0.239699 0.320796 0.349135 0.395255 0.340128 0.290237 0.340077 0.343771 0.357114 0.297710 0.320626 0.283973 0.268814 0.227669 0.195413 0.235348 0.237662 0.212773 0.283568 0.291963 0.238082 0.203110 0.194410 0.229431 0.253351 0.252539 0.196450 0.228805 0.241244 0.266747 0.243446 0.240834 0.220151 0.223250 0.187663 0.219665 0.231794 0.330177 0.330445 0.360317 0.334648 0.330293 0.324324 0.346384 0.307190 0.267842 0.217729 0.162770 0.167145 0.199650 0.220751 0.206835 0.219369 0.291852 0.291430 0.326482 0.334453 0.314781 0.326257 0.325553 0.325275 0.318424 0.310956 0.299206 0.359821 0.310069 0.298860 0.247769 0.206542 0.257840 0.237861 0.238658 0.262603 0.270411 0.265735 0.250454 0.224175 0.157111 0.153702 0.164600 0.135193 0.087196 0.126028 0.134780 0.148330 0.160551 0.130816 0.180587 0.254671 0.203556 
192837465
12
0.225378 0.298119 0.271876 0.285154 0.332751 0.362607 0.418213 0.377724 0.360897 0.371844 0.384712 0.404702 0.392521 0.360129 0.352805 0.435951 0.412512 0.438045 0.437248 0.433754 0.380807 0.334403 0.269767 0.296241 0.250894 0.218658 0.200602 0.229577 0.251814 0.268037 0.298976 0.359591 0.429176 0.400995 0.399072 0.419061 0.356777 0.318974 0.311792 0.349038 0.359054 0.313973 0.278397 0.250877 0.222206 0.216885 0.264051 0.263540 0.268299 0.255702 0.296988 0.204787 0.240904 0.327922 0.257483 0.240472 0.240223 0.259232 0.313345 0.272456 0.314010 0.258329 0.243572 0.243447 0.217953 0.279801 0.264471 0.312484 0.261352 0.361537 0.391548 0.405757 0.424688 0.392768 0.332155 0.317724 0.252344 0.196628 0.235204 0.205692 0.184262 0.245893 0.206726 0.248287 0.286390 0.285121 0.293595 0.333940 0.328896 0.356642 0.364581 0.314244 0.356368 0.330362 0.288464 0.278232 0.269784 0.324079 0.269280 0.229802 0.229816 0.226407 0.259743 0.198914 0.187184 0.222090 0.233350 0.263306 0.243994 0.254783 0.237284 0.177387 0.140188 0.177011 0.143578 0.137938 0.186792 0.215147 0.264733 0.280914 
192837465
13
0.318715 0.354496 0.369038 0.348662 0.397862 0.352518 0.415667 0.451474 0.407565 0.381721 0.369155 0.396219 0.394937 0.414482 0.444278 0.418634 0.350520 0.364686 0.394944 0.363046 0.346526 0.341625 0.308406 0.277671 0.264871 0.263416 0.271527 0.254682 0.292355 0.370904 0.358567 0.401931 0.401569 0.377697 0.379359 0.334780 0.302877 0.294188 0.291183 0.285551 0.268203 0.287077 0.245529 0.212484 0.183484 0.149706 0.193165 0.233457 0.208478 0.348203 0.269707 0.252569 0.257742 0.281552 0.273604 0.269274 0.309868 0.305400 0.341622 0.281677 0.295960 0.214863 0.218463 0.223372 0.212703 0.218184 0.281532 0.283656 0.281651 0.262648 0.336192 0.278464 0.318482 0.262228 0.295194 0.228447 0.212412 0.227801 0.264271 0.238235 0.172558 0.165449 0.212587 0.210773 0.211920 0.283383 0.319505 0.345793 0.352331 0.408155 0.411803 0.396552 0.342661 0.365312 0.311044 0.299900 0.332021 0.309569 0.230451 0.220595 0.199769 0.228374 0.262964 0.248640 0.219264 0.232402 0.228767 0.265890 0.182186 0.200828 0.158453 0.160918 0.137244 0.159965 0.127673 0.165642 0.217892 0.259607 0.298044 0.295646 
192837465
14
0.347729 0.381977 0.415718 0.420241 0.455053 0.438979 0.464503 0.400142 0.405980 0.386469 0.342247 0.357680 0.406706 0.422636 0.377103 0.437335 0.344796 0.341621 0.268336 0.261754 0.276706 0.248437 0.207425 0.220098 0.253296 0.249163 0.233484 0.229499 0.343243 0.380254 0.384986 0.385384 0.418108 0.327544 0.390865 0.371204 0.316370 0.255016 0.225824 0.215761 0.177458 0.183099 0.182605 0.189067 0.204089 0.180167 0.171707 0.172303 0.188985 0.203777 0.213039 0.158777 0.172866 0.198200 0.295217 0.326320 0.349492 0.352284 0.313954 0.251318 0.256755 0.204961 0.160576 0.164107 0.119168 0.202376 0.219337 0.204135 0.234020 0.262304 0.241481 0.293875 0.259654 0.278858 0.271198 0.214320 0.252680 0.224941 0.295936 0.272900 0.235187 0.236603 0.188410 0.227424 0.263164 0.227735 0.298313 0.410123 0.469231 0.433837 0.403868 0.371592 0.323213 0.359060 0.318987 0.289044 0.271635 0.311275 0.299923 0.245058 0.253216 0.244014 0.234953 0.267632 0.256109 0.246581 0.207696 0.203260 0.201459 0.209476 0.199639 0.195137 0.210430 0.256552 0.238313 0.213162 0.255134 0.293595 0.241576 0.250451 
192837465
15
0.344155 0.358958 0.380039 0.393864 0.414623 0.346582 0.375675 0.382703 0.432624 0.367329 0.385000 0.407001 0.391600 0.360125 0.359391 0.393010 0.354954 0.295877 0.307352 0.255129 0.255793 0.311395 0.261071 0.243177 0.273495 0.309031 0.299691 0.312118 0.380013 0.397502 0.387900 0.369990 0.351562 0.325264 0.361056 0.278139 0.233115 0.210133 0.173567 0.156631 0.160183 0.197707 0.182695 0.221038 0.253354 0.203559 0.232833 0.236455 0.180431 0.161238 0.211061 0.181132 0.197241 0.244478 0.283620 0.271859 0.311881 0.247260 0.169852 0.174100 0.154101 0.123940 0.166047 0.211878 0.188690 0.143986 0.219278 0.216554 0.234947 0.171007 0.193474 0.218739 0.243712 0.244029 0.248849 0.208133 0.220214 0.259724 0.227233 0.259654 0.282439 0.238235 0.218586 0.180583 0.242628 0.298728 0.353412 0.396056 0.407691 0.379689 0.292662 0.285769 0.265887 0.283531 0.263807 0.245265 0.298617 0.329677 0.233190 0.271078 0.305623 0.278622 0.277395 0.345831 0.321759 0.229517 0.200732 0.261891 0.244574 0.221582 0.222613 0.188147 0.203279 0.237872 0.241965 0.250300 0.221403 0.170684 0.210283 0.212028 
192837465
