1200.000000
160.000000
120
16
1
0.500000
2
2
0
0.260106 0.285174 0.320428 0.334087 0.300094 0.340266 0.341176 0.325611 0.328339 0.314364 0.276388 0.356088 0.324462 0.389760 0.356574 0.342185 0.357840 0.432367 0.385931 0.397512 0.415269 0.358657 0.348307 0.324104 0.327740 0.278513 0.232704 0.224423 0.186681 0.172448 0.103630 0.099797 0.063214 0.047634 0.082882 0.107180 0.081892 0.090960 0.107823 0.176798 0.156805 0.145002 0.178542 0.187294 0.169630 0.160858 0.178595 0.206483 0.285226 0.301091 0.267967 0.206862 0.252636 0.262855 0.306567 0.268722 0.300647 0.290070 0.269609 0.234753 0.218456 0.140510 0.151764 0.208977 0.187278 0.173524 0.199449 0.193208 0.252140 0.206844 0.182958 0.185563 0.212495 0.261222 0.253966 0.229989 0.212170 0.249268 0.242724 0.288409 0.247509 0.216435 0.196805 0.083044 0.102829 0.119323 0.196146 0.235199 0.234991 0.279504 0.250083 0.243844 0.138147 0.172238 0.171925 0.149414 0.170473 0.155320 0.101607 0.123386 0.179972 0.226902 0.235685 0.280616 0.310527 0.289978 0.225756 0.237193 0.277965 0.281452 0.286652 0.240594 0.226049 0.175618 0.111145 0.134811 0.162149 0.114282 0.069755 0.093893 
192837465
1
0.216729 0.230237 0.229781 0.229393 0.260441 0.262776 0.281661 0.278155 0.274743 0.269048 0.277070 0.278525 0.286418 0.307012 0.327538 0.327841 0.311489 0.341334 0.356376 0.338893 0.375733 0.323581 0.299101 0.282324 0.245912 0.174374 0.210295 0.191360 0.184645 0.179914 0.079027 0.075522 0.044414 0.062066 0.084456 0.090132 0.114930 0.072291 0.099828 0.117138 0.182699 0.232136 0.253121 0.249775 0.211705 0.175811 0.214547 0.235282 0.242474 0.281001 0.254047 0.228476 0.260220 0.262537 0.225713 0.230459 0.231202 0.259865 0.278048 0.201428 0.193305 0.221513 0.222898 0.209789 0.195497 0.175128 0.218608 0.178578 0.232129 0.169041 0.222810 0.139992 0.181578 0.168913 0.178763 0.135383 0.150917 0.157822 0.169580 0.192898 0.207368 0.176260 0.238214 0.206619 0.199244 0.172226 0.139150 0.204438 0.276565 0.175694 0.195778 0.140227 0.136557 0.139866 0.084869 0.070543 0.144195 0.193041 0.167647 0.135917 0.168699 0.246538 0.283383 0.286774 0.290579 0.269025 0.267188 0.262754 0.286690 0.273503 0.332557 0.362399 0.316376 0.223933 0.216762 0.163482 0.144065 0.153296 0.181535 0.192749 
192837465
2
0.162718 0.145232 0.203813 0.223609 0.191369 0.191662 0.190447 0.174997 0.213905 0.277178 0.266454 0.304524 0.253161 0.289078 0.282756 0.305672 0.300794 0.375623 0.396495 0.399334 0.401262 0.360063 0.335523 0.240614 0.212041 0.159299 0.168245 0.177634 0.159132 0.169634 0.127521 0.099283 0.111310 0.060837 0.116752 0.146765 0.140115 0.208067 0.252387 0.247166 0.211339 0.259293 0.225151 0.209361 0.246949 0.224109 0.241677 0.224297 0.210575 0.259488 0.227641 0.250053 0.255767 0.214276 0.246960 0.275534 0.261858 0.274554 0.282238 0.267280 0.282087 0.257651 0.293376 0.298226 0.285750 0.237397 0.252596 0.214110 0.217657 0.292938 0.249398 0.261470 0.246269 0.244940 0.224555 0.173203 0.209654 0.190696 0.196882 0.195385 0.159183 0.164882 0.158418 0.170205 0.136701 0.148587 0.173010 0.204036 0.161724 0.141585 0.138242 0.171796 0.185945 0.188646 0.169783 0.161892 0.118978 0.138390 0.167731 0.169569 0.154266 0.222090 0.257207 0.254842 0.318932 0.308469 0.272133 0.308312 0.241108 0.254314 0.318323 0.386668 0.369002 0.324208 0.335632 0.243307 0.156602 0.199475 0.190641 0.200931 
192837465
3
0.239818 0.124959 0.213891 0.280644 0.230278 0.205369 0.268381 0.248952 0.241146 0.248615 0.269947 0.295945 0.240646 0.258470 0.321072 0.316739 0.310657 0.369093 0.394389 0.388839 0.352984 0.314372 0.328574 0.301299 0.255595 0.210184 0.186042 0.165090 0.147041 0.154215 0.148057 0.165144 0.171292 0.185492 0.155596 0.148611 0.187032 0.190234 0.158616 0.251681 0.235739 0.290086 0.244079 0.268864 0.231586 0.200307 0.182623 0.246720 0.178447 0.199441 0.245906 0.214252 0.233464 0.271130 0.259416 0.240229 0.264235 0.296473 0.271368 0.278978 0.279821 0.287757 0.327741 0.290643 0.292477 0.308163 0.325948 0.278269 0.307618 0.262029 0.271560 0.285522 0.244167 0.253975 0.229218 0.184886 0.165021 0.131379 0.118395 0.177873 0.141754 0.107024 0.087797 0.121110 0.164345 0.137134 0.115394 0.151887 0.182355 0.179780 0.202053 0.188747 0.209958 0.185586 0.169331 0.152195 0.158506 0.130335 0.153271 0.165322 0.189160 0.275926 0.261816 0.327387 0.292810 0.338088 0.329096 0.330841 0.304884 0.273952 0.321410 0.311352 0.308514 0.290633 0.250871 0.237014 0.224557 0.252282 0.265350 0.233628 
192837465
4
0.187051 0.242939 0.234904 0.232074 0.261906 0.259158 0.265458 0.251031 0.280979 0.291250 0.241115 0.232039 0.239261 0.277627 0.201141 0.216149 0.240246 0.297301 0.313554 0.322756 0.332718 0.339360 0.267376 0.263209 0.251885 0.268260 0.242846 0.186859 0.169781 0.247707 0.253929 0.167141 0.201357 0.167778 0.198533 0.176364 0.237790 0.210374 0.249017 0.265966 0.318586 0.339398 0.286199 0.240377 0.190270 0.195184 0.205943 0.168558 0.149049 0.157863 0.122436 0.152674 0.157697 0.213345 0.206067 0.224712 0.261306 0.258779 0.320578 0.334173 0.298953 0.298091 0.296515 0.318587 0.324994 0.356616 0.319944 0.299794 0.306212 0.250768 0.241610 0.217298 0.228800 0.247095 0.236789 0.213614 0.261891 0.243731 0.139067 0.153097 0.141793 0.156304 0.120752 0.073172 0.118688 0.162945 0.190283 0.159960 0.128228 0.131124 0.198791 0.190494 0.218459 0.227593 0.206060 0.207597 0.257304 0.200323 0.213325 0.161973 0.189381 0.194574 0.249266 0.274188 0.280186 0.236222 0.250470 0.248208 0.272920 0.278888 0.265192 0.245737 0.267585 0.236686 0.243540 0.246042 0.221082 0.226075 0.235001 0.252591 
192837465
5
0.227247 0.261358 0.324620 0.294246 0.284468 0.271746 0.304882 0.257047 0.245520 0.230132 0.221041 0.148495 0.187181 0.209307 0.216069 0.241450 0.242903 0.253353 0.276161 0.301635 0.324647 0.364202 0.340946 0.254648 0.248853 0.269360 0.199773 0.233850 0.280607 0.228424 0.231352 0.135638 0.167722 0.199705 0.202337 0.189655 0.156595 0.191973 0.203796 0.238047 0.262350 0.246147 0.258783 0.193755 0.122436 0.118355 0.138319 0.117443 0.174869 0.166946 0.180183 0.171173 0.151323 0.149914 0.138591 0.130279 0.192180 0.242589 0.270646 0.293129 0.289732 0.334115 0.307470 0.344099 0.320624 0.303029 0.366926 0.323177 0.278856 0.288445 0.270943 0.270110 0.284040 0.258614 0.223638 0.233984 0.211010 0.224390 0.276685 0.238090 0.134772 0.153104 0.142337 0.102662 0.142214 0.177694 0.180471 0.225279 0.175177 0.230809 0.257535 0.239062 0.223235 0.278096 0.260604 0.237431 0.258025 0.197340 0.211013 0.237921 0.205141 0.223379 0.229936 0.253204 0.222636 0.222976 0.196940 0.257497 0.237537 0.263453 0.246035 0.192551 0.192964 0.263274 0.279548 0.285663 0.272261 0.267890 0.183486 0.195551 
192837465
6
0.229209 0.243599 0.227877 0.302138 0.233193 0.229078 0.223843 0.299483 0.217474 0.179281 0.180092 0.160542 0.134857 0.134055 0.148260 0.165720 0.242469 0.264785 0.219740 0.245852 0.267771 0.379543 0.368383 0.336929 0.342919 0.319368 0.269967 0.292478 0.237183 0.253883 0.219564 0.221011 0.209850 0.210118 0.202007 0.216706 0.152821 0.047468 0.064159 0.139717 0.127957 0.160724 0.181469 0.149250 0.137453 0.188514 0.177793 0.158253 0.222782 0.208545 0.161825 0.125471 0.118935 0.133868 0.128849 0.220090 0.246370 0.232928 0.309808 0.267587 0.267685 0.290387 0.303320 0.317103 0.301680 0.335166 0.296230 0.222664 0.239831 0.238107 0.208722 0.239750 0.245471 0.236855 0.195826 0.212704 0.211662 0.287082 0.228642 0.297352 0.228455 0.217343 0.115551 0.105824 0.195879 0.233807 0.227833 0.265402 0.220118 0.219408 0.245545 0.253421 0.305346 0.288937 0.292942 0.294465 0.254402 0.299188 0.265589 0.281599 0.273339 0.299198 0.259622 0.279336 0.267862 0.240153 0.187681 0.177115 0.185774 0.198134 0.216840 0.132907 0.159645 0.187924 0.207441 0.250311 0.213933 0.200873 0.149279 0.190605 
192837465
7
0.256312 0.287520 0.300786 0.246454 0.255750 0.225121 0.222121 0.269279 0.322621 0.225867 0.231277 0.182554 0.239602 0.210965 0.174687 0.193428 0.215821 0.226569 0.204739 0.134480 0.252145 0.294719 0.288944 0.285348 0.286584 0.300546 0.280066 0.229009 0.221571 0.232344 0.283763 0.281608 0.231304 0.218494 0.258650 0.241718 0.154784 0.074616 0.056076 0.099394 0.154720 0.125261 0.142854 0.191858 0.186456 0.214305 0.193183 0.215835 0.191762 0.239862 0.268684 0.181206 0.205799 0.227697 0.250127 0.247092 0.228908 0.309964 0.301465 0.337875 0.320989 0.344247 0.371669 0.302344 0.345781 0.361976 0.320552 0.242592 0.212104 0.158397 0.175388 0.131250 0.140710 0.151089 0.143751 0.156423 0.233402 0.223882 0.169898 0.185823 0.159593 0.190015 0.179653 0.131019 0.223524 0.331767 0.340198 0.375028 0.252231 0.266604 0.353951 0.313918 0.269218 0.297721 0.264251 0.292499 0.315342 0.301661 0.286803 0.273395 0.263624 0.225188 0.313992 0.312443 0.234000 0.295352 0.255607 0.241004 0.181691 0.183640 0.237427 0.219974 0.191601 0.199179 0.223252 0.216366 0.221960 0.209766 0.182194 0.203628 
192837465
8
0.254421 0.246719 0.277612 0.263567 0.206236 0.175502 0.194901 0.240428 0.254953 0.252705 0.246560 0.229431 0.282620 0.249889 0.226610 0.165056 0.166930 0.193895 0.214083 0.147429 0.165151 0.229256 0.237280 0.222914 0.262811 0.323814 0.293738 0.251790 0.233767 0.276807 0.229002 0.246918 0.269090 0.257416 0.268197 0.239668 0.207399 0.169363 0.180270 0.164816 0.163038 0.215282 0.218517 0.218515 0.232624 0.246072 0.189993 0.184579 0.169192 0.191768 0.187964 0.221565 0.228059 0.240182 0.325135 0.330266 0.331682 0.320866 0.332353 0.379823 0.377423 0.330883 0.282797 0.250732 0.317914 0.306633 0.241915 0.236301 0.171129 0.144585 0.110914 0.113693 0.072108 0.098121 0.120179 0.136747 0.072951 0.110020 0.139812 0.216505 0.251918 0.235667 0.193751 0.236917 0.288516 0.294301 0.312160 0.317412 0.361146 0.306148 0.265150 0.269029 0.257566 0.219620 0.219657 0.230391 0.282923 0.290905 0.274483 0.248440 0.280414 0.301785 0.330215 0.314696 0.327436 0.259205 0.262384 0.227525 0.178712 0.163371 0.193607 0.179194 0.135225 0.114864 0.189271 0.200202 0.207753 0.229879 0.224012 0.212238 
192837465
9
0.243571 0.259826 0.259210 0.259000 0.259751 0.211947 0.250966 0.218156 0.235825 0.288671 0.242641 0.216063 0.300602 0.209246 0.219936 0.142568 0.074148 0.107932 0.181322 0.237642 0.255947 0.292845 0.273379 0.263353 0.239994 0.264106 0.290141 0.241495 0.263632 0.237957 0.215231 0.238304 0.233812 0.264473 0.259734 0.270607 0.257925 0.195226 0.182538 0.201120 0.182294 0.248542 0.208369 0.254544 0.291765 0.264595 0.239833 0.187011 0.206762 0.197227 0.247718 0.274335 0.286045 0.268666 0.310626 0.368783 0.345891 0.357551 0.349719 0.363565 0.310596 0.308958 0.351942 0.318615 0.314446 0.229168 0.202016 0.186853 0.125092 0.139653 0.143754 0.160621 0.144567 0.193505 0.148745 0.168997 0.116650 0.136402 0.169627 0.195668 0.228904 0.208511 0.236354 0.248866 0.224750 0.242913 0.250423 0.260771 0.341317 0.323825 0.298877 0.238973 0.241815 0.248361 0.299095 0.277125 0.265242 0.241281 0.277616 0.312728 0.311959 0.312273 0.321459 0.357082 0.301938 0.290399 0.272203 0.166784 0.162845 0.163557 0.179367 0.185335 0.146861 0.187524 0.158823 0.144295 0.173173 0.220208 0.252406 0.231656 
192837465
10
0.292233 0.280180 0.252987 0.315545 0.320168 0.263890 0.282185 0.224525 0.257997 0.284297 0.326228 0.287706 0.315202 0.278634 0.242798 0.213263 0.194678 0.243707 0.242373 0.253627 0.263940 0.272029 0.228032 0.300651 0.211048 0.227578 0.180255 0.223053 0.293184 0.295423 0.274398 0.252280 0.297513 0.304427 0.282506 0.279346 0.239960 0.240018 0.251142 0.270619 0.224043 0.202410 0.204108 0.209152 0.217481 0.209322 0.220625 0.191870 0.195494 0.226973 0.210075 0.227268 0.227066 0.313972 0.352179 0.352637 0.310598 0.379855 0.387375 0.360663 0.341020 0.302680 0.325216 0.274137 0.285389 0.252956 0.255989 0.246682 0.223609 0.206092 0.222890 0.203088 0.228201 0.195777 0.203301 0.143168 0.144416 0.212684 0.185260 0.213750 0.207475 0.198192 0.246290 0.235892 0.258638 0.323165 0.316050 0.354476 0.362152 0.338962 0.331891 0.354105 0.350952 0.311095 0.300485 0.325363 0.255356 0.308778 0.314052 0.311727 0.314361 0.337672 0.300579 0.264334 0.283483 0.286887 0.211028 0.167217 0.182007 0.178810 0.217293 0.219685 0.193483 0.200520 0.199284 0.189802 0.245704 0.238640 0.224360 0.259308 
192837465
11
0.279286 0.270382 0.263112 0.282649 0.277196 0.306991 0.362609 0.298303 0.237446 0.239095 0.278485 0.258057 0.288262 0.273378 0.220428 0.293438 0.275727 0.216059 0.243368 0.274504 0.274055 0.271501 0.225397 0.283310 0.260926 0.237613 0.243688 0.228565 0.250667 0.229239 0.290183 0.304881 0.325566 0.372405 0.360589 0.286460 0.242933 0.227992 0.235755 0.221940 0.234270 0.191874 0.214877 0.219762 0.171329 0.169927 0.241141 0.213985 0.182259 0.192758 0.176577 0.178042 0.247771 0.257946 0.245659 0.342294 0.330575 0.366247 0.386932 0.304837 0.370154 0.360205 0.334765 0.280910 0.315752 0.281580 0.326983 0.287704 0.287658 0.247332 0.191076 0.236780 0.209659 0.117803 0.153016 0.167008 0.214001 0.162441 0.204389 0.256905 0.280165 0.250547 0.256118 0.222636 0.242760 0.279391 0.315149 0.374981 0.391048 0.378022 0.386881 0.392843 0.366757 0.362802 0.253332 0.275923 0.310490 0.283120 0.352034 0.345291 0.376494 0.346771 0.307461 0.302927 0.303960 0.290861 0.234052 0.232576 0.222370 0.306270 0.322933 0.267891 0.274892 0.265954 0.251602 0.245846 0.203071 0.210444 0.229097 0.288381 
192837465
12
0.224893 0.268666 0.271365 0.275312 0.303030 0.284902 0.324458 0.290006 0.335089 0.264756 0.217672 0.199346 0.232549 0.183232 0.164906 0.185545 0.166710 0.199917 0.219176 0.203905 0.228758 0.257114 0.257700 0.236355 0.208454 0.245009 0.230903 0.173012 0.191573 0.187276 0.218903 0.253375 0.328077 0.307522 0.295503 0.280199 0.251133 0.279634 0.224661 0.221112 0.197766 0.218372 0.231573 0.184603 0.213546 0.178694 0.214404 0.217358 0.214367 0.228544 0.232489 0.267069 0.298934 0.258709 0.285615 0.320040 0.266850 0.329652 0.287873 0.338600 0.280077 0.269929 0.272205 0.320983 0.347430 0.340740 0.390319 0.372449 0.325175 0.278306 0.267557 0.238362 0.296775 0.220705 0.162728 0.199038 0.211098 0.211341 0.233931 0.291634 0.286177 0.259602 0.254592 0.306347 0.237252 0.247915 0.283483 0.336399 0.372083 0.438905 0.469863 0.447035 0.341292 0.289590 0.314567 0.304986 0.246766 0.285826 0.293064 0.350525 0.361976 0.318871 0.286240 0.283991 0.278870 0.285864 0.274825 0.247212 0.227595 0.269853 0.254852 0.304536 0.345379 0.345598 0.264770 0.234501 0.237373 0.230490 0.208058 0.299878 
192837465
13
0.348102 0.358985 0.317360 0.301439 0.319649 0.294756 0.346979 0.394755 0.340602 0.386855 0.325346 0.211832 0.284625 0.262794 0.275766 0.216295 0.179157 0.127018 0.213380 0.200646 0.225965 0.278855 0.264759 0.229582 0.198027 0.220929 0.224672 0.201859 0.234477 0.280897 0.285227 0.258620 0.344256 0.334078 0.366107 0.304319 0.409200 0.386879 0.341503 0.268377 0.293118 0.156433 0.190536 0.199708 0.239965 0.180969 0.223752 0.201257 0.261931 0.227334 0.264988 0.305798 0.325725 0.346262 0.324960 0.293921 0.343021 0.312887 0.332202 0.250687 0.274743 0.274238 0.272531 0.282049 0.263415 0.265979 0.273822 0.279372 0.350864 0.290246 0.282983 0.322614 0.297601 0.255221 0.225999 0.209084 0.196419 0.190205 0.266834 0.216884 0.302366 0.317982 0.300058 0.335559 0.370167 0.341041 0.352186 0.315035 0.330928 0.306716 0.302240 0.335382 0.302583 0.229915 0.316155 0.325933 0.332775 0.328076 0.322347 0.324931 0.322308 0.378036 0.437074 0.395340 0.301987 0.312822 0.276071 0.331016 0.341383 0.335238 0.321375 0.365681 0.362772 0.370940 0.387322 0.393521 0.353625 0.356467 0.347787 0.325666 
192837465
14
0.392353 0.389641 0.409524 0.323994 0.345762 0.303864 0.297600 0.299023 0.360335 0.429313 0.341494 0.284140 0.305424 0.324062 0.275475 0.302742 0.233589 0.206606 0.179150 0.241888 0.264256 0.254359 0.328986 0.281428 0.289075 0.303447 0.347629 0.307726 0.286405 0.297306 0.258844 0.291689 0.257421 0.260670 0.307483 0.319771 0.269588 0.284451 0.365752 0.265927 0.293670 0.287856 0.239074 0.208568 0.216445 0.261941 0.238378 0.182653 0.196881 0.196514 0.276392 0.291201 0.250887 0.299626 0.306740 0.318818 0.352673 0.291747 0.319821 0.291460 0.277578 0.304700 0.214929 0.218040 0.196072 0.216428 0.234794 0.226035 0.213656 0.241103 0.231682 0.243149 0.275926 0.204357 0.227547 0.164716 0.161051 0.205385 0.266472 0.231391 0.300445 0.305820 0.330622 0.348900 0.353252 0.395946 0.401468 0.332901 0.342627 0.291409 0.329489 0.333569 0.335384 0.338558 0.375971 0.352712 0.370316 0.354029 0.379534 0.397664 0.395522 0.381694 0.333730 0.356250 0.297546 0.306381 0.315859 0.306068 0.325526 0.370606 0.439258 0.438429 0.423821 0.445609 0.460017 0.502757 0.452530 0.403437 0.414750 0.376355 
192837465
15
0.304520 0.335100 0.313919 0.351674 0.334118 0.284093 0.330875 0.365747 0.378741 0.361287 0.357282 0.352057 0.283924 0.276100 0.308459 0.235052 0.229738 0.296849 0.253928 0.248597 0.206455 0.234024 0.272983 0.271104 0.319771 0.338125 0.332637 0.316672 0.284168 0.231718 0.224510 0.230677 0.219743 0.198086 0.209014 0.155333 0.187988 0.258669 0.268238 0.310950 0.278500 0.304987 0.242827 0.216134 0.199959 0.245048 0.232661 0.226179 0.239424 0.268461 0.303488 0.300450 0.320246 0.310798 0.340358 0.284964 0.287259 0.328903 0.332054 0.239257 0.198202 0.230237 0.197653 0.195473 0.209725 0.168495 0.218416 0.205012 0.236812 0.204738 0.217366 0.239050 0.254217 0.227294 0.205420 0.163341 0.165422 0.165424 0.221156 0.260091 0.254355 0.350567 0.348217 0.384571 0.382145 0.392706 0.378551 0.295112 0.331607 0.318262 0.337189 0.409465 0.389110 0.365608 0.365498 0.384000 0.409238 0.355400 0.407142 0.403843 0.424336 0.399398 0.333814 0.325559 0.345279 0.308191 0.370464 0.379559 0.370928 0.452883 0.418018 0.412185 0.441803 0.411068 0.442116 0.441810 0.430962 0.457826 0.374969 0.347931 
192837465
