1200.000000
160.000000
120
16
1
0.500000
2
2
0
0.233041 0.213765 0.254672 0.256496 0.222592 0.217174 0.300904 0.269724 0.257135 0.267567 0.309007 0.342514 0.333936 0.287308 0.321128 0.307187 0.275393 0.240994 0.249220 0.260843 0.225677 0.266206 0.197755 0.197715 0.260048 0.300424 0.231201 0.165916 0.151710 0.175711 0.197143 0.224518 0.174435 0.150415 0.110542 0.130829 0.106963 0.126969 0.176539 0.152549 0.174381 0.200695 0.119270 0.149373 0.221751 0.252605 0.301895 0.310907 0.273510 0.237406 0.329350 0.334776 0.283967 0.359508 0.344445 0.372944 0.323287 0.284871 0.228560 0.241484 0.233913 0.330045 0.285478 0.311549 0.316823 0.331628 0.346620 0.385183 0.410665 0.389081 0.382684 0.339835 0.398209 0.339996 0.341938 0.323016 0.432049 0.418144 0.364452 0.333597 0.348981 0.333000 0.313388 0.296492 0.309614 0.356159 0.323301 0.351010 0.317220 0.272996 0.263784 0.241932 0.200619 0.174325 0.147313 0.124778 0.173986 0.192242 0.195167 0.196556 0.204137 0.197210 0.183568 0.216873 0.193221 0.222646 0.238606 0.216972 0.243075 0.167085 0.166058 0.222434 0.284082 0.233017 0.251393 0.184302 0.135863 0.124161 0.117429 0.120745 
192837465
1
0.217059 0.232438 0.267453 0.256398 0.213212 0.226669 0.315671 0.314031 0.254873 0.294238 0.317641 0.369533 0.353357 0.278651 0.275889 0.264718 0.257686 0.247533 0.255894 0.314365 0.319743 0.280275 0.260906 0.176701 0.200961 0.236771 0.236223 0.210839 0.136450 0.176086 0.235929 0.170406 0.187607 0.147968 0.126577 0.217803 0.166746 0.246804 0.225165 0.191547 0.201774 0.204935 0.201416 0.182783 0.214080 0.227966 0.171171 0.235580 0.291255 0.258895 0.287870 0.323446 0.326541 0.262438 0.254632 0.260044 0.288850 0.241317 0.172151 0.129554 0.208562 0.231773 0.248686 0.295313 0.311469 0.307980 0.304835 0.328510 0.353836 0.348261 0.318593 0.355159 0.354582 0.301882 0.308285 0.316572 0.336215 0.328322 0.289756 0.285749 0.293569 0.323332 0.269779 0.307545 0.312830 0.279719 0.333298 0.344436 0.304562 0.233438 0.286138 0.196607 0.181316 0.098443 0.103943 0.062894 0.123570 0.143756 0.217776 0.223232 0.182950 0.155865 0.124084 0.178220 0.166325 0.199801 0.272926 0.218176 0.217050 0.183086 0.118441 0.123195 0.126985 0.142973 0.157966 0.096797 0.078907 0.113100 0.077240 0.096148 
192837465
2
0.227868 0.266957 0.191362 0.215881 0.234424 0.262760 0.266836 0.360646 0.378199 0.388521 0.371337 0.355591 0.375208 0.335623 0.342232 0.279483 0.275376 0.278239 0.305112 0.286471 0.254396 0.272874 0.277468 0.234768 0.165543 0.179691 0.267289 0.233867 0.255096 0.171181 0.146376 0.156418 0.143506 0.168950 0.203416 0.188833 0.223325 0.234404 0.223569 0.228670 0.123806 0.198611 0.300223 0.288408 0.298018 0.248659 0.187718 0.223709 0.220568 0.182813 0.292440 0.345371 0.305159 0.273801 0.235431 0.159844 0.212952 0.244172 0.173442 0.142349 0.156112 0.154385 0.175542 0.256025 0.268313 0.233170 0.270361 0.321850 0.288428 0.322519 0.317481 0.316595 0.334493 0.401072 0.432512 0.397226 0.300744 0.341259 0.349131 0.299782 0.238601 0.275202 0.261892 0.337137 0.367832 0.324935 0.272655 0.264134 0.254359 0.258344 0.189771 0.207250 0.143468 0.114610 0.055481 0.011203 0.037765 0.134491 0.262353 0.237160 0.244282 0.233905 0.210128 0.188331 0.249640 0.244337 0.283026 0.275776 0.242419 0.287199 0.228978 0.177912 0.171841 0.186376 0.164410 0.076727 0.051650 0.016105 0.078540 0.095025 
192837465
3
0.247575 0.267313 0.200893 0.197649 0.228586 0.212410 0.265935 0.301246 0.339718 0.351054 0.366365 0.392062 0.446900 0.324786 0.361708 0.357132 0.295088 0.303728 0.309341 0.339101 0.299155 0.267996 0.306719 0.211664 0.195492 0.209156 0.250223 0.254363 0.268376 0.305100 0.270741 0.260882 0.193218 0.237006 0.205183 0.236614 0.256113 0.248347 0.242670 0.216296 0.229643 0.260875 0.218350 0.243008 0.258907 0.251129 0.188613 0.243825 0.254559 0.251378 0.281345 0.256640 0.272043 0.295163 0.224585 0.140046 0.163504 0.168559 0.103060 0.111634 0.098501 0.187764 0.191055 0.185028 0.288169 0.265542 0.302523 0.294469 0.226964 0.186023 0.186222 0.243501 0.226508 0.243198 0.263174 0.298088 0.323613 0.347512 0.347698 0.314874 0.280549 0.254932 0.201547 0.232859 0.260967 0.283001 0.230065 0.168890 0.121007 0.194177 0.231995 0.153257 0.208291 0.136956 0.092711 0.103678 0.142587 0.156144 0.220910 0.199819 0.220384 0.315552 0.285767 0.303178 0.234653 0.238613 0.256483 0.246070 0.253080 0.195113 0.181758 0.249524 0.287245 0.257400 0.198726 0.189575 0.108778 0.061222 0.045181 0.111921 
192837465
4
0.304097 0.311344 0.217111 0.249429 0.295805 0.310771 0.225160 0.249668 0.297872 0.340902 0.376353 0.419407 0.427862 0.377385 0.397436 0.331874 0.380305 0.421587 0.427949 0.396735 0.305060 0.286322 0.298578 0.272092 0.287182 0.272978 0.337878 0.358802 0.326718 0.302570 0.288151 0.277269 0.261074 0.247439 0.278139 0.223272 0.209950 0.241174 0.245110 0.235677 0.294218 0.260899 0.286525 0.269104 0.279683 0.305077 0.281573 0.228504 0.267785 0.264225 0.252147 0.256148 0.224004 0.237358 0.167591 0.181639 0.190228 0.150298 0.184667 0.124640 0.167695 0.249734 0.191490 0.161411 0.208168 0.165648 0.267765 0.213977 0.162066 0.166739 0.191266 0.193923 0.205149 0.235184 0.209167 0.243647 0.255066 0.247948 0.274157 0.274962 0.286727 0.263467 0.236784 0.220613 0.261579 0.300392 0.238397 0.244721 0.163624 0.157860 0.207657 0.182770 0.141067 0.169774 0.172716 0.126019 0.127862 0.173083 0.173849 0.235809 0.259893 0.279923 0.254132 0.216107 0.258348 0.208097 0.158488 0.164700 0.176380 0.198394 0.118714 0.174301 0.161989 0.139256 0.155441 0.185662 0.132425 0.156147 0.107345 0.092121 
192837465
5
0.233324 0.337900 0.215764 0.217214 0.265770 0.223896 0.253770 0.230739 0.228947 0.278380 0.389309 0.422021 0.453305 0.412385 0.349347 0.347404 0.323408 0.389976 0.316509 0.327591 0.272926 0.287131 0.310205 0.295943 0.277294 0.265840 0.309937 0.345151 0.284833 0.286221 0.206969 0.229044 0.234844 0.241094 0.226098 0.302943 0.371517 0.325676 0.302594 0.363780 0.254136 0.294160 0.328103 0.289882 0.259771 0.310329 0.220609 0.207689 0.186749 0.169057 0.226009 0.253111 0.189386 0.153485 0.237228 0.266200 0.246132 0.223295 0.229487 0.243628 0.152782 0.149383 0.212433 0.226477 0.274779 0.237158 0.215665 0.222014 0.151755 0.191255 0.187751 0.151405 0.164020 0.223795 0.259930 0.326265 0.325673 0.283732 0.294261 0.328249 0.250951 0.216959 0.192420 0.239415 0.254994 0.306524 0.302356 0.280171 0.149872 0.102895 0.145707 0.218093 0.163371 0.199833 0.210039 0.211444 0.217674 0.225113 0.235155 0.178593 0.141834 0.203783 0.190990 0.189035 0.148902 0.155218 0.091997 0.120977 0.147356 0.175883 0.166229 0.137926 0.163502 0.163723 0.211565 0.202702 0.185224 0.162663 0.175950 0.248699 
192837465
6
0.263443 0.305985 0.324922 0.278356 0.356961 0.278033 0.274850 0.284206 0.249526 0.236568 0.286835 0.381075 0.343899 0.346653 0.289087 0.273626 0.304739 0.376085 0.377563 0.309042 0.252601 0.230102 0.177713 0.211092 0.237900 0.308520 0.276744 0.277084 0.275938 0.233402 0.277446 0.292150 0.290009 0.267949 0.201191 0.292857 0.268378 0.313226 0.360798 0.335295 0.275781 0.246355 0.193040 0.251618 0.309247 0.288469 0.268697 0.321908 0.221487 0.214826 0.191797 0.163620 0.187977 0.151908 0.200366 0.191792 0.144074 0.181522 0.201936 0.204053 0.210516 0.250038 0.287946 0.249536 0.329786 0.255951 0.278060 0.271767 0.219489 0.196608 0.215831 0.180564 0.198856 0.176850 0.226534 0.280697 0.334647 0.309295 0.293161 0.321023 0.311176 0.275164 0.295158 0.233351 0.325593 0.310325 0.179297 0.145780 0.184848 0.145638 0.173886 0.233620 0.159621 0.268765 0.279789 0.259816 0.261579 0.218635 0.242279 0.217687 0.136291 0.181937 0.186834 0.083234 0.123768 0.120959 0.117059 0.132479 0.157164 0.143272 0.140053 0.116439 0.132920 0.223338 0.168452 0.177366 0.212174 0.188029 0.204625 0.271249 
192837465
7
0.342546 0.325209 0.234806 0.250537 0.276496 0.263067 0.275546 0.186922 0.199940 0.239914 0.279430 0.268115 0.304096 0.332753 0.353290 0.243797 0.238814 0.215882 0.299502 0.290731 0.270634 0.234351 0.198397 0.205351 0.258460 0.299337 0.321104 0.332008 0.260985 0.286626 0.300123 0.295299 0.310032 0.327228 0.253471 0.262707 0.258859 0.316260 0.362563 0.380324 0.379991 0.370578 0.315936 0.313866 0.294367 0.298054 0.237316 0.209771 0.125652 0.139621 0.084998 0.125509 0.225540 0.243948 0.234879 0.215124 0.187250 0.202832 0.243026 0.274715 0.229062 0.273029 0.236094 0.273756 0.293070 0.343288 0.317010 0.268742 0.237337 0.269331 0.260257 0.274211 0.235921 0.206953 0.191789 0.213032 0.306532 0.327658 0.380005 0.342218 0.310097 0.310343 0.288652 0.267914 0.233091 0.216824 0.240803 0.215445 0.277419 0.249736 0.261578 0.230042 0.203832 0.258334 0.251497 0.198128 0.225161 0.190065 0.220775 0.178028 0.091104 0.133076 0.117007 0.145864 0.125838 0.120085 0.193926 0.156520 0.137348 0.178128 0.213329 0.171334 0.173796 0.174405 0.172948 0.217937 0.196079 0.138903 0.185486 0.242557 
192837465
8
0.271368 0.181827 0.174174 0.169700 0.185506 0.261702 0.263064 0.243031 0.201408 0.237975 0.321283 0.276195 0.217670 0.295603 0.258614 0.247600 0.217154 0.157515 0.170773 0.248195 0.266788 0.298156 0.257228 0.268677 0.252337 0.276165 0.336810 0.353212 0.319968 0.306669 0.401699 0.376497 0.330797 0.310933 0.287991 0.313394 0.312741 0.340114 0.291335 0.323477 0.430558 0.409645 0.383503 0.321164 0.300031 0.267804 0.209346 0.085546 0.110836 0.075478 0.162942 0.095459 0.125503 0.128996 0.176600 0.184655 0.242011 0.198491 0.245390 0.199344 0.258797 0.243427 0.314909 0.233675 0.304827 0.318080 0.251483 0.320894 0.328090 0.334281 0.304792 0.269756 0.251666 0.251595 0.275980 0.303658 0.378726 0.322928 0.358812 0.303478 0.287916 0.305191 0.273904 0.244687 0.274054 0.254658 0.238338 0.265610 0.296890 0.265712 0.316345 0.296646 0.210963 0.215641 0.194756 0.211396 0.244746 0.222376 0.207415 0.223915 0.218462 0.156666 0.161656 0.191173 0.223648 0.173856 0.213687 0.220757 0.210738 0.180417 0.204864 0.158463 0.167973 0.135004 0.058419 0.124648 0.170170 0.217979 0.171313 0.225298 
192837465
9
0.246907 0.225912 0.243145 0.261006 0.304918 0.250554 0.315903 0.300609 0.291625 0.259153 0.214767 0.244543 0.226692 0.249440 0.284392 0.320411 0.298946 0.213990 0.223633 0.180203 0.203621 0.201977 0.210434 0.279066 0.301986 0.295528 0.327451 0.353141 0.396480 0.382824 0.361201 0.322263 0.350759 0.346399 0.408083 0.403621 0.318056 0.371669 0.388605 0.381429 0.391383 0.360181 0.334909 0.300022 0.308850 0.224370 0.220795 0.245935 0.202033 0.154862 0.124271 0.160414 0.159140 0.169091 0.234742 0.176571 0.140195 0.162894 0.196314 0.217925 0.173135 0.109760 0.150206 0.195971 0.205754 0.184380 0.226530 0.205664 0.268908 0.328957 0.210154 0.215642 0.260143 0.373738 0.386071 0.363575 0.400356 0.372226 0.332407 0.291813 0.291586 0.254263 0.283724 0.251430 0.242453 0.225137 0.238585 0.267900 0.334484 0.321462 0.344210 0.243123 0.295633 0.268872 0.242325 0.242523 0.241223 0.246455 0.179187 0.140450 0.205592 0.195913 0.205231 0.201487 0.185924 0.222397 0.221188 0.289737 0.262350 0.255229 0.297924 0.194066 0.199597 0.189344 0.191670 0.225353 0.186706 0.187869 0.186864 0.199435 
192837465
10
0.208115 0.257443 0.324291 0.355370 0.334508 0.314612 0.325741 0.337524 0.281758 0.252340 0.238361 0.193987 0.173278 0.221098 0.327126 0.256449 0.301172 0.291800 0.289860 0.317170 0.300308 0.350165 0.253748 0.282397 0.317831 0.312287 0.283962 0.284691 0.302603 0.295445 0.304774 0.283444 0.306265 0.360472 0.346996 0.326923 0.313680 0.282214 0.270633 0.294987 0.312922 0.379229 0.401867 0.303915 0.302541 0.256567 0.221117 0.257278 0.323126 0.272524 0.271196 0.307933 0.349659 0.337066 0.274501 0.247134 0.215169 0.191483 0.138627 0.128723 0.134389 0.115829 0.132028 0.134227 0.153213 0.130912 0.244945 0.211704 0.233499 0.322115 0.263221 0.335913 0.358534 0.361205 0.409344 0.401094 0.382373 0.345844 0.301320 0.326191 0.249661 0.298107 0.321071 0.364677 0.320904 0.283144 0.301688 0.237954 0.265950 0.344225 0.339811 0.362220 0.373719 0.315844 0.245136 0.256573 0.290223 0.320588 0.306784 0.236672 0.251699 0.272777 0.283655 0.306598 0.226524 0.266759 0.244213 0.210790 0.227409 0.312582 0.351147 0.267618 0.215468 0.270632 0.223399 0.247729 0.297621 0.279125 0.262704 0.266078 
192837465
11
0.277450 0.323405 0.293563 0.246371 0.326644 0.290503 0.249908 0.323423 0.301980 0.315201 0.255570 0.249600 0.235014 0.266563 0.241186 0.251171 0.300587 0.364860 0.370467 0.380028 0.347792 0.330653 0.369021 0.366103 0.387341 0.327378 0.299837 0.330395 0.327347 0.310581 0.341015 0.288068 0.267098 0.256565 0.223968 0.225667 0.271722 0.292775 0.258619 0.208946 0.262742 0.294968 0.305110 0.309322 0.302535 0.262446 0.246611 0.351758 0.395982 0.433982 0.399379 0.367705 0.372013 0.367810 0.337630 0.350084 0.314487 0.291267 0.176628 0.191116 0.151950 0.113975 0.074801 0.118441 0.132708 0.176298 0.190738 0.230770 0.289160 0.313371 0.299681 0.347760 0.390099 0.354352 0.380541 0.369854 0.367690 0.341362 0.293610 0.280237 0.280438 0.292218 0.307549 0.325462 0.349852 0.375626 0.338065 0.380981 0.351909 0.318277 0.270037 0.262874 0.246470 0.217912 0.230272 0.240855 0.216104 0.153245 0.227910 0.176274 0.241034 0.233618 0.224108 0.202070 0.198378 0.173731 0.198944 0.242001 0.293361 0.370282 0.361354 0.375156 0.333656 0.374075 0.288409 0.294733 0.207775 0.158043 0.289793 0.312959 
192837465
12
0.241926 0.216418 0.264368 0.334079 0.298440 0.221690 0.247178 0.273490 0.274773 0.265141 0.228690 0.208559 0.194510 0.176173 0.254724 0.269448 0.262739 0.313789 0.318482 0.328104 0.314531 0.306769 0.290475 0.294242 0.292998 0.405636 0.389757 0.296158 0.346945 0.334337 0.347402 0.357633 0.332172 0.273079 0.254771 0.211379 0.174276 0.199809 0.211568 0.143508 0.227981 0.248074 0.258474 0.314992 0.305195 0.289993 0.283824 0.282631 0.307903 0.339755 0.363527 0.350092 0.349761 0.320830 0.262381 0.329562 0.296260 0.279571 0.239619 0.208883 0.149943 0.126553 0.153757 0.091775 0.152552 0.168333 0.176274 0.179387 0.213291 0.229098 0.258850 0.285775 0.296192 0.247607 0.254298 0.272590 0.247022 0.252022 0.284089 0.331408 0.362943 0.347764 0.276736 0.313800 0.350330 0.332485 0.369425 0.316368 0.270103 0.253756 0.239947 0.201948 0.150538 0.145075 0.149954 0.190079 0.180804 0.148907 0.182518 0.210138 0.264499 0.236826 0.209125 0.200426 0.221866 0.209050 0.226936 0.278310 0.301562 0.321488 0.313303 0.353112 0.332794 0.284179 0.274719 0.262894 0.255009 0.236245 0.158693 0.199479 
192837465
13
0.205964 0.239698 0.241966 0.217464 0.216606 0.174787 0.166540 0.219219 0.181054 0.182020 0.186689 0.227537 0.271226 0.345300 0.299546 0.318177 0.313866 0.280100 0.266273 0.246613 0.304499 0.272866 0.270681 0.300446 0.281673 0.363163 0.319935 0.271692 0.294322 0.326345 0.292191 0.328392 0.313240 0.261683 0.241232 0.218970 0.233783 0.275669 0.209667 0.224094 0.157260 0.214002 0.299157 0.278543 0.328557 0.325051 0.301713 0.353342 0.316812 0.300373 0.308351 0.310607 0.319113 0.251634 0.268184 0.251900 0.316762 0.366106 0.294178 0.193045 0.203094 0.233686 0.205798 0.136029 0.169364 0.187148 0.152733 0.160602 0.222149 0.152702 0.151496 0.160797 0.162900 0.191294 0.248712 0.186710 0.241640 0.233534 0.272725 0.359019 0.266984 0.324806 0.330454 0.336222 0.346599 0.402046 0.367651 0.310717 0.236264 0.215541 0.261896 0.225195 0.226359 0.232241 0.210715 0.222634 0.219021 0.249596 0.148989 0.210774 0.222095 0.244879 0.205348 0.281636 0.239727 0.206331 0.232262 0.214308 0.179379 0.224764 0.221516 0.184427 0.270154 0.240441 0.250224 0.262196 0.233891 0.208190 0.158915 0.194371 
192837465
14
0.226285 0.199535 0.197901 0.213808 0.246731 0.273840 0.215486 0.189636 0.162712 0.198603 0.266297 0.284372 0.369326 0.407999 0.376141 0.311358 0.310559 0.345854 0.379466 0.389812 0.319628 0.299657 0.318686 0.306994 0.285532 0.350078 0.357614 0.337053 0.256623 0.211925 0.221273 0.247783 0.227847 0.207882 0.214094 0.247902 0.240348 0.204036 0.214911 0.180056 0.167246 0.201681 0.239556 0.271600 0.316642 0.266609 0.278072 0.332505 0.370250 0.332356 0.339886 0.234115 0.199355 0.179533 0.211334 0.254000 0.255049 0.232620 0.271524 0.227373 0.214368 0.195306 0.222723 0.220341 0.215822 0.202690 0.152812 0.192420 0.215372 0.175098 0.130045 0.186808 0.196164 0.236706 0.255158 0.224290 0.222918 0.262754 0.305353 0.273093 0.317067 0.269257 0.280707 0.282057 0.286209 0.334062 0.302075 0.239144 0.239998 0.198966 0.119418 0.159897 0.231698 0.285652 0.245903 0.272035 0.293922 0.290350 0.225290 0.152673 0.204788 0.204908 0.195096 0.225804 0.189479 0.191024 0.190724 0.195670 0.177336 0.218092 0.295871 0.248608 0.282959 0.302015 0.210967 0.193075 0.237558 0.242008 0.212821 0.194398 
192837465
15
0.200175 0.262869 0.202217 0.204134 0.213048 0.212155 0.284121 0.273920 0.293220 0.268907 0.272056 0.319180 0.270473 0.308805 0.269080 0.269666 0.343158 0.317167 0.354087 0.359639 0.335015 0.422442 0.332111 0.290304 0.227279 0.251885 0.245544 0.301050 0.225489 0.207818 0.193107 0.259251 0.255840 0.245884 0.181372 0.135533 0.234546 0.215258 0.249985 0.195001 0.206804 0.172519 0.221267 0.262106 0.223676 0.253256 0.287996 0.316870 0.339472 0.354244 0.322613 0.246269 0.190062 0.136008 0.109775 0.150166 0.148958 0.233540 0.277176 0.284397 0.235375 0.246140 0.199504 0.159782 0.212060 0.172356 0.156596 0.218574 0.142958 0.085422 0.138500 0.197216 0.180083 0.123163 0.123895 0.104924 0.214225 0.281481 0.291273 0.298782 0.288149 0.235211 0.240466 0.229615 0.180938 0.231837 0.204485 0.243997 0.175210 0.116103 0.156049 0.188099 0.206655 0.232301 0.294459 0.272287 0.272209 0.253108 0.296838 0.257460 0.209177 0.295596 0.205505 0.184631 0.120956 0.119933 0.120596 0.185050 0.194157 0.214690 0.227460 0.305325 0.292617 0.233983 0.241437 0.254461 0.196741 0.124007 0.082911 0.055782 
192837465
