1200.000000
160.000000
120
16
1
0.500000
2
2
0
0.366290 0.400565 0.366674 0.338672 0.274519 0.335936 0.364756 0.297070 0.336622 0.399882 0.291361 0.315686 0.339339 0.272502 0.314076 0.303584 0.343562 0.289656 0.345967 0.313250 0.280386 0.326684 0.371685 0.454868 0.429917 0.391491 0.369849 0.336229 0.309330 0.321776 0.260539 0.250386 0.208921 0.268867 0.322017 0.344868 0.324618 0.305789 0.204539 0.232461 0.314895 0.381641 0.389023 0.386698 0.378372 0.348884 0.259199 0.268589 0.210573 0.255669 0.184485 0.162886 0.203543 0.250940 0.281298 0.316703 0.310637 0.271469 0.250652 0.285880 0.219067 0.223159 0.266615 0.274374 0.344574 0.280249 0.216252 0.247383 0.265970 0.293740 0.271077 0.303969 0.283440 0.213516 0.228410 0.296493 0.293585 0.266271 0.291317 0.252796 0.327639 0.285481 0.280812 0.242724 0.314652 0.380181 0.341749 0.384777 0.370504 0.301856 0.289886 0.328748 0.323460 0.310069 0.316196 0.385744 0.369636 0.332915 0.272730 0.240138 0.321425 0.271516 0.316916 0.246273 0.264887 0.309695 0.350854 0.336949 0.356650 0.310746 0.225155 0.289689 0.322511 0.331504 0.360365 0.311663 0.260558 0.289522 0.321512 0.298404 
192837465
1
0.308728 0.365591 0.369531 0.301113 0.335112 0.297628 0.299963 0.346203 0.299006 0.313851 0.288212 0.272412 0.277248 0.234503 0.229331 0.295480 0.327742 0.338478 0.318207 0.347025 0.344398 0.314664 0.354175 0.358976 0.289643 0.367863 0.271228 0.268657 0.301888 0.316998 0.287306 0.244256 0.288545 0.295553 0.298158 0.331045 0.290723 0.276355 0.313407 0.325798 0.341340 0.309231 0.373909 0.360365 0.342924 0.337580 0.298251 0.165036 0.183689 0.200844 0.211013 0.161637 0.176799 0.181517 0.258061 0.293767 0.252384 0.266117 0.244563 0.252710 0.215919 0.184700 0.170867 0.191954 0.234033 0.210396 0.230707 0.209289 0.202884 0.250993 0.243527 0.247319 0.204320 0.225745 0.184483 0.259146 0.270150 0.259950 0.247063 0.256586 0.318070 0.314234 0.348277 0.282523 0.306235 0.273897 0.416031 0.402259 0.334893 0.236730 0.253272 0.252634 0.324728 0.285600 0.244027 0.304368 0.328302 0.254163 0.212161 0.268570 0.259501 0.283689 0.381167 0.366250 0.373237 0.304439 0.333518 0.399666 0.409643 0.363495 0.304008 0.321188 0.273036 0.266241 0.218324 0.210227 0.197403 0.255976 0.264947 0.265385 
192837465
2
0.283284 0.332863 0.331948 0.343181 0.296168 0.257832 0.325073 0.301930 0.346758 0.339103 0.291059 0.297441 0.248514 0.179709 0.168733 0.245227 0.339499 0.334974 0.350180 0.361648 0.278260 0.261268 0.211846 0.244387 0.294003 0.299905 0.301691 0.302941 0.243245 0.246418 0.225031 0.287496 0.227677 0.198144 0.250997 0.255938 0.227081 0.268452 0.327700 0.325537 0.277349 0.354246 0.363594 0.362424 0.288586 0.278262 0.205326 0.246488 0.179273 0.218928 0.208155 0.198545 0.202618 0.200255 0.252865 0.322908 0.227900 0.217095 0.251173 0.234507 0.222587 0.170567 0.167044 0.185867 0.200667 0.243147 0.179471 0.177010 0.195150 0.176459 0.215190 0.195362 0.125188 0.118525 0.181820 0.165544 0.108255 0.149590 0.232787 0.151443 0.249836 0.237708 0.196967 0.258348 0.262974 0.288180 0.272111 0.294822 0.281187 0.255365 0.190758 0.231748 0.204124 0.250967 0.196929 0.246865 0.179078 0.154832 0.155749 0.222438 0.208626 0.224311 0.323319 0.429954 0.385432 0.386605 0.365298 0.407555 0.298690 0.303269 0.283044 0.194660 0.258511 0.232142 0.203916 0.238169 0.241355 0.225407 0.275640 0.214797 
192837465
3
0.289202 0.197695 0.232330 0.260866 0.262163 0.370944 0.366977 0.327660 0.334536 0.320343 0.268158 0.258000 0.229286 0.234710 0.291715 0.304661 0.306792 0.305630 0.282815 0.275972 0.234781 0.205357 0.191859 0.175183 0.257240 0.245057 0.188997 0.166345 0.216353 0.175532 0.195915 0.227428 0.191155 0.200309 0.278881 0.308090 0.242784 0.273292 0.277783 0.299541 0.242140 0.213367 0.225335 0.285096 0.264705 0.338223 0.258827 0.248212 0.234052 0.197858 0.229574 0.217864 0.190703 0.232285 0.213889 0.168892 0.153762 0.168197 0.189659 0.206606 0.214249 0.203632 0.201714 0.139191 0.173225 0.195481 0.167683 0.165525 0.185818 0.143795 0.153716 0.137101 0.154330 0.145020 0.165542 0.095834 0.094755 0.144166 0.168891 0.167505 0.163005 0.198996 0.263980 0.199611 0.229387 0.213740 0.233302 0.270753 0.279380 0.189196 0.226129 0.211508 0.190093 0.187624 0.183151 0.194748 0.200897 0.163531 0.210338 0.204483 0.228210 0.207225 0.312724 0.290323 0.331009 0.287790 0.376859 0.323528 0.351940 0.311044 0.220177 0.234385 0.259333 0.222482 0.129327 0.261904 0.238813 0.187112 0.222289 0.212682 
192837465
4
0.290613 0.249890 0.282342 0.296618 0.363500 0.324285 0.358252 0.364358 0.347620 0.330183 0.296578 0.239185 0.283049 0.308558 0.273519 0.308810 0.278694 0.265189 0.205553 0.201048 0.194429 0.173362 0.130467 0.126345 0.166628 0.162241 0.134227 0.072833 0.090918 0.108338 0.090135 0.141178 0.162659 0.214828 0.281156 0.333626 0.227878 0.229820 0.295638 0.304730 0.264122 0.359341 0.386461 0.339460 0.277674 0.269706 0.280432 0.287443 0.262764 0.268582 0.276537 0.214729 0.267060 0.211802 0.200100 0.143181 0.140329 0.200763 0.153732 0.159582 0.194070 0.212049 0.202858 0.232548 0.263198 0.188551 0.170629 0.138896 0.099038 0.130844 0.188663 0.146593 0.156919 0.170528 0.143079 0.124943 0.138341 0.211715 0.154655 0.151735 0.232683 0.211648 0.181909 0.194545 0.235242 0.219460 0.284479 0.302721 0.291500 0.310023 0.266944 0.235906 0.232620 0.182781 0.140855 0.148450 0.184887 0.182971 0.183652 0.242119 0.203566 0.208191 0.301886 0.248508 0.393395 0.379833 0.336761 0.356876 0.355256 0.304631 0.277082 0.287856 0.305124 0.299023 0.268901 0.245792 0.255462 0.195116 0.149257 0.178624 
192837465
5
0.170092 0.178614 0.194381 0.238392 0.334695 0.225092 0.277507 0.282630 0.310147 0.313924 0.321234 0.249419 0.339199 0.304775 0.308761 0.259471 0.194074 0.160044 0.128120 0.171008 0.181901 0.139878 0.213356 0.168436 0.126785 0.185049 0.131797 0.102191 0.122923 0.190687 0.191276 0.203216 0.244896 0.224120 0.262835 0.277241 0.267838 0.274947 0.306455 0.337933 0.302056 0.215289 0.278844 0.360993 0.272556 0.296844 0.346281 0.274472 0.282706 0.317005 0.368206 0.321325 0.281902 0.237576 0.217276 0.232233 0.213178 0.234872 0.259855 0.198429 0.256908 0.217341 0.283432 0.258717 0.307772 0.274986 0.201176 0.136675 0.124545 0.112648 0.107386 0.165925 0.139506 0.215547 0.194537 0.150525 0.084548 0.163595 0.200350 0.174441 0.197977 0.142009 0.215616 0.193015 0.275220 0.270664 0.318310 0.246615 0.226420 0.253949 0.248188 0.198718 0.148830 0.230642 0.229633 0.271806 0.238281 0.238926 0.215859 0.248930 0.158092 0.181278 0.338269 0.284228 0.316817 0.272921 0.295006 0.260897 0.269031 0.243172 0.298916 0.263671 0.355482 0.314664 0.311129 0.234168 0.165399 0.117933 0.149393 0.225013 
192837465
6
0.246333 0.318143 0.335876 0.209030 0.265347 0.306986 0.264048 0.303651 0.342388 0.320717 0.274162 0.298676 0.253301 0.184051 0.238444 0.208421 0.157862 0.117966 0.058460 0.076603 0.100908 0.111108 0.165199 0.249153 0.252000 0.190535 0.236011 0.214430 0.243965 0.262732 0.293937 0.297468 0.290332 0.314102 0.296908 0.231924 0.236355 0.327973 0.379022 0.288229 0.228385 0.246441 0.270144 0.293885 0.263336 0.271729 0.264314 0.298484 0.239949 0.305127 0.280905 0.304036 0.294551 0.335778 0.385619 0.347702 0.244630 0.268111 0.270285 0.271279 0.291009 0.304598 0.295762 0.284648 0.321055 0.298923 0.214740 0.188583 0.116355 0.116549 0.215391 0.189526 0.218275 0.306744 0.255554 0.238218 0.229805 0.189180 0.165903 0.168556 0.231474 0.231982 0.146586 0.216042 0.227018 0.192982 0.128818 0.130184 0.160964 0.234189 0.215358 0.246477 0.244238 0.271775 0.307843 0.269166 0.294047 0.310480 0.234084 0.273663 0.273358 0.283279 0.185820 0.149648 0.124161 0.164475 0.165050 0.196013 0.200987 0.238068 0.244916 0.278030 0.255541 0.260836 0.280859 0.265980 0.183479 0.252588 0.183903 0.091230 
192837465
7
0.232643 0.278295 0.233572 0.324330 0.305822 0.289011 0.342489 0.296877 0.339001 0.308881 0.321427 0.347542 0.256953 0.227608 0.193636 0.175926 0.146818 0.135376 0.157328 0.144294 0.136547 0.125129 0.171219 0.208341 0.177697 0.168649 0.179785 0.172361 0.236086 0.247916 0.361016 0.396524 0.379536 0.339479 0.227495 0.292692 0.295914 0.271069 0.327287 0.373011 0.272246 0.199866 0.147864 0.161598 0.172203 0.207237 0.181584 0.261070 0.141952 0.183733 0.192955 0.286701 0.312803 0.298842 0.303254 0.363115 0.270559 0.244037 0.300424 0.317805 0.325889 0.365968 0.439795 0.384561 0.295106 0.293962 0.256138 0.293397 0.281950 0.224536 0.262251 0.181738 0.162944 0.286191 0.232825 0.153844 0.230055 0.262619 0.262764 0.265711 0.257679 0.204223 0.184788 0.220719 0.258626 0.258202 0.230591 0.253282 0.262611 0.301416 0.239384 0.237674 0.283914 0.269564 0.232047 0.256381 0.304621 0.261613 0.265633 0.390568 0.343874 0.314572 0.313442 0.205408 0.165224 0.139811 0.126271 0.221903 0.257530 0.219964 0.267094 0.259178 0.256692 0.153032 0.126816 0.171943 0.182547 0.234277 0.188491 0.176560 
192837465
8
0.212106 0.218317 0.241573 0.243773 0.289883 0.331414 0.347493 0.346975 0.215744 0.219473 0.203463 0.274805 0.227972 0.160403 0.171853 0.125624 0.106806 0.088925 0.075238 0.097439 0.089020 0.094860 0.218954 0.185174 0.205879 0.114367 0.221938 0.204629 0.271626 0.323971 0.338379 0.366642 0.322274 0.271939 0.239530 0.323531 0.318644 0.335836 0.291105 0.334472 0.238710 0.224381 0.213395 0.112203 0.202825 0.138469 0.125978 0.194564 0.209910 0.279527 0.245654 0.241171 0.268335 0.334828 0.360880 0.278221 0.261999 0.229178 0.368122 0.398519 0.335856 0.329782 0.289995 0.294380 0.296957 0.305239 0.308507 0.318862 0.265809 0.294164 0.293460 0.260257 0.326323 0.258826 0.256636 0.247003 0.254130 0.295101 0.229782 0.140606 0.162808 0.190472 0.207109 0.274744 0.251793 0.181531 0.217410 0.215277 0.257565 0.237329 0.284769 0.283864 0.324631 0.341543 0.297395 0.303063 0.252320 0.257948 0.361660 0.403059 0.338092 0.292092 0.302874 0.316026 0.271161 0.210504 0.207209 0.202951 0.222215 0.269066 0.256701 0.203854 0.162239 0.095726 0.126295 0.150115 0.183411 0.166828 0.151136 0.170343 
192837465
9
0.193049 0.163877 0.199968 0.298688 0.351526 0.314120 0.301921 0.271327 0.270698 0.264613 0.210417 0.194079 0.198825 0.111751 0.077853 0.083494 0.056341 0.100889 0.156395 0.144542 0.122948 0.110743 0.114139 0.196327 0.197798 0.244345 0.265545 0.274228 0.280334 0.279253 0.315780 0.339436 0.313854 0.279428 0.295962 0.283613 0.341367 0.345087 0.373218 0.305961 0.220225 0.246191 0.195203 0.185399 0.205886 0.185956 0.191474 0.216682 0.315620 0.293089 0.324129 0.229247 0.298156 0.270180 0.301642 0.243803 0.286145 0.296093 0.307360 0.361874 0.304764 0.326257 0.347414 0.304668 0.251073 0.306526 0.265763 0.233890 0.347579 0.293525 0.285196 0.387813 0.396444 0.351944 0.318565 0.263783 0.312785 0.251876 0.216477 0.098077 0.096249 0.152838 0.257404 0.252120 0.244932 0.204058 0.240868 0.289631 0.290016 0.250466 0.298782 0.262668 0.283292 0.314460 0.326424 0.354463 0.363063 0.425671 0.465733 0.480790 0.410981 0.400320 0.360856 0.305436 0.212890 0.300783 0.299713 0.307882 0.281323 0.174042 0.199662 0.218048 0.192488 0.149889 0.180522 0.217709 0.250695 0.200375 0.224703 0.183772 
192837465
10
0.295470 0.285905 0.257589 0.269995 0.330920 0.282032 0.213370 0.250723 0.219745 0.191320 0.213816 0.231608 0.193157 0.161337 0.134568 0.051601 0.085141 0.069160 0.075023 0.105723 0.155336 0.187329 0.234839 0.175621 0.171103 0.239770 0.268633 0.252152 0.293219 0.295568 0.268103 0.237702 0.277649 0.237901 0.336899 0.328584 0.338386 0.327063 0.255443 0.315959 0.258864 0.234248 0.198215 0.199878 0.178569 0.172217 0.217679 0.245239 0.207575 0.259301 0.237102 0.242334 0.286203 0.276814 0.282321 0.179538 0.244328 0.259598 0.322892 0.342799 0.350932 0.307835 0.337406 0.346464 0.341361 0.326998 0.286148 0.296167 0.252890 0.287408 0.360557 0.374641 0.386386 0.355848 0.284793 0.269284 0.269888 0.210632 0.226780 0.136058 0.172510 0.138378 0.203563 0.195835 0.259473 0.403920 0.401655 0.346708 0.274794 0.294337 0.245089 0.235298 0.167418 0.218279 0.236935 0.301041 0.388021 0.447630 0.445011 0.478974 0.444919 0.404232 0.307791 0.362705 0.270470 0.289301 0.270295 0.189952 0.177595 0.220878 0.226291 0.243527 0.237530 0.242191 0.244560 0.240297 0.259939 0.214625 0.195931 0.227798 
192837465
11
0.212091 0.219396 0.201240 0.212846 0.238055 0.233969 0.216352 0.224968 0.219943 0.252809 0.244948 0.208360 0.210361 0.116080 0.172842 0.095836 0.103766 0.097260 0.171415 0.217624 0.195605 0.260976 0.245494 0.185703 0.181373 0.184196 0.207712 0.236153 0.201427 0.265424 0.264469 0.255556 0.227178 0.231820 0.188104 0.216742 0.270855 0.252004 0.266791 0.259167 0.248212 0.233909 0.216681 0.209968 0.167967 0.188827 0.229008 0.270651 0.268393 0.262545 0.263167 0.232097 0.232410 0.253957 0.232390 0.259644 0.326740 0.317595 0.364545 0.358958 0.349682 0.298796 0.289445 0.329230 0.302099 0.270299 0.354905 0.309568 0.295714 0.325356 0.278044 0.294786 0.308806 0.216670 0.254275 0.190690 0.146685 0.170734 0.186079 0.151682 0.224950 0.231544 0.201159 0.256501 0.265257 0.257221 0.296808 0.296682 0.241054 0.245660 0.211462 0.214102 0.198312 0.237952 0.278727 0.258145 0.284145 0.338000 0.460335 0.428563 0.382070 0.367030 0.279089 0.302942 0.260632 0.287695 0.254903 0.265716 0.241707 0.252078 0.261403 0.277140 0.263737 0.277327 0.236601 0.265786 0.237593 0.239956 0.204674 0.228946 
192837465
12
0.202071 0.185889 0.248172 0.099282 0.096996 0.173387 0.251324 0.276127 0.287529 0.321128 0.324929 0.292152 0.240397 0.232917 0.227600 0.164745 0.164041 0.230849 0.200445 0.171045 0.171289 0.210641 0.184305 0.125112 0.183658 0.192159 0.164687 0.195537 0.151704 0.177205 0.192035 0.183894 0.231568 0.255788 0.179665 0.146228 0.224894 0.276146 0.205648 0.212198 0.168444 0.227801 0.171288 0.213369 0.239689 0.249164 0.231822 0.273978 0.226237 0.243264 0.277908 0.208411 0.170979 0.194834 0.218215 0.284894 0.333067 0.362412 0.370247 0.363194 0.314299 0.354832 0.264570 0.326271 0.318689 0.374591 0.324328 0.304655 0.305589 0.354403 0.350473 0.328415 0.327887 0.303786 0.265218 0.285930 0.260748 0.264913 0.244475 0.234859 0.202011 0.217097 0.267824 0.229346 0.185188 0.228609 0.273638 0.272093 0.266743 0.231559 0.190534 0.222462 0.200440 0.176780 0.243562 0.204764 0.307801 0.376038 0.310571 0.330622 0.279253 0.298867 0.247848 0.225765 0.284025 0.299116 0.268969 0.251380 0.254117 0.196989 0.202865 0.218065 0.303777 0.290102 0.224643 0.180279 0.268442 0.307030 0.325157 0.267870 
192837465
13
0.230235 0.191499 0.150772 0.192948 0.201967 0.243373 0.314220 0.280527 0.304428 0.309785 0.317393 0.235659 0.250525 0.369651 0.270648 0.275100 0.202803 0.173642 0.139153 0.202426 0.219080 0.229591 0.189567 0.209731 0.186692 0.149622 0.142193 0.139055 0.145989 0.118297 0.138032 0.177442 0.226977 0.172065 0.097729 0.203751 0.264966 0.152440 0.164274 0.129218 0.134830 0.138009 0.212118 0.255464 0.331450 0.230100 0.264331 0.227672 0.228613 0.207477 0.188837 0.153711 0.157727 0.171749 0.236999 0.294617 0.356821 0.383588 0.368149 0.373878 0.347998 0.316029 0.304743 0.268905 0.339495 0.406953 0.383245 0.373173 0.354246 0.336237 0.306113 0.312657 0.329661 0.254617 0.272822 0.343931 0.307545 0.237544 0.224810 0.245633 0.211028 0.220162 0.251878 0.223727 0.283616 0.194243 0.228179 0.242818 0.176184 0.154062 0.129680 0.189634 0.190152 0.206556 0.240291 0.246492 0.259235 0.267999 0.228196 0.218098 0.243312 0.262170 0.212654 0.209964 0.203066 0.196668 0.193553 0.159662 0.257380 0.293347 0.206550 0.170935 0.263678 0.259908 0.190610 0.115967 0.170581 0.226326 0.251085 0.256891 
192837465
14
0.232462 0.224372 0.146350 0.117469 0.162507 0.275108 0.291848 0.361874 0.289101 0.301915 0.346107 0.283060 0.252696 0.288416 0.252388 0.266191 0.337519 0.245694 0.240600 0.204521 0.225254 0.196086 0.151628 0.184640 0.190423 0.095097 0.082808 0.066458 0.093409 0.090938 0.123796 0.151103 0.204498 0.161204 0.216116 0.218765 0.212472 0.151347 0.197484 0.181319 0.165664 0.184863 0.211657 0.349719 0.369626 0.306388 0.266466 0.271027 0.221766 0.207516 0.221754 0.123594 0.137304 0.209701 0.277788 0.384256 0.377984 0.366102 0.394849 0.366633 0.367693 0.336937 0.269725 0.268953 0.301108 0.329015 0.382515 0.401344 0.387069 0.378645 0.307114 0.374670 0.304606 0.223515 0.187842 0.221276 0.206293 0.190002 0.237162 0.210324 0.216678 0.244219 0.255767 0.224883 0.270709 0.295210 0.305669 0.291263 0.193827 0.208279 0.209858 0.206295 0.177531 0.224829 0.288734 0.198392 0.254723 0.193123 0.219620 0.201775 0.183915 0.201594 0.165309 0.131614 0.211372 0.180728 0.197037 0.185358 0.210154 0.251649 0.199134 0.239637 0.248848 0.215762 0.214462 0.208396 0.181198 0.212901 0.250523 0.282794 
192837465
15
0.222186 0.221509 0.276851 0.314667 0.275306 0.281918 0.278936 0.218582 0.247749 0.245037 0.250693 0.310383 0.359387 0.320737 0.292764 0.275996 0.298537 0.217951 0.249775 0.251356 0.133973 0.111935 0.095199 0.167764 0.218469 0.136761 0.168425 0.134939 0.162264 0.140675 0.194480 0.244975 0.231582 0.281463 0.307914 0.208375 0.149543 0.129335 0.195744 0.289737 0.257728 0.293119 0.263280 0.214030 0.216512 0.227297 0.307643 0.333692 0.273431 0.277828 0.276235 0.222412 0.160827 0.238339 0.258745 0.282434 0.381721 0.443330 0.436434 0.449963 0.354720 0.302490 0.333718 0.335719 0.361358 0.313217 0.348677 0.402813 0.420230 0.402851 0.337781 0.270081 0.274375 0.262007 0.173074 0.177506 0.187714 0.252512 0.278363 0.178930 0.226922 0.280730 0.293658 0.283085 0.273304 0.351373 0.332952 0.290901 0.231492 0.224372 0.285178 0.285489 0.278936 0.231677 0.263966 0.237194 0.147704 0.149578 0.171594 0.177128 0.222786 0.193556 0.191262 0.177377 0.148742 0.122536 0.174486 0.224133 0.197885 0.241673 0.179321 0.154144 0.192923 0.200470 0.152208 0.058465 0.068953 0.221456 0.195540 0.194353 
192837465
