1200.000000
160.000000
120
16
1
0.500000
2
2
0
0.310963 0.362870 0.334094 0.316035 0.330765 0.340694 0.286457 0.366218 0.298092 0.240901 0.268631 0.252879 0.196948 0.216471 0.237199 0.194136 0.248099 0.294125 0.256112 0.254046 0.303657 0.281128 0.292877 0.280116 0.204070 0.219319 0.198267 0.222609 0.196279 0.195185 0.219881 0.244133 0.191608 0.148724 0.174116 0.184982 0.168760 0.178608 0.200454 0.128157 0.192154 0.160648 0.199157 0.245777 0.257066 0.267574 0.252012 0.292804 0.248925 0.236764 0.197522 0.206414 0.172889 0.162728 0.175003 0.228028 0.228879 0.194732 0.225186 0.235295 0.290205 0.254236 0.263010 0.241755 0.247592 0.217295 0.320713 0.257653 0.191184 0.201427 0.208677 0.246130 0.257587 0.270558 0.312670 0.354415 0.373647 0.410592 0.365223 0.402016 0.447175 0.422116 0.401848 0.364761 0.350480 0.308648 0.281525 0.231473 0.258689 0.276987 0.202543 0.198865 0.219456 0.207151 0.155757 0.123460 0.067784 0.106162 0.086999 0.140435 0.127881 0.210683 0.254692 0.249387 0.280143 0.295153 0.321743 0.292008 0.255164 0.251960 0.224921 0.246375 0.205188 0.205683 0.191922 0.193229 0.162064 0.206874 0.239344 0.236295 
192837465
1
0.345398 0.289024 0.332215 0.365746 0.323958 0.337172 0.303855 0.302575 0.312000 0.318502 0.280753 0.304506 0.248966 0.221430 0.275513 0.229126 0.243285 0.262690 0.207534 0.242317 0.273125 0.244531 0.203619 0.208810 0.228813 0.295827 0.287992 0.231204 0.253222 0.224189 0.293439 0.241318 0.232360 0.197864 0.233584 0.233402 0.238379 0.198668 0.201826 0.186530 0.210556 0.232070 0.210671 0.227564 0.186580 0.169083 0.241435 0.247634 0.303444 0.258881 0.276697 0.230220 0.211196 0.187860 0.134044 0.123695 0.135714 0.136671 0.180515 0.192855 0.205566 0.200868 0.186919 0.228409 0.227932 0.225111 0.209375 0.222617 0.178202 0.148891 0.182207 0.197462 0.204148 0.219030 0.259011 0.322673 0.310814 0.338438 0.438605 0.404879 0.399435 0.328505 0.321821 0.334772 0.315597 0.329136 0.218181 0.280348 0.240246 0.267772 0.225774 0.203768 0.194646 0.255431 0.163324 0.097304 0.106760 0.130649 0.143052 0.147062 0.188482 0.214591 0.179330 0.185449 0.226905 0.238255 0.222592 0.255472 0.254354 0.202911 0.265368 0.208253 0.184904 0.179630 0.193186 0.231351 0.285811 0.200210 0.201302 0.253840 
192837465
2
0.338549 0.271230 0.281107 0.266027 0.318967 0.375704 0.390422 0.320349 0.309734 0.279441 0.238656 0.275363 0.267783 0.254132 0.274681 0.281488 0.263480 0.291940 0.273767 0.289759 0.320413 0.256993 0.246423 0.207264 0.250475 0.246677 0.267184 0.319547 0.341552 0.285467 0.245420 0.231326 0.299733 0.333257 0.291904 0.300205 0.287114 0.281525 0.244202 0.170372 0.192797 0.213982 0.219170 0.197960 0.206893 0.237574 0.197489 0.259442 0.241484 0.250974 0.233624 0.215447 0.214805 0.180195 0.188641 0.202061 0.189867 0.219036 0.201841 0.169727 0.148169 0.161985 0.228542 0.226943 0.202909 0.201298 0.190266 0.200411 0.186448 0.195728 0.207400 0.235802 0.199483 0.275509 0.291926 0.273699 0.331312 0.331170 0.355763 0.411188 0.398048 0.324604 0.286558 0.263852 0.291338 0.307554 0.302003 0.304324 0.263554 0.261213 0.263865 0.275277 0.190021 0.186116 0.212643 0.277241 0.247239 0.231854 0.155674 0.159837 0.198174 0.208503 0.208752 0.199801 0.167542 0.182742 0.244120 0.278472 0.215936 0.203540 0.215528 0.173398 0.183985 0.190241 0.169611 0.190886 0.208605 0.189526 0.147507 0.108373 
192837465
3
0.263546 0.231950 0.220363 0.230995 0.299074 0.289132 0.308231 0.320731 0.345228 0.354058 0.270736 0.249851 0.289451 0.252506 0.264309 0.210722 0.244104 0.258493 0.281046 0.265471 0.320477 0.298635 0.280430 0.338127 0.318311 0.310965 0.234513 0.302714 0.284930 0.321132 0.287413 0.244217 0.243119 0.260512 0.288808 0.314317 0.333738 0.297649 0.253302 0.186748 0.156273 0.159477 0.189464 0.194484 0.255056 0.259659 0.227888 0.190600 0.235024 0.266120 0.245773 0.235020 0.206104 0.251140 0.150283 0.119508 0.144809 0.155481 0.162606 0.189848 0.084677 0.108938 0.110746 0.099132 0.091486 0.113737 0.059419 0.159759 0.177040 0.185626 0.188572 0.220320 0.258449 0.287268 0.314761 0.277743 0.334985 0.343350 0.282708 0.330696 0.354483 0.368450 0.347353 0.270778 0.276035 0.288927 0.232715 0.370818 0.315127 0.324411 0.315833 0.289871 0.296188 0.256821 0.257257 0.292643 0.255239 0.266541 0.242054 0.234439 0.278134 0.220451 0.260599 0.253096 0.286398 0.294758 0.327172 0.253354 0.191004 0.187613 0.151613 0.125453 0.166183 0.185795 0.167597 0.211291 0.238663 0.158264 0.127670 0.202808 
192837465
4
0.207457 0.165406 0.221384 0.248156 0.265923 0.245130 0.316709 0.291437 0.272812 0.287505 0.329473 0.282164 0.290094 0.305607 0.267167 0.284408 0.266829 0.279250 0.272351 0.270248 0.279823 0.279575 0.297063 0.340387 0.342424 0.350024 0.354680 0.363463 0.340714 0.369873 0.370375 0.302898 0.252237 0.188771 0.231699 0.221569 0.270190 0.320619 0.324437 0.218461 0.228216 0.228770 0.260607 0.167368 0.155130 0.163830 0.185129 0.179416 0.214869 0.171570 0.161145 0.138577 0.208072 0.219297 0.255623 0.245156 0.246231 0.200157 0.135320 0.112347 0.106288 0.067235 0.103661 0.098991 0.090482 0.137400 0.158544 0.122726 0.158837 0.120967 0.172613 0.232432 0.264562 0.271573 0.257743 0.181229 0.220330 0.243571 0.297826 0.297621 0.285570 0.279505 0.312613 0.259276 0.224328 0.229937 0.266212 0.344405 0.342767 0.287018 0.287931 0.280485 0.302000 0.266492 0.250719 0.214033 0.188005 0.221509 0.168033 0.212216 0.184885 0.270168 0.323080 0.344356 0.343546 0.325465 0.307940 0.243991 0.203017 0.126486 0.110582 0.089723 0.131743 0.097824 0.144637 0.178535 0.164345 0.157367 0.152604 0.147525 
192837465
5
0.176544 0.193317 0.224359 0.247359 0.243738 0.247975 0.226963 0.239931 0.210080 0.247817 0.283364 0.313453 0.298760 0.334061 0.329780 0.270188 0.323707 0.352101 0.327090 0.279133 0.327120 0.330646 0.361575 0.361634 0.358939 0.315658 0.348364 0.322019 0.359376 0.290926 0.225123 0.230471 0.233495 0.235181 0.234257 0.211603 0.148782 0.243764 0.279719 0.224974 0.210748 0.204804 0.214191 0.173810 0.270617 0.289591 0.248098 0.205394 0.174071 0.154537 0.197432 0.219590 0.244016 0.265094 0.229480 0.259433 0.228603 0.241472 0.191626 0.164388 0.128844 0.114080 0.104155 0.126010 0.195611 0.186025 0.220457 0.225097 0.222111 0.221280 0.202975 0.253103 0.235331 0.221154 0.221173 0.164263 0.173606 0.248841 0.266500 0.257342 0.289412 0.273707 0.267560 0.250088 0.226072 0.281149 0.249121 0.289185 0.284774 0.289430 0.267715 0.333270 0.312459 0.273147 0.260959 0.200058 0.203010 0.203791 0.211366 0.204000 0.217790 0.306249 0.277694 0.253043 0.255107 0.291833 0.257601 0.173470 0.172458 0.123583 0.172827 0.162449 0.089063 0.113505 0.101213 0.123608 0.067052 0.095050 0.061597 0.095612 
192837465
6
0.183277 0.176944 0.215071 0.238624 0.289050 0.306532 0.291756 0.230204 0.240941 0.273824 0.358659 0.322363 0.277395 0.318227 0.329186 0.331523 0.406065 0.386992 0.331163 0.271212 0.343944 0.340430 0.277655 0.295749 0.307819 0.324688 0.357760 0.278982 0.255605 0.256216 0.201850 0.231334 0.231097 0.232869 0.230679 0.229361 0.224746 0.200854 0.159448 0.166625 0.200710 0.175344 0.189821 0.204198 0.202033 0.152031 0.121421 0.187344 0.175497 0.200627 0.152060 0.158015 0.208839 0.200230 0.210693 0.177446 0.166281 0.176922 0.165521 0.114633 0.128813 0.119618 0.147292 0.116591 0.159335 0.120150 0.100665 0.109475 0.162745 0.200291 0.238384 0.235155 0.226409 0.244972 0.213549 0.211167 0.224392 0.221199 0.237284 0.191319 0.215775 0.143517 0.149037 0.194273 0.227321 0.225501 0.192991 0.180288 0.229236 0.256770 0.298440 0.329424 0.325608 0.291642 0.284681 0.317041 0.310874 0.286015 0.265314 0.249940 0.221535 0.229364 0.231454 0.192425 0.230678 0.275057 0.242986 0.254311 0.187107 0.163872 0.190084 0.162609 0.165427 0.131080 0.158980 0.114912 0.052745 0.098942 0.175854 0.201837 
192837465
7
0.168870 0.244679 0.203227 0.231873 0.288730 0.198578 0.223271 0.226136 0.293588 0.338668 0.295176 0.277324 0.352493 0.336094 0.381133 0.360275 0.396795 0.439530 0.380937 0.373258 0.311904 0.341954 0.327704 0.310530 0.320873 0.236246 0.251106 0.217926 0.130482 0.168368 0.209131 0.231228 0.216658 0.203580 0.156148 0.139795 0.156413 0.171386 0.165519 0.091781 0.174413 0.268788 0.279964 0.245556 0.247029 0.225515 0.168824 0.125386 0.163302 0.197917 0.154103 0.163266 0.185088 0.171889 0.165144 0.169522 0.176301 0.115429 0.087021 0.124576 0.088871 0.047030 0.113872 0.080298 0.139903 0.133232 0.169328 0.213569 0.244163 0.302852 0.278362 0.297518 0.179021 0.229960 0.253500 0.215224 0.175113 0.170397 0.169731 0.149833 0.128439 0.176260 0.198915 0.261646 0.211712 0.173214 0.158821 0.173175 0.284155 0.297716 0.288606 0.280611 0.335032 0.353635 0.276196 0.288811 0.294536 0.277540 0.304006 0.278951 0.285398 0.236586 0.234000 0.275666 0.238473 0.242745 0.317308 0.255271 0.237360 0.190313 0.168534 0.207811 0.220011 0.265682 0.253404 0.225244 0.177681 0.156412 0.157423 0.165960 
192837465
8
0.181322 0.199256 0.196353 0.218864 0.268390 0.270714 0.244899 0.207683 0.218691 0.231034 0.301820 0.391431 0.401687 0.438713 0.443665 0.427044 0.421367 0.389755 0.400240 0.333515 0.366224 0.389301 0.421247 0.374916 0.352036 0.272903 0.268066 0.217183 0.146625 0.176224 0.076497 0.085004 0.096271 0.116428 0.162568 0.150855 0.104894 0.163689 0.189988 0.179027 0.250633 0.243741 0.276952 0.263055 0.249539 0.200806 0.181640 0.145334 0.169213 0.137884 0.117946 0.128512 0.156803 0.162265 0.166051 0.143846 0.135916 0.071921 0.116740 0.085102 0.091483 0.103246 0.084412 0.123385 0.151961 0.133950 0.230200 0.223048 0.263118 0.302584 0.264734 0.226147 0.225801 0.240896 0.198950 0.242241 0.201831 0.187840 0.202743 0.214944 0.167947 0.122371 0.121362 0.146474 0.157828 0.166343 0.177777 0.189242 0.266591 0.265966 0.281840 0.342947 0.338790 0.345599 0.351922 0.279331 0.281734 0.249507 0.310932 0.336303 0.269312 0.189211 0.214173 0.243312 0.254693 0.289989 0.268309 0.258326 0.257403 0.259653 0.236087 0.259416 0.275034 0.271206 0.261436 0.291976 0.245878 0.194206 0.197209 0.155524 
192837465
9
0.236166 0.290886 0.230089 0.231118 0.323805 0.327586 0.304151 0.268183 0.254843 0.291667 0.324475 0.382228 0.397213 0.436633 0.438212 0.423062 0.434587 0.401091 0.396460 0.343809 0.325953 0.321994 0.371257 0.354572 0.365093 0.297345 0.261071 0.202406 0.255028 0.191278 0.176964 0.130320 0.089625 0.110392 0.203726 0.142732 0.112661 0.176999 0.161671 0.246635 0.286955 0.271692 0.335823 0.327669 0.301604 0.273524 0.243985 0.262226 0.223021 0.116599 0.135411 0.087036 0.150353 0.182278 0.223913 0.180544 0.198943 0.106496 0.100902 0.103456 0.159673 0.188471 0.185154 0.124239 0.135147 0.169957 0.221681 0.203868 0.210107 0.287903 0.229264 0.184912 0.165668 0.182097 0.229908 0.203040 0.198889 0.200830 0.181017 0.177263 0.148757 0.105047 0.090645 0.123857 0.118968 0.099318 0.099912 0.175105 0.239405 0.279615 0.283169 0.331670 0.339118 0.296860 0.298826 0.317366 0.315985 0.362029 0.362600 0.335841 0.272828 0.246572 0.220897 0.233525 0.209015 0.259258 0.252728 0.318031 0.304537 0.366364 0.312922 0.288453 0.299470 0.301294 0.287044 0.319808 0.282530 0.276713 0.258119 0.254491 
192837465
10
0.265800 0.278238 0.307854 0.275255 0.301537 0.309894 0.282709 0.380752 0.358752 0.359572 0.384716 0.387576 0.351404 0.425826 0.460201 0.463523 0.412936 0.398060 0.372314 0.271896 0.285180 0.263184 0.247873 0.260685 0.293627 0.241491 0.277113 0.300645 0.280765 0.283578 0.201279 0.160165 0.115555 0.133311 0.156199 0.129509 0.124450 0.155892 0.177750 0.228064 0.297020 0.293295 0.293391 0.210675 0.254607 0.236143 0.200368 0.189880 0.153028 0.160341 0.175139 0.175254 0.115347 0.206706 0.243917 0.272552 0.278676 0.227645 0.204401 0.182007 0.280608 0.265060 0.226098 0.207764 0.254171 0.232388 0.237930 0.217262 0.294102 0.281109 0.235949 0.208922 0.168157 0.202260 0.223449 0.211652 0.183403 0.161641 0.266383 0.221987 0.203521 0.246302 0.214057 0.188541 0.145997 0.175822 0.194718 0.239000 0.229459 0.256825 0.322322 0.309778 0.294773 0.296009 0.283417 0.291406 0.341815 0.336771 0.299033 0.351383 0.315618 0.252010 0.257428 0.258367 0.254860 0.266614 0.256576 0.256255 0.287538 0.307049 0.385788 0.332502 0.359113 0.304473 0.315411 0.273546 0.349185 0.282893 0.225534 0.243065 
192837465
11
0.273622 0.253516 0.262333 0.293075 0.307826 0.354515 0.335396 0.377961 0.399806 0.368614 0.391556 0.464968 0.401695 0.385899 0.352018 0.420023 0.418708 0.358148 0.249230 0.297858 0.293998 0.274725 0.263562 0.268035 0.254239 0.255563 0.225614 0.279996 0.240616 0.227589 0.236491 0.195118 0.188558 0.171072 0.214569 0.274900 0.260435 0.274114 0.321381 0.293228 0.289987 0.222587 0.258495 0.275518 0.266730 0.283442 0.243294 0.260000 0.216107 0.213434 0.197863 0.245796 0.176335 0.166335 0.285926 0.297078 0.298953 0.328776 0.263928 0.273555 0.277673 0.324839 0.289496 0.230062 0.292954 0.283471 0.300156 0.295014 0.262948 0.271410 0.252283 0.288022 0.316114 0.228453 0.233713 0.196964 0.193209 0.180137 0.251085 0.242857 0.246933 0.255128 0.296663 0.285040 0.215405 0.281176 0.224911 0.277057 0.250593 0.325205 0.269164 0.275597 0.257833 0.199451 0.205686 0.220736 0.240185 0.256658 0.319407 0.303709 0.263706 0.239113 0.249153 0.296032 0.282354 0.277568 0.280467 0.213615 0.230257 0.316213 0.351026 0.342506 0.350479 0.335318 0.301268 0.347300 0.359944 0.312168 0.273280 0.246743 
192837465
12
0.270475 0.240652 0.258682 0.274677 0.298623 0.348823 0.327723 0.372096 0.383605 0.362996 0.344500 0.317039 0.298441 0.280522 0.261871 0.332366 0.286113 0.264537 0.255328 0.230376 0.163246 0.188821 0.261208 0.211995 0.204812 0.209808 0.230630 0.190156 0.181759 0.164726 0.180060 0.136059 0.115192 0.159531 0.202962 0.283759 0.368611 0.348783 0.414652 0.356731 0.329884 0.265241 0.302608 0.334532 0.373301 0.321636 0.187463 0.193651 0.306237 0.263149 0.287915 0.231196 0.275407 0.271501 0.192203 0.246537 0.306792 0.350773 0.372970 0.386823 0.316194 0.380460 0.300781 0.256251 0.322550 0.286788 0.290163 0.266241 0.220334 0.223456 0.241342 0.280044 0.297118 0.261097 0.239738 0.201071 0.230423 0.251824 0.216394 0.302912 0.300304 0.301299 0.297631 0.282117 0.280707 0.320658 0.313424 0.337670 0.291483 0.313628 0.346362 0.273980 0.255992 0.229748 0.312878 0.270595 0.311073 0.265064 0.300201 0.276354 0.251350 0.242897 0.301451 0.280163 0.316022 0.307922 0.292106 0.205977 0.251177 0.258397 0.354939 0.348939 0.299716 0.336943 0.387385 0.348878 0.381169 0.347471 0.366996 0.339537 
192837465
13
0.174866 0.254229 0.268497 0.262096 0.304260 0.330838 0.358788 0.396280 0.384644 0.373009 0.328835 0.298686 0.324780 0.288347 0.313105 0.288928 0.261483 0.246517 0.253447 0.199960 0.186848 0.149771 0.141649 0.198014 0.226025 0.196249 0.191768 0.134733 0.116941 0.132162 0.133470 0.137756 0.166947 0.233370 0.237316 0.212025 0.299434 0.311963 0.310629 0.316563 0.326357 0.326719 0.328286 0.316921 0.323106 0.289951 0.204644 0.232711 0.234190 0.236179 0.271723 0.300495 0.305048 0.241415 0.227181 0.229399 0.228032 0.302122 0.331097 0.289713 0.267703 0.259092 0.269051 0.295596 0.290305 0.225996 0.236404 0.240454 0.192363 0.234877 0.262660 0.271693 0.302040 0.269052 0.270546 0.265297 0.307424 0.342717 0.325841 0.296366 0.310281 0.272985 0.326393 0.339147 0.369060 0.355983 0.337890 0.394260 0.387991 0.325319 0.256966 0.258570 0.243934 0.240795 0.260966 0.324311 0.330203 0.327054 0.367615 0.326628 0.279370 0.272792 0.311315 0.326169 0.263178 0.278834 0.261438 0.232373 0.282504 0.342332 0.349720 0.413031 0.426212 0.358836 0.344033 0.259311 0.267884 0.366300 0.308181 0.325546 
192837465
14
0.240760 0.247345 0.281581 0.215686 0.259118 0.282425 0.351781 0.356799 0.365971 0.395175 0.378720 0.345523 0.322474 0.362669 0.339062 0.314125 0.272782 0.281677 0.187691 0.220748 0.180738 0.138240 0.153221 0.194489 0.179737 0.170553 0.164075 0.162312 0.121221 0.098378 0.152732 0.193999 0.301625 0.259353 0.262413 0.226953 0.285854 0.286088 0.320425 0.282001 0.237712 0.289113 0.307705 0.273448 0.270295 0.329719 0.279892 0.265103 0.242788 0.300360 0.315690 0.237539 0.282304 0.235187 0.237844 0.297382 0.291591 0.304712 0.285398 0.274202 0.250518 0.169520 0.237239 0.256035 0.268283 0.271395 0.184712 0.185261 0.187206 0.212604 0.231052 0.230771 0.254456 0.269642 0.248058 0.292994 0.303621 0.303969 0.311252 0.270055 0.201820 0.251081 0.200796 0.237029 0.273560 0.305817 0.272125 0.297076 0.266120 0.237821 0.257743 0.219261 0.206004 0.209911 0.223222 0.238254 0.251232 0.294597 0.306026 0.340358 0.290654 0.288419 0.279230 0.322593 0.329187 0.328019 0.296431 0.227142 0.314681 0.302343 0.318008 0.346392 0.353045 0.399219 0.366445 0.315039 0.280475 0.253485 0.211731 0.151560 
192837465
15
0.214441 0.265807 0.270074 0.230691 0.284326 0.273244 0.299625 0.313461 0.317639 0.314421 0.285531 0.250663 0.237812 0.209136 0.204431 0.237357 0.320104 0.298826 0.186386 0.206951 0.202533 0.157549 0.173425 0.168122 0.142999 0.165328 0.149870 0.165134 0.187113 0.168618 0.205884 0.263395 0.318646 0.370557 0.290529 0.328774 0.353990 0.274700 0.288903 0.274188 0.240578 0.263789 0.257902 0.242564 0.245298 0.259862 0.303494 0.300631 0.261684 0.287295 0.307242 0.263289 0.300125 0.299980 0.318171 0.286720 0.312362 0.304160 0.263324 0.235778 0.242290 0.252121 0.285361 0.270954 0.314607 0.281498 0.309651 0.229694 0.227052 0.210862 0.238648 0.273321 0.291266 0.299575 0.303254 0.280813 0.322520 0.319091 0.338850 0.280428 0.282040 0.251400 0.229912 0.222057 0.216345 0.335195 0.307052 0.266828 0.318648 0.309690 0.293803 0.232555 0.229069 0.275300 0.265497 0.319257 0.264830 0.266709 0.240579 0.263721 0.314985 0.294832 0.253128 0.268322 0.297566 0.297202 0.299681 0.265784 0.270563 0.332908 0.328544 0.357942 0.362373 0.368303 0.323718 0.302466 0.317364 0.264531 0.223917 0.232270 
192837465
