1200.000000
160.000000
120
16
1
0.500000
2
2
0
0.282889 0.256569 0.240676 0.179636 0.151497 0.121243 0.122760 0.055511 0.083804 0.097043 0.128916 0.178160 0.159693 0.147788 0.237356 0.209660 0.226417 0.240598 0.255003 0.297857 0.312925 0.269440 0.254526 0.311737 0.260759 0.265413 0.251386 0.218429 0.163214 0.160274 0.194174 0.199882 0.187385 0.166160 0.178291 0.160933 0.195203 0.255484 0.206014 0.166194 0.260858 0.314816 0.343102 0.404553 0.393370 0.472780 0.391677 0.327717 0.331246 0.335278 0.370257 0.393279 0.369838 0.310318 0.290996 0.305211 0.319552 0.318948 0.330209 0.247849 0.206978 0.183264 0.221074 0.291157 0.254725 0.220651 0.286530 0.281730 0.298812 0.271228 0.273488 0.229061 0.289981 0.290223 0.338997 0.328682 0.282731 0.246242 0.188962 0.217362 0.158994 0.230441 0.235096 0.222793 0.248647 0.212897 0.166990 0.208104 0.211139 0.196089 0.206702 0.274209 0.332680 0.291266 0.291937 0.313615 0.364645 0.342084 0.395263 0.311156 0.307921 0.327862 0.314765 0.284634 0.283852 0.226056 0.218002 0.270305 0.233257 0.291584 0.249555 0.238675 0.228168 0.194263 0.166839 0.160296 0.188141 0.153810 0.171368 0.195967 
192837465
1
0.266371 0.205406 0.188351 0.194128 0.177368 0.126656 0.157921 0.098416 0.150044 0.148712 0.179828 0.217781 0.206741 0.233526 0.215442 0.224473 0.166359 0.137975 0.163373 0.215227 0.166949 0.151774 0.198912 0.255017 0.260745 0.213843 0.183193 0.211204 0.136903 0.150520 0.118899 0.120774 0.148583 0.142345 0.125015 0.234094 0.237370 0.262934 0.278762 0.317532 0.386097 0.349187 0.392063 0.425968 0.375639 0.432528 0.432018 0.386387 0.318206 0.433950 0.421239 0.467115 0.447547 0.439140 0.356158 0.401256 0.325587 0.312338 0.266829 0.193468 0.192268 0.180886 0.222383 0.182266 0.217419 0.197474 0.177021 0.214832 0.222025 0.239175 0.278183 0.287582 0.224089 0.219306 0.285230 0.259442 0.283714 0.313085 0.207207 0.256748 0.249788 0.217968 0.240706 0.213988 0.252308 0.277842 0.211520 0.178391 0.186650 0.263974 0.272053 0.294497 0.299663 0.283555 0.293167 0.354107 0.353379 0.389965 0.319775 0.311347 0.324294 0.349174 0.291575 0.228508 0.220256 0.259379 0.230741 0.222095 0.200907 0.197080 0.223473 0.146995 0.131731 0.107976 0.127052 0.165261 0.197353 0.184859 0.189767 0.178034 
192837465
2
0.293588 0.266290 0.197631 0.172838 0.171761 0.203157 0.233458 0.197498 0.174767 0.192553 0.267936 0.270978 0.212555 0.230740 0.226530 0.192983 0.179203 0.176068 0.183216 0.234288 0.270994 0.302279 0.269047 0.234389 0.199700 0.182202 0.210633 0.167601 0.173224 0.129406 0.114491 0.108268 0.086510 0.083365 0.155856 0.172299 0.226039 0.259860 0.353182 0.406174 0.411836 0.444804 0.371914 0.386934 0.381696 0.384387 0.431887 0.380023 0.350363 0.369553 0.395891 0.401731 0.445407 0.412437 0.446387 0.416433 0.385704 0.297268 0.232806 0.219221 0.157328 0.139811 0.201141 0.178994 0.190468 0.214508 0.288374 0.212840 0.220321 0.210431 0.204232 0.196777 0.200430 0.262135 0.312680 0.290105 0.297128 0.237541 0.263585 0.250646 0.205888 0.204432 0.262307 0.229519 0.173791 0.147626 0.153421 0.130028 0.140910 0.196150 0.270918 0.338608 0.318632 0.309012 0.318874 0.347972 0.324275 0.343506 0.280275 0.249585 0.258794 0.273682 0.250924 0.227598 0.277824 0.242906 0.199280 0.200381 0.261034 0.232196 0.177654 0.168233 0.158134 0.160189 0.168663 0.231229 0.251404 0.142818 0.128009 0.136544 
192837465
3
0.237313 0.237950 0.245582 0.238666 0.183510 0.131346 0.153313 0.169818 0.256331 0.254728 0.268410 0.245424 0.237586 0.246321 0.276749 0.212871 0.244980 0.224871 0.206734 0.227784 0.221465 0.228946 0.250338 0.213486 0.219731 0.204724 0.173277 0.161919 0.152825 0.130744 0.122548 0.145610 0.103362 0.093208 0.131763 0.172764 0.203005 0.292287 0.327165 0.379467 0.356872 0.383161 0.347567 0.396977 0.380679 0.391163 0.347369 0.336982 0.376909 0.349689 0.341832 0.438528 0.433120 0.418322 0.417126 0.409562 0.321745 0.317368 0.280451 0.155316 0.126090 0.141583 0.154247 0.231499 0.238187 0.186508 0.119287 0.133999 0.170428 0.165723 0.239198 0.229732 0.208809 0.258634 0.291542 0.279040 0.264872 0.241772 0.308621 0.243107 0.216443 0.266440 0.243590 0.233604 0.196645 0.200890 0.165268 0.154514 0.185909 0.216958 0.259012 0.277866 0.217368 0.242823 0.253157 0.284934 0.270858 0.275708 0.260971 0.286170 0.337784 0.337456 0.299650 0.286120 0.255974 0.227566 0.236694 0.259723 0.239875 0.203880 0.147504 0.148797 0.193007 0.225331 0.241935 0.181160 0.134634 0.114983 0.105620 0.095453 
192837465
4
0.225554 0.205867 0.213294 0.173320 0.206940 0.227981 0.212051 0.138505 0.106724 0.263033 0.312215 0.268650 0.304965 0.360064 0.318337 0.302549 0.287739 0.346383 0.221276 0.248531 0.203054 0.269727 0.229719 0.197093 0.210498 0.210369 0.218237 0.224927 0.207868 0.210660 0.237983 0.240545 0.172307 0.129436 0.120995 0.144172 0.192022 0.302370 0.297678 0.297892 0.346092 0.330291 0.321480 0.326733 0.335204 0.431415 0.432612 0.404103 0.398238 0.398392 0.402964 0.369441 0.392511 0.341344 0.321831 0.312834 0.336099 0.305156 0.256613 0.189073 0.155724 0.114271 0.147266 0.208004 0.197011 0.204055 0.172057 0.198340 0.205022 0.145456 0.172909 0.251051 0.273811 0.284499 0.321368 0.254655 0.238081 0.283900 0.296945 0.297658 0.297291 0.265265 0.227946 0.288584 0.245514 0.186730 0.223925 0.248977 0.226057 0.225225 0.247645 0.238960 0.275640 0.292818 0.250063 0.220656 0.221422 0.233494 0.189566 0.221074 0.264429 0.260381 0.272182 0.263923 0.276047 0.222222 0.202536 0.189064 0.215967 0.190700 0.159513 0.171667 0.124672 0.081473 0.094320 0.145703 0.130946 0.092985 0.150926 0.189537 
192837465
5
0.209551 0.206716 0.207481 0.190211 0.167330 0.184884 0.186325 0.170819 0.221666 0.267920 0.259308 0.264824 0.262645 0.331755 0.296622 0.263228 0.296630 0.231689 0.180490 0.195459 0.157100 0.127632 0.200296 0.195061 0.208557 0.256972 0.236859 0.220906 0.232573 0.224117 0.224407 0.228555 0.196579 0.180304 0.198663 0.179268 0.143146 0.173906 0.225228 0.280358 0.264995 0.246400 0.230898 0.271552 0.275145 0.313423 0.323621 0.370502 0.352459 0.346710 0.311162 0.267005 0.273377 0.304145 0.334327 0.317742 0.344933 0.285501 0.206590 0.116885 0.181907 0.157892 0.102995 0.137882 0.213570 0.217153 0.192988 0.190788 0.181360 0.231716 0.163820 0.256469 0.254355 0.286195 0.257727 0.203664 0.272757 0.347771 0.336357 0.356560 0.383025 0.361842 0.334850 0.335217 0.302920 0.306427 0.257316 0.262882 0.204301 0.252542 0.202174 0.195431 0.255107 0.256542 0.200334 0.200178 0.205834 0.222933 0.201556 0.161111 0.177860 0.261314 0.216545 0.195591 0.181470 0.144127 0.123144 0.197019 0.147420 0.181462 0.174431 0.151147 0.089583 0.104800 0.077940 0.123483 0.147509 0.190995 0.186377 0.202661 
192837465
6
0.301840 0.301326 0.269244 0.347311 0.283276 0.198374 0.239473 0.260243 0.264413 0.337854 0.307883 0.205476 0.231908 0.308596 0.255410 0.255957 0.228681 0.252777 0.202187 0.215385 0.235920 0.204758 0.203987 0.203650 0.191102 0.199775 0.173017 0.250122 0.190206 0.143415 0.119306 0.149026 0.186877 0.179314 0.210397 0.206238 0.231301 0.234482 0.256268 0.289758 0.271543 0.286258 0.296493 0.274109 0.327388 0.316495 0.358088 0.398223 0.395322 0.364514 0.323795 0.330342 0.290732 0.315449 0.302877 0.254288 0.273391 0.207982 0.193527 0.231474 0.199569 0.189400 0.125285 0.186282 0.234097 0.197370 0.193805 0.188028 0.162782 0.194286 0.256647 0.247877 0.325471 0.323736 0.308134 0.311216 0.332253 0.354461 0.391356 0.318923 0.351711 0.297360 0.303541 0.298563 0.283580 0.291431 0.249212 0.178884 0.164126 0.191924 0.132057 0.201911 0.225286 0.207127 0.202195 0.166682 0.198494 0.175792 0.249785 0.253004 0.249821 0.270863 0.337824 0.282421 0.239051 0.174418 0.149258 0.173722 0.195749 0.165672 0.204822 0.228773 0.212754 0.175600 0.222201 0.171066 0.201999 0.217988 0.246685 0.169154 
192837465
7
0.248907 0.265952 0.312933 0.375673 0.369662 0.324923 0.315667 0.332707 0.348457 0.328378 0.354899 0.293736 0.244897 0.211771 0.240408 0.257633 0.237141 0.219951 0.267066 0.259066 0.210609 0.211901 0.192861 0.193325 0.220707 0.195769 0.189440 0.167372 0.161153 0.159483 0.165801 0.138102 0.135553 0.203019 0.186775 0.241457 0.285781 0.289558 0.362576 0.289584 0.331233 0.353998 0.416761 0.404794 0.325751 0.297857 0.291415 0.321627 0.392404 0.329937 0.276176 0.239707 0.236856 0.196970 0.197849 0.204914 0.193106 0.211578 0.200267 0.173315 0.179585 0.207841 0.183423 0.231446 0.211279 0.258444 0.218795 0.254592 0.280879 0.211064 0.276260 0.293053 0.321627 0.323848 0.336751 0.386349 0.374145 0.289938 0.294986 0.259083 0.272164 0.274690 0.310242 0.237810 0.254811 0.255894 0.275434 0.279174 0.260266 0.199169 0.135332 0.166880 0.161822 0.245269 0.242446 0.228790 0.217579 0.215000 0.211275 0.236636 0.212932 0.242968 0.288026 0.292845 0.227560 0.230156 0.265475 0.264357 0.260005 0.260230 0.227462 0.231304 0.203064 0.286868 0.268163 0.287039 0.332989 0.316439 0.345387 0.311687 
192837465
8
0.280065 0.318186 0.342010 0.300415 0.230073 0.268140 0.254720 0.320565 0.347019 0.327744 0.317975 0.238112 0.207781 0.250398 0.223539 0.189297 0.166641 0.221162 0.279997 0.300329 0.290501 0.266030 0.236846 0.266297 0.247469 0.230255 0.202594 0.249723 0.188087 0.210604 0.155206 0.189128 0.196629 0.242599 0.221157 0.238470 0.240548 0.272323 0.294718 0.286534 0.297332 0.282675 0.318977 0.349107 0.380634 0.376845 0.352529 0.348554 0.338345 0.212109 0.184095 0.199687 0.200463 0.187583 0.201569 0.234726 0.136868 0.141004 0.157084 0.143919 0.121038 0.150189 0.150696 0.162710 0.137120 0.216104 0.271272 0.215759 0.268436 0.287007 0.307989 0.313533 0.341947 0.308483 0.286702 0.269859 0.332010 0.363697 0.369676 0.363897 0.326255 0.258446 0.253555 0.206245 0.255217 0.296928 0.278895 0.322113 0.282056 0.243059 0.169039 0.176037 0.214535 0.209885 0.196009 0.229649 0.211139 0.217735 0.209234 0.177369 0.201914 0.213096 0.247558 0.274821 0.255998 0.241477 0.338413 0.296534 0.266864 0.251807 0.267612 0.254156 0.194265 0.171610 0.261762 0.306637 0.342627 0.269633 0.343522 0.313980 
192837465
9
0.237823 0.221163 0.211685 0.219910 0.284373 0.258242 0.297338 0.292585 0.299898 0.301929 0.266817 0.254525 0.230764 0.241960 0.206922 0.141707 0.174728 0.255835 0.351463 0.335609 0.335614 0.323613 0.283910 0.263624 0.248817 0.207604 0.192406 0.241425 0.227564 0.193408 0.200436 0.200331 0.278046 0.288937 0.255245 0.248036 0.206865 0.188095 0.254768 0.289431 0.254807 0.260633 0.284187 0.282384 0.315078 0.332951 0.349756 0.311132 0.299836 0.242890 0.210140 0.221150 0.228978 0.202275 0.163680 0.152047 0.131127 0.068024 0.012713 0.050686 0.079339 0.122395 0.151776 0.240964 0.203385 0.226100 0.225160 0.257030 0.314992 0.316687 0.334258 0.347821 0.353207 0.299910 0.334207 0.353511 0.396170 0.334790 0.351803 0.393293 0.336299 0.310133 0.320823 0.306888 0.271943 0.270726 0.219449 0.230817 0.268168 0.221844 0.159490 0.215961 0.177922 0.198068 0.231367 0.239547 0.241062 0.230250 0.264938 0.189348 0.235932 0.280837 0.305774 0.328927 0.307468 0.324282 0.323898 0.393815 0.311296 0.286362 0.287711 0.290166 0.246705 0.209995 0.250034 0.252208 0.257829 0.289681 0.317593 0.355305 
192837465
10
0.160528 0.176605 0.154960 0.121079 0.131023 0.128814 0.149273 0.239425 0.215788 0.240191 0.224809 0.234586 0.270328 0.224572 0.221613 0.238532 0.288730 0.293756 0.319342 0.333575 0.347424 0.293539 0.248905 0.208366 0.174662 0.193270 0.205299 0.167900 0.194316 0.220453 0.248516 0.230478 0.247678 0.210558 0.237306 0.238191 0.232254 0.236955 0.244061 0.219296 0.271650 0.311426 0.321529 0.347674 0.320380 0.288265 0.306070 0.332032 0.231200 0.240949 0.203559 0.210177 0.204943 0.172621 0.144968 0.162639 0.124171 0.102355 0.072059 0.051701 0.083968 0.156809 0.200649 0.194745 0.231778 0.266208 0.282282 0.303835 0.352526 0.343721 0.375294 0.368207 0.405872 0.385056 0.418793 0.440753 0.405220 0.358384 0.314054 0.261461 0.342300 0.318525 0.286931 0.299025 0.286042 0.245734 0.216320 0.204561 0.248163 0.277433 0.216067 0.235458 0.237651 0.199205 0.202840 0.225022 0.215962 0.235593 0.240723 0.305322 0.311992 0.290579 0.263649 0.210882 0.285024 0.274089 0.281930 0.276178 0.278589 0.248626 0.242597 0.263311 0.261311 0.256547 0.300650 0.263888 0.298202 0.252448 0.320207 0.287038 
192837465
11
0.245614 0.212939 0.176020 0.195493 0.177002 0.145169 0.155781 0.162673 0.150847 0.241743 0.264910 0.274841 0.301593 0.326220 0.317835 0.370669 0.372575 0.336721 0.346510 0.234656 0.229088 0.293073 0.317276 0.270276 0.247155 0.190300 0.180509 0.271120 0.202586 0.189336 0.241563 0.202054 0.217651 0.242019 0.289636 0.307847 0.278558 0.257273 0.243849 0.242477 0.242604 0.150623 0.206027 0.262921 0.214509 0.297680 0.255180 0.219973 0.174263 0.204312 0.260593 0.305293 0.312919 0.295952 0.218955 0.187520 0.164302 0.158494 0.123007 0.083733 0.121650 0.096438 0.150902 0.185176 0.234568 0.299907 0.272216 0.284907 0.293300 0.341937 0.308286 0.313836 0.367039 0.345251 0.282630 0.314643 0.254416 0.299593 0.261315 0.248770 0.226680 0.232447 0.268993 0.168663 0.229594 0.210180 0.165664 0.153528 0.193746 0.166173 0.128253 0.226862 0.254808 0.246544 0.222488 0.251608 0.256443 0.183222 0.219215 0.174903 0.233560 0.263598 0.237183 0.227893 0.300111 0.353404 0.299862 0.268183 0.270530 0.238957 0.136477 0.216086 0.253695 0.264872 0.320262 0.273432 0.239682 0.234687 0.251443 0.225270 
192837465
12
0.306147 0.276557 0.251121 0.166734 0.169464 0.115866 0.156085 0.212329 0.215756 0.302123 0.296531 0.256269 0.314131 0.294576 0.257557 0.289941 0.349680 0.326978 0.306711 0.335454 0.273555 0.326310 0.273808 0.286919 0.281058 0.251554 0.227369 0.190355 0.197820 0.213850 0.166798 0.205308 0.250423 0.312138 0.298256 0.326222 0.281233 0.275649 0.281281 0.297714 0.240013 0.188094 0.208695 0.221087 0.267126 0.307242 0.256440 0.287385 0.231041 0.197096 0.277062 0.297878 0.263998 0.212406 0.230750 0.201014 0.156274 0.120131 0.122597 0.143461 0.100310 0.107934 0.172281 0.177378 0.208696 0.222019 0.249778 0.256842 0.210559 0.269578 0.347850 0.367242 0.339076 0.290722 0.303179 0.295933 0.284806 0.350598 0.320310 0.281819 0.231280 0.215080 0.245649 0.278364 0.254525 0.244307 0.192646 0.191227 0.155676 0.151249 0.193835 0.265318 0.268575 0.289978 0.304769 0.281425 0.231569 0.258601 0.238832 0.202720 0.193253 0.200844 0.190993 0.236769 0.269342 0.294258 0.250493 0.277541 0.221888 0.192965 0.169157 0.200790 0.216927 0.255082 0.258508 0.238633 0.240742 0.234903 0.188754 0.182738 
192837465
13
0.260209 0.242193 0.207518 0.159704 0.208400 0.197781 0.245334 0.253529 0.270146 0.290960 0.296746 0.297868 0.277332 0.315008 0.327419 0.317971 0.302261 0.332765 0.322045 0.333400 0.335751 0.333960 0.371205 0.262727 0.236502 0.184788 0.171671 0.218954 0.176202 0.221349 0.218839 0.232690 0.274227 0.260084 0.234657 0.238881 0.305866 0.296278 0.268376 0.286708 0.287473 0.215461 0.260366 0.248619 0.285456 0.275886 0.251094 0.269463 0.234765 0.217103 0.221664 0.200722 0.225060 0.242286 0.213564 0.212698 0.244382 0.161639 0.147214 0.165479 0.099034 0.163743 0.206024 0.227232 0.223703 0.180281 0.211136 0.226998 0.213487 0.282208 0.307202 0.362204 0.330085 0.293945 0.277584 0.202763 0.286103 0.305441 0.299772 0.246564 0.247214 0.252412 0.305662 0.286860 0.300646 0.266971 0.284487 0.230866 0.228630 0.231689 0.268049 0.244873 0.308017 0.285926 0.360926 0.315670 0.281875 0.267804 0.281889 0.259455 0.187484 0.169217 0.129491 0.206502 0.218657 0.239865 0.217625 0.181366 0.181161 0.181434 0.179849 0.179466 0.210400 0.265535 0.271858 0.292126 0.304281 0.270393 0.215272 0.245143 
192837465
14
0.284043 0.233865 0.265442 0.247695 0.230037 0.242907 0.266120 0.349712 0.300868 0.260563 0.293265 0.346268 0.349441 0.397556 0.410541 0.363538 0.340329 0.377598 0.430111 0.397940 0.323194 0.330429 0.305326 0.238482 0.222718 0.223427 0.288052 0.317042 0.262219 0.249068 0.198064 0.277846 0.236045 0.264532 0.240349 0.242786 0.294804 0.313565 0.338267 0.279465 0.264122 0.264204 0.250644 0.290529 0.321313 0.275660 0.290058 0.266095 0.222702 0.274808 0.259159 0.201512 0.198044 0.184479 0.160831 0.152823 0.168873 0.124693 0.189055 0.143275 0.175202 0.164228 0.208186 0.243454 0.200800 0.202628 0.197573 0.216688 0.252626 0.319612 0.308101 0.373619 0.315635 0.300017 0.277401 0.236755 0.276385 0.371754 0.343575 0.316828 0.340517 0.327810 0.315148 0.226098 0.242001 0.270330 0.300593 0.352184 0.363457 0.409887 0.404896 0.388877 0.322592 0.323679 0.306902 0.221721 0.225847 0.244072 0.230692 0.192668 0.229902 0.200093 0.209368 0.249599 0.222077 0.259629 0.268702 0.239435 0.207012 0.211522 0.247026 0.193244 0.247386 0.239347 0.247835 0.211873 0.183554 0.172082 0.202804 0.216885 
192837465
15
0.191395 0.289234 0.214658 0.255036 0.215062 0.184738 0.240816 0.267239 0.293979 0.235802 0.284400 0.315365 0.374244 0.410531 0.373155 0.389522 0.370114 0.411625 0.410076 0.474649 0.338854 0.312077 0.314812 0.309244 0.222056 0.284763 0.287589 0.254029 0.222230 0.228140 0.225154 0.245161 0.295343 0.293996 0.223809 0.234831 0.231593 0.224680 0.216024 0.214786 0.233039 0.261367 0.314596 0.367934 0.385841 0.310410 0.226302 0.218823 0.218448 0.203295 0.231050 0.196520 0.221857 0.177907 0.112255 0.125662 0.182134 0.226853 0.156104 0.097048 0.134503 0.110660 0.176466 0.174745 0.151192 0.222375 0.259142 0.276964 0.281090 0.321548 0.363924 0.376060 0.296394 0.301850 0.322957 0.263745 0.247583 0.290019 0.367694 0.348616 0.399838 0.395543 0.434246 0.382043 0.390847 0.300053 0.335425 0.378517 0.400653 0.433956 0.433578 0.441395 0.400574 0.397003 0.318399 0.318260 0.239451 0.254317 0.199808 0.307923 0.346536 0.310375 0.273438 0.273539 0.280137 0.257029 0.317261 0.279008 0.292527 0.303146 0.306343 0.272597 0.272818 0.284793 0.260224 0.255212 0.221238 0.242403 0.240548 0.291944 
192837465
