1200.000000
160.000000
120
16
1
0.500000
2
2
0
0.287671 0.225512 0.251268 0.237851 0.196310 0.210596 0.172774 0.170274 0.171679 0.216793 0.246432 0.275734 0.259662 0.327956 0.264480 0.324882 0.350898 0.351941 0.404258 0.437437 0.422202 0.348047 0.389151 0.385409 0.370808 0.359869 0.420538 0.362508 0.397086 0.388426 0.419601 0.385192 0.411837 0.376220 0.353318 0.381835 0.350217 0.311780 0.326000 0.321722 0.317547 0.297313 0.287463 0.241336 0.274962 0.299451 0.240375 0.232694 0.274789 0.342608 0.413300 0.363489 0.357908 0.341964 0.325685 0.323492 0.336590 0.363500 0.360710 0.347094 0.350526 0.326172 0.316129 0.291474 0.308982 0.302268 0.236315 0.227772 0.180536 0.176542 0.197102 0.251093 0.192912 0.191783 0.235488 0.225434 0.231064 0.172302 0.131688 0.106280 0.129612 0.139818 0.139663 0.155899 0.186220 0.248961 0.269759 0.233409 0.260183 0.289080 0.215715 0.252052 0.270959 0.288210 0.276823 0.230242 0.219275 0.209422 0.222809 0.228805 0.223942 0.192642 0.238969 0.227634 0.233910 0.211220 0.162579 0.132740 0.133114 0.121228 0.150936 0.191504 0.224285 0.193708 0.167066 0.201488 0.153046 0.163515 0.201139 0.130861 
192837465
1
0.275571 0.269921 0.242736 0.257085 0.230081 0.250388 0.274098 0.176135 0.201574 0.160943 0.208279 0.250660 0.308688 0.300101 0.327509 0.401610 0.302558 0.344843 0.333353 0.387920 0.391139 0.372775 0.370796 0.381734 0.405991 0.437240 0.429546 0.427941 0.390949 0.372992 0.401955 0.377726 0.386847 0.378552 0.324193 0.360908 0.348812 0.344880 0.293913 0.310491 0.280797 0.290775 0.255980 0.326148 0.335374 0.358332 0.327830 0.353174 0.335479 0.380516 0.418336 0.412752 0.365452 0.415204 0.392485 0.323818 0.332950 0.319218 0.292004 0.299350 0.320053 0.310892 0.301732 0.276835 0.290911 0.296892 0.220166 0.227928 0.207681 0.202832 0.226276 0.241770 0.194879 0.128619 0.177721 0.257687 0.241459 0.190016 0.109303 0.160140 0.158325 0.186523 0.184559 0.190754 0.179016 0.245094 0.276368 0.284081 0.284611 0.257823 0.260384 0.323756 0.316075 0.304443 0.258633 0.192911 0.179514 0.221405 0.203103 0.220267 0.243307 0.247275 0.240090 0.228486 0.212236 0.196276 0.183649 0.098611 0.135899 0.147642 0.145673 0.189944 0.210891 0.170781 0.189812 0.255077 0.129860 0.146044 0.121886 0.115561 
192837465
2
0.338498 0.236398 0.245085 0.237539 0.277529 0.286425 0.271019 0.214075 0.206586 0.185850 0.195057 0.297718 0.256572 0.276961 0.223029 0.323024 0.312920 0.293273 0.302391 0.360910 0.398256 0.354466 0.279589 0.344614 0.379395 0.432942 0.431689 0.430510 0.418104 0.376895 0.371239 0.358270 0.324751 0.316519 0.286269 0.336634 0.294590 0.296923 0.342797 0.324486 0.268721 0.254653 0.316205 0.327602 0.389503 0.394894 0.371356 0.377546 0.354531 0.374011 0.409247 0.412261 0.350760 0.293077 0.323288 0.287838 0.311676 0.301733 0.314746 0.299317 0.248203 0.224845 0.214537 0.226518 0.285348 0.323688 0.278199 0.300796 0.261139 0.225595 0.234353 0.157835 0.194037 0.207505 0.211427 0.227227 0.219351 0.196504 0.154780 0.145327 0.200931 0.214804 0.216993 0.210265 0.214516 0.270342 0.300671 0.290720 0.283951 0.223817 0.210715 0.237113 0.255969 0.228493 0.216736 0.190385 0.262906 0.253535 0.219090 0.223697 0.217627 0.252957 0.250633 0.239571 0.238859 0.175984 0.141210 0.131484 0.140769 0.143938 0.175748 0.195331 0.229881 0.246001 0.215272 0.242014 0.182687 0.167309 0.134032 0.167749 
192837465
3
0.310189 0.286190 0.255324 0.264743 0.213037 0.253712 0.229363 0.181651 0.175393 0.193616 0.204204 0.223308 0.219189 0.209250 0.225609 0.253835 0.293842 0.276921 0.378997 0.371302 0.336687 0.362885 0.320957 0.364798 0.345126 0.357569 0.337547 0.341520 0.313225 0.268870 0.319922 0.322796 0.293741 0.332280 0.311985 0.268081 0.321715 0.308829 0.323431 0.288265 0.271515 0.260137 0.250476 0.316994 0.314776 0.312929 0.356415 0.337972 0.368176 0.398295 0.404572 0.431633 0.393251 0.345528 0.282551 0.279807 0.276322 0.278996 0.289212 0.322452 0.264927 0.225080 0.173031 0.191847 0.219879 0.225750 0.262430 0.277212 0.273004 0.241490 0.271594 0.260522 0.263813 0.209451 0.254156 0.280254 0.253203 0.170858 0.175031 0.175816 0.185041 0.220465 0.266588 0.269010 0.275674 0.257227 0.238220 0.243325 0.206926 0.227385 0.214680 0.221536 0.203126 0.182195 0.204547 0.184641 0.183877 0.162620 0.188714 0.190921 0.223414 0.238804 0.226014 0.178184 0.182021 0.199521 0.188335 0.205488 0.184223 0.215207 0.174350 0.224564 0.217744 0.178391 0.148224 0.183339 0.164076 0.188244 0.187335 0.223701 
192837465
4
0.295428 0.280871 0.296108 0.328340 0.272024 0.233746 0.232610 0.165056 0.227718 0.271668 0.234909 0.173284 0.217267 0.220246 0.227556 0.248458 0.253336 0.286203 0.267776 0.272641 0.286646 0.311240 0.289539 0.318491 0.351069 0.338734 0.307552 0.316555 0.320842 0.310668 0.292300 0.252375 0.252932 0.223504 0.209343 0.296645 0.307594 0.262293 0.246375 0.212166 0.286847 0.257615 0.236257 0.233565 0.282853 0.312704 0.340107 0.289969 0.378708 0.410500 0.406853 0.295707 0.308763 0.287089 0.300895 0.265668 0.236027 0.271951 0.290066 0.293595 0.251784 0.190473 0.165141 0.203028 0.229896 0.264585 0.287231 0.292371 0.283125 0.305805 0.244968 0.261513 0.313700 0.331201 0.262991 0.226517 0.210764 0.142287 0.110877 0.152691 0.177187 0.233753 0.264467 0.252239 0.287577 0.360830 0.332948 0.287838 0.329734 0.281685 0.307508 0.199221 0.185710 0.164578 0.176968 0.183361 0.188362 0.140486 0.133139 0.208771 0.247838 0.257544 0.227352 0.228037 0.240801 0.224438 0.197506 0.226306 0.263904 0.219380 0.234435 0.230340 0.214921 0.224789 0.204314 0.226336 0.178433 0.188455 0.224235 0.205262 
192837465
5
0.330786 0.325071 0.290808 0.239943 0.251008 0.271115 0.263534 0.185721 0.220490 0.270961 0.201820 0.153441 0.185774 0.228209 0.216772 0.223810 0.236120 0.233622 0.262275 0.288672 0.309385 0.274947 0.302487 0.364113 0.334277 0.285065 0.321441 0.312814 0.289551 0.360020 0.343049 0.302472 0.249728 0.192071 0.194921 0.209127 0.225734 0.259178 0.293010 0.294499 0.311401 0.270747 0.320529 0.297121 0.283909 0.246038 0.261899 0.258206 0.271237 0.259504 0.255731 0.203408 0.200648 0.280723 0.286610 0.222299 0.206276 0.223311 0.265400 0.266946 0.279577 0.247996 0.250884 0.229399 0.312160 0.309479 0.330386 0.322216 0.303985 0.246898 0.261193 0.239712 0.272689 0.243329 0.205765 0.199086 0.174694 0.195076 0.194881 0.207388 0.169890 0.193574 0.159802 0.245553 0.297565 0.288970 0.319599 0.278990 0.287813 0.324015 0.284584 0.274144 0.227967 0.251829 0.222890 0.212553 0.172818 0.157583 0.161381 0.204807 0.219837 0.279243 0.234590 0.198010 0.136005 0.108879 0.084155 0.210095 0.198175 0.167380 0.212231 0.298526 0.269255 0.220803 0.219398 0.221330 0.248224 0.198378 0.230436 0.245450 
192837465
6
0.306952 0.241081 0.280044 0.204236 0.200588 0.230050 0.204157 0.240850 0.251655 0.225224 0.263618 0.216666 0.187844 0.248928 0.279652 0.288082 0.277436 0.259939 0.200961 0.241148 0.290018 0.276082 0.275903 0.343735 0.317275 0.344296 0.366589 0.368299 0.367996 0.300598 0.319007 0.343372 0.272362 0.259723 0.266248 0.232910 0.252918 0.308320 0.356956 0.352968 0.355694 0.353376 0.267934 0.284780 0.308604 0.289011 0.312789 0.305689 0.231350 0.247032 0.247323 0.298791 0.294746 0.302944 0.298546 0.242529 0.238441 0.262584 0.263905 0.242826 0.297329 0.286829 0.241244 0.276589 0.312661 0.365596 0.350775 0.280232 0.234325 0.212595 0.251382 0.252852 0.228949 0.257283 0.199342 0.210712 0.177858 0.210488 0.278905 0.223978 0.191668 0.213318 0.177018 0.202663 0.238123 0.251606 0.248102 0.254864 0.270004 0.272895 0.280674 0.299213 0.258492 0.255416 0.240171 0.228147 0.205318 0.199268 0.222547 0.216203 0.182752 0.195112 0.290728 0.247870 0.299897 0.167739 0.158879 0.177519 0.175732 0.158637 0.260594 0.249514 0.249680 0.211748 0.187419 0.250018 0.240048 0.225617 0.211425 0.242505 
192837465
7
0.311543 0.273002 0.200427 0.196607 0.169868 0.207242 0.211002 0.159546 0.190788 0.189950 0.238865 0.238599 0.266326 0.257295 0.341364 0.321572 0.323663 0.289018 0.303047 0.263363 0.339434 0.329314 0.324890 0.350453 0.353856 0.299096 0.327345 0.343317 0.418200 0.351375 0.345062 0.306871 0.276826 0.290431 0.222794 0.271357 0.221879 0.268587 0.281149 0.362304 0.371623 0.401199 0.323051 0.287720 0.326728 0.294118 0.310778 0.305662 0.297111 0.256579 0.289754 0.269509 0.267171 0.254019 0.272510 0.262395 0.257469 0.267611 0.297814 0.344447 0.343248 0.319916 0.297582 0.368269 0.376352 0.330354 0.318599 0.291217 0.296611 0.250281 0.233689 0.251006 0.250971 0.202838 0.179191 0.125188 0.173825 0.264190 0.289622 0.286135 0.242650 0.261269 0.270201 0.262130 0.239303 0.245282 0.295268 0.281040 0.259045 0.239042 0.272616 0.242557 0.288764 0.205632 0.247441 0.249187 0.229844 0.198138 0.208967 0.172870 0.200512 0.195863 0.246868 0.266945 0.259097 0.248336 0.215230 0.211309 0.197189 0.181601 0.290613 0.257507 0.206369 0.245617 0.228101 0.240380 0.241367 0.222778 0.258754 0.249205 
192837465
8
0.273553 0.211881 0.198032 0.160841 0.134222 0.107778 0.118856 0.163966 0.136048 0.198656 0.193159 0.217500 0.253199 0.282950 0.320399 0.326473 0.343425 0.294383 0.306741 0.298724 0.294378 0.275527 0.333374 0.277549 0.260861 0.259723 0.264902 0.277499 0.318008 0.333511 0.321428 0.316979 0.281813 0.252551 0.209777 0.236651 0.286161 0.292398 0.234990 0.287004 0.294919 0.316027 0.311553 0.335596 0.316031 0.310324 0.310455 0.347162 0.288954 0.296740 0.287884 0.293381 0.257999 0.259190 0.254544 0.274607 0.251617 0.248844 0.249194 0.323963 0.376923 0.333626 0.339057 0.339916 0.389487 0.355505 0.339920 0.331935 0.304532 0.221142 0.211785 0.236181 0.261780 0.213571 0.164972 0.138353 0.145407 0.158463 0.220429 0.282431 0.258975 0.261740 0.298195 0.300592 0.308016 0.313328 0.313756 0.243418 0.229060 0.211795 0.232930 0.250289 0.257046 0.224734 0.235075 0.250887 0.287450 0.248442 0.233200 0.205110 0.143936 0.169046 0.168953 0.200187 0.217020 0.237899 0.248935 0.213054 0.239479 0.257010 0.283999 0.305162 0.286798 0.291895 0.291961 0.255603 0.157446 0.220030 0.176971 0.211284 
192837465
9
0.233256 0.152703 0.207522 0.146364 0.190024 0.173814 0.157100 0.122711 0.134347 0.139579 0.161817 0.217665 0.204687 0.242924 0.253470 0.276521 0.291409 0.342463 0.350263 0.310155 0.277154 0.267763 0.238321 0.221694 0.203810 0.282649 0.248912 0.279222 0.266667 0.225274 0.243034 0.199293 0.209620 0.191727 0.213291 0.189435 0.174591 0.206019 0.206239 0.192994 0.274752 0.333201 0.421594 0.401592 0.390046 0.317883 0.286518 0.301589 0.356968 0.360473 0.339411 0.353043 0.339249 0.315932 0.282542 0.263111 0.266287 0.243848 0.270918 0.291717 0.317186 0.356584 0.345292 0.318495 0.267486 0.280434 0.256512 0.236412 0.235643 0.234305 0.179619 0.194248 0.190068 0.171450 0.159561 0.166374 0.176480 0.169092 0.196107 0.217840 0.240841 0.246614 0.265004 0.344699 0.310602 0.274154 0.264706 0.260921 0.225549 0.254884 0.237022 0.199551 0.216299 0.207209 0.151878 0.171619 0.133896 0.157812 0.127301 0.164377 0.128545 0.120979 0.137826 0.145312 0.170428 0.186471 0.211682 0.257839 0.259915 0.317393 0.316893 0.280620 0.288763 0.268268 0.242599 0.268671 0.248993 0.226970 0.177451 0.145180 
192837465
10
0.200879 0.229571 0.233066 0.180929 0.158912 0.143609 0.184723 0.199476 0.180427 0.168225 0.184896 0.198423 0.197431 0.211170 0.262036 0.299730 0.249869 0.311844 0.347901 0.300054 0.229558 0.239091 0.231755 0.239591 0.258606 0.260142 0.260748 0.217107 0.202487 0.212679 0.174427 0.162428 0.161353 0.157763 0.201417 0.181742 0.205283 0.251423 0.234502 0.274291 0.354177 0.370494 0.448308 0.387225 0.362150 0.341723 0.384200 0.362835 0.348845 0.338901 0.323743 0.288497 0.351804 0.338200 0.333873 0.340532 0.277674 0.251184 0.287318 0.255140 0.259135 0.278936 0.317211 0.300019 0.287511 0.258288 0.236313 0.201684 0.220223 0.224821 0.212065 0.215986 0.262462 0.196708 0.148442 0.159115 0.173653 0.153219 0.154453 0.142455 0.201624 0.244116 0.271278 0.272379 0.279637 0.249572 0.278562 0.266951 0.241747 0.187352 0.165485 0.224759 0.246547 0.194490 0.158202 0.149050 0.140254 0.119226 0.149375 0.171327 0.165674 0.139390 0.130268 0.129390 0.178980 0.222641 0.244622 0.253022 0.299328 0.336629 0.385250 0.351004 0.359081 0.291015 0.225717 0.286936 0.294713 0.261056 0.212343 0.251866 
192837465
11
0.200337 0.255085 0.267247 0.201629 0.170355 0.132050 0.184602 0.108053 0.190286 0.169214 0.219434 0.236551 0.198549 0.222616 0.218663 0.266347 0.241585 0.251435 0.296562 0.266737 0.293223 0.291593 0.308095 0.256381 0.234773 0.121976 0.127664 0.170221 0.161458 0.154603 0.153854 0.151308 0.199078 0.167293 0.146297 0.206025 0.235192 0.279608 0.292778 0.282869 0.296324 0.375907 0.391903 0.354880 0.339824 0.328373 0.315073 0.390853 0.353807 0.356450 0.325135 0.307068 0.336277 0.313917 0.294792 0.299813 0.233040 0.218863 0.249554 0.299898 0.311962 0.304883 0.344790 0.302843 0.288516 0.218027 0.185232 0.183368 0.149996 0.154391 0.139755 0.136552 0.164643 0.224021 0.220845 0.232856 0.188582 0.181710 0.207714 0.199610 0.245856 0.220758 0.266441 0.276392 0.282417 0.343680 0.311950 0.288074 0.271480 0.225552 0.228051 0.242970 0.253537 0.251184 0.202324 0.233941 0.244128 0.206332 0.229977 0.192593 0.169768 0.124465 0.185590 0.180566 0.142208 0.198486 0.261486 0.267760 0.322651 0.301377 0.315134 0.316236 0.301729 0.304773 0.250460 0.253113 0.260802 0.299655 0.310310 0.315903 
192837465
12
0.266949 0.258265 0.265908 0.242490 0.194566 0.183895 0.138974 0.146203 0.145377 0.169131 0.191251 0.202566 0.239792 0.258402 0.248875 0.247921 0.218498 0.205362 0.246036 0.227663 0.296155 0.338315 0.324806 0.339767 0.280306 0.210978 0.190026 0.184415 0.106580 0.138260 0.098563 0.098475 0.152091 0.088536 0.103656 0.164398 0.163788 0.254736 0.316509 0.345138 0.330000 0.316092 0.351155 0.349531 0.363854 0.345617 0.340381 0.395566 0.387341 0.385051 0.298182 0.269916 0.289572 0.299733 0.243438 0.250105 0.278172 0.295889 0.332665 0.319513 0.328188 0.270906 0.277484 0.248926 0.243167 0.206984 0.148125 0.137125 0.098100 0.117939 0.123416 0.103186 0.152052 0.192200 0.235320 0.248303 0.216442 0.176332 0.202428 0.228679 0.241528 0.278512 0.259437 0.310246 0.287032 0.264381 0.273487 0.240378 0.282455 0.295152 0.215686 0.218334 0.237304 0.220481 0.157942 0.133533 0.111508 0.155304 0.153296 0.146602 0.157457 0.168739 0.148223 0.168922 0.184695 0.210176 0.261572 0.259109 0.295079 0.315705 0.296483 0.306288 0.245505 0.256847 0.261384 0.240772 0.245198 0.284948 0.292654 0.254200 
192837465
13
0.229934 0.244309 0.255841 0.197859 0.149946 0.124946 0.107338 0.068248 0.055621 0.076831 0.099559 0.185703 0.243268 0.251995 0.244088 0.257640 0.275536 0.265976 0.243871 0.237630 0.271148 0.296036 0.263071 0.314941 0.307070 0.303095 0.280672 0.235465 0.211602 0.193665 0.175939 0.201515 0.101564 0.081768 0.108851 0.132584 0.170336 0.200090 0.249848 0.290979 0.333308 0.379141 0.384642 0.410894 0.408930 0.408729 0.470347 0.435283 0.472992 0.393426 0.355970 0.325189 0.315565 0.318216 0.288529 0.260126 0.300981 0.299901 0.315839 0.335155 0.332345 0.326837 0.261327 0.241846 0.226249 0.188017 0.156231 0.121017 0.115645 0.152731 0.180039 0.169566 0.155769 0.108347 0.169463 0.188101 0.197927 0.217337 0.206954 0.217671 0.214091 0.240303 0.197487 0.225826 0.249660 0.240262 0.263959 0.282714 0.286269 0.261257 0.254920 0.218801 0.172621 0.133882 0.116644 0.048495 0.071510 0.066765 0.146498 0.188061 0.229962 0.283164 0.271910 0.256567 0.286332 0.269086 0.255387 0.290012 0.227767 0.187425 0.179423 0.158919 0.216596 0.208042 0.208097 0.177914 0.187838 0.232681 0.211915 0.155710 
192837465
14
0.195195 0.215348 0.248472 0.185562 0.165528 0.139720 0.105754 0.030565 0.058565 0.083011 0.183005 0.187195 0.245401 0.193551 0.191069 0.224876 0.267231 0.261624 0.252836 0.280870 0.271732 0.324840 0.313719 0.330524 0.347146 0.295316 0.307460 0.285151 0.241015 0.227353 0.180483 0.183614 0.172991 0.119904 0.126632 0.109038 0.175248 0.184425 0.248088 0.302734 0.271178 0.317556 0.360803 0.356096 0.384184 0.412101 0.420506 0.383667 0.450758 0.419930 0.361690 0.321510 0.336155 0.304044 0.273086 0.272475 0.305884 0.299742 0.314560 0.334503 0.292649 0.276857 0.258618 0.210439 0.162809 0.166025 0.177451 0.204872 0.204881 0.109264 0.109099 0.136929 0.138894 0.121786 0.103722 0.096371 0.128694 0.153176 0.178362 0.225770 0.227913 0.231532 0.210800 0.193158 0.196726 0.183969 0.194011 0.251790 0.282183 0.326599 0.290135 0.273194 0.235772 0.207059 0.174184 0.144192 0.118825 0.174397 0.154143 0.122583 0.171794 0.218297 0.271751 0.264720 0.280843 0.250229 0.239340 0.185151 0.198607 0.185883 0.137200 0.156933 0.188252 0.245140 0.257165 0.258234 0.261366 0.276139 0.221035 0.217359 
192837465
15
0.115848 0.155768 0.195443 0.151047 0.134997 0.142171 0.154426 0.139103 0.132302 0.199785 0.147990 0.195257 0.221467 0.236072 0.247985 0.215106 0.286655 0.310260 0.241546 0.255427 0.300712 0.290963 0.311314 0.289289 0.301649 0.357026 0.364283 0.297278 0.265978 0.246679 0.230392 0.132854 0.157692 0.148670 0.142222 0.118412 0.158330 0.190177 0.228543 0.257809 0.230237 0.227457 0.334688 0.374813 0.416546 0.423082 0.379504 0.427008 0.391807 0.324913 0.300623 0.268282 0.278560 0.313913 0.236897 0.253628 0.275113 0.253580 0.268943 0.239474 0.210887 0.194810 0.165922 0.136812 0.160914 0.171184 0.132904 0.150517 0.147094 0.135603 0.143309 0.157239 0.108812 0.133923 0.144837 0.151412 0.177100 0.166972 0.243014 0.183572 0.203326 0.210027 0.218363 0.177611 0.203377 0.205764 0.254603 0.267962 0.288974 0.289147 0.289240 0.232564 0.230140 0.212326 0.176605 0.142346 0.150548 0.156868 0.194302 0.201021 0.163134 0.145375 0.208821 0.202483 0.166486 0.170946 0.160959 0.187063 0.176969 0.193465 0.167934 0.229251 0.202432 0.259070 0.259771 0.246449 0.276990 0.279951 0.277342 0.283847 
192837465
