1200.000000
160.000000
120
16
1
0.500000
2
2
0
0.277832 0.247223 0.156205 0.168062 0.164558 0.214435 0.239440 0.222585 0.209536 0.156684 0.220470 0.215381 0.198684 0.241666 0.263911 0.260186 0.226149 0.171392 0.219255 0.221855 0.219727 0.175653 0.176145 0.166604 0.224278 0.220289 0.221259 0.241653 0.283528 0.253500 0.315827 0.333398 0.293489 0.270579 0.332570 0.282046 0.357556 0.348159 0.327270 0.341291 0.336121 0.341449 0.225170 0.210330 0.165478 0.220341 0.236307 0.169864 0.181099 0.161896 0.250257 0.271026 0.275508 0.223038 0.261555 0.252560 0.261674 0.252192 0.243603 0.295644 0.276450 0.243284 0.237233 0.269841 0.300422 0.302750 0.293801 0.319129 0.278562 0.232249 0.116098 0.100044 0.113300 0.161554 0.168030 0.211793 0.211518 0.214614 0.184774 0.253637 0.230184 0.187358 0.156734 0.140744 0.141209 0.186050 0.192935 0.196672 0.194432 0.233600 0.286553 0.300399 0.279055 0.291310 0.284141 0.287876 0.287826 0.327292 0.307821 0.251322 0.274983 0.234794 0.206420 0.168311 0.190372 0.114486 0.127655 0.128515 0.153280 0.119818 0.052161 0.075113 0.061485 0.077588 0.097206 0.139198 0.130275 0.129021 0.118467 0.168078 
192837465
1
0.312834 0.257377 0.286585 0.283519 0.273540 0.220857 0.248149 0.252801 0.248883 0.198731 0.211627 0.260821 0.222470 0.213814 0.253514 0.210021 0.214095 0.164976 0.178696 0.203438 0.242064 0.172679 0.143902 0.194076 0.243581 0.261104 0.219777 0.259464 0.221950 0.262221 0.302194 0.279445 0.290189 0.241934 0.286278 0.273870 0.285063 0.328873 0.306010 0.286081 0.319806 0.250234 0.242269 0.306004 0.265069 0.293287 0.273716 0.293167 0.210219 0.249411 0.315252 0.387153 0.365028 0.332582 0.285377 0.209939 0.243379 0.255754 0.204050 0.249685 0.279565 0.241033 0.193850 0.145003 0.160548 0.197901 0.189610 0.218518 0.260250 0.150384 0.175347 0.198934 0.144447 0.143174 0.128020 0.169849 0.215000 0.236143 0.250520 0.265243 0.259778 0.291150 0.200903 0.198539 0.195075 0.222731 0.238948 0.243327 0.239434 0.248125 0.259755 0.213969 0.272226 0.299519 0.320835 0.355927 0.362159 0.290894 0.285334 0.283362 0.307519 0.208951 0.185608 0.173620 0.130839 0.125552 0.171204 0.189012 0.181202 0.218163 0.137238 0.168327 0.185583 0.162770 0.174016 0.192668 0.237981 0.224385 0.223714 0.236495 
192837465
2
0.259644 0.282926 0.358124 0.324490 0.262492 0.293290 0.299619 0.282244 0.248815 0.278035 0.238730 0.233230 0.274919 0.200713 0.171135 0.204212 0.214455 0.225254 0.191936 0.223958 0.145416 0.153396 0.151301 0.152597 0.193271 0.208712 0.261894 0.226390 0.266409 0.255441 0.285855 0.276393 0.232753 0.262986 0.237251 0.219218 0.222174 0.234360 0.320501 0.291044 0.174511 0.179663 0.196376 0.270694 0.297479 0.339557 0.311851 0.350117 0.308105 0.235047 0.215032 0.313459 0.356050 0.313718 0.262191 0.262491 0.217840 0.191791 0.259256 0.246579 0.229598 0.178330 0.161197 0.085626 0.122586 0.143620 0.158448 0.118750 0.139956 0.218155 0.254726 0.247597 0.208549 0.138056 0.162059 0.129074 0.248230 0.276406 0.351817 0.345912 0.305868 0.216418 0.230049 0.267619 0.281096 0.273416 0.250164 0.274883 0.261418 0.318239 0.272717 0.225760 0.241422 0.261130 0.233948 0.270839 0.234232 0.172620 0.191835 0.153810 0.136783 0.155845 0.119590 0.126717 0.139201 0.059067 0.128877 0.194847 0.228193 0.167502 0.217799 0.189506 0.201974 0.242569 0.252001 0.274254 0.321225 0.271456 0.236957 0.243140 
192837465
3
0.187220 0.164664 0.242892 0.258696 0.320875 0.294343 0.300973 0.275759 0.265569 0.225199 0.268713 0.295259 0.279371 0.244224 0.229025 0.166102 0.154084 0.192341 0.205076 0.204135 0.182198 0.191457 0.189459 0.182072 0.156732 0.178428 0.190475 0.206681 0.214608 0.229734 0.240832 0.203536 0.259639 0.295509 0.185339 0.231219 0.223351 0.258419 0.206955 0.251979 0.213550 0.246630 0.209351 0.239880 0.150633 0.148580 0.178717 0.260484 0.361981 0.308771 0.326577 0.333905 0.340666 0.344791 0.296593 0.241406 0.233654 0.212401 0.275511 0.345450 0.310597 0.275989 0.219608 0.177192 0.164920 0.148408 0.180097 0.138053 0.147322 0.185959 0.251558 0.222950 0.249692 0.226333 0.217144 0.270340 0.243437 0.300785 0.313620 0.319366 0.276323 0.179340 0.206485 0.185732 0.211635 0.227617 0.263835 0.299007 0.260165 0.273702 0.199763 0.215371 0.250348 0.259457 0.209780 0.183306 0.222297 0.216230 0.244281 0.144361 0.115262 0.168927 0.194249 0.232217 0.196903 0.182484 0.179250 0.210975 0.243483 0.247186 0.269245 0.330007 0.234848 0.191509 0.257673 0.231699 0.266443 0.252217 0.225942 0.209176 
192837465
4
0.153547 0.154626 0.230056 0.188233 0.255052 0.238704 0.283581 0.288060 0.257142 0.286580 0.273136 0.214831 0.215907 0.217301 0.244909 0.268602 0.197333 0.152671 0.149456 0.180797 0.139691 0.229730 0.261410 0.275004 0.260580 0.237355 0.262441 0.297849 0.242668 0.267563 0.195626 0.233300 0.178676 0.184370 0.113442 0.129532 0.186203 0.250821 0.245910 0.269776 0.210926 0.232121 0.191843 0.247415 0.168239 0.165196 0.181007 0.254336 0.310974 0.327603 0.342553 0.364354 0.327800 0.292823 0.310369 0.272685 0.261174 0.267611 0.314299 0.286303 0.300771 0.226577 0.266123 0.305402 0.251508 0.161922 0.217782 0.216049 0.199042 0.252094 0.280562 0.313223 0.272019 0.269033 0.214421 0.241150 0.237145 0.208313 0.258327 0.262266 0.254705 0.286618 0.274477 0.243996 0.301615 0.257411 0.227689 0.202825 0.222541 0.187145 0.188847 0.220070 0.200102 0.200637 0.145086 0.148312 0.136985 0.197090 0.185766 0.262085 0.169251 0.165660 0.145883 0.165707 0.207956 0.253141 0.184327 0.295061 0.331882 0.324582 0.358660 0.304879 0.299480 0.283095 0.319104 0.290018 0.346031 0.336745 0.260257 0.227699 
192837465
5
0.141419 0.180256 0.197834 0.241211 0.229889 0.223082 0.190763 0.236144 0.207185 0.232576 0.256030 0.180299 0.269977 0.250493 0.181706 0.204385 0.135281 0.113996 0.107568 0.127183 0.210208 0.245709 0.244101 0.236968 0.226067 0.272938 0.276702 0.285931 0.262059 0.239804 0.163550 0.181067 0.138396 0.134576 0.153114 0.224705 0.213123 0.221163 0.243420 0.220438 0.218066 0.172144 0.182968 0.220162 0.218891 0.170303 0.122668 0.119180 0.232129 0.284190 0.339744 0.322730 0.294106 0.206838 0.201016 0.235033 0.276409 0.345172 0.259402 0.286893 0.294546 0.301206 0.300608 0.313892 0.305486 0.309017 0.296652 0.227381 0.207180 0.249311 0.289080 0.274780 0.303924 0.322130 0.309133 0.248768 0.270488 0.265638 0.302610 0.350327 0.349938 0.349547 0.332273 0.291131 0.330289 0.326759 0.275613 0.213918 0.191065 0.225482 0.241614 0.171816 0.177057 0.159153 0.154821 0.161792 0.165725 0.202950 0.238980 0.220878 0.207984 0.138715 0.124767 0.163726 0.201077 0.219984 0.226867 0.266587 0.229506 0.273173 0.313953 0.294693 0.301381 0.291892 0.291496 0.313288 0.322314 0.286772 0.306736 0.259175 
192837465
6
0.211448 0.198360 0.179555 0.223414 0.246031 0.231866 0.180141 0.176244 0.203966 0.159613 0.230377 0.202425 0.212119 0.147555 0.178636 0.218203 0.203908 0.207783 0.246444 0.228218 0.248137 0.270768 0.241922 0.241375 0.254114 0.314616 0.365895 0.297719 0.207951 0.225940 0.190008 0.230522 0.168422 0.209984 0.200918 0.221163 0.251359 0.210745 0.217532 0.224468 0.140782 0.140568 0.156744 0.187877 0.198747 0.150440 0.163544 0.187779 0.268589 0.251427 0.231901 0.295959 0.294610 0.215771 0.221176 0.265316 0.210122 0.252581 0.262860 0.295930 0.308411 0.306134 0.303374 0.304507 0.272728 0.259077 0.210347 0.221803 0.234979 0.255695 0.295890 0.300244 0.324153 0.318099 0.353150 0.289091 0.288125 0.325974 0.387627 0.317998 0.335431 0.344899 0.423061 0.420146 0.390654 0.386230 0.302959 0.206745 0.266322 0.288241 0.202028 0.220268 0.182493 0.137105 0.150757 0.106672 0.139732 0.217886 0.253208 0.265560 0.251423 0.248268 0.304559 0.221228 0.164060 0.197620 0.216730 0.174655 0.190237 0.156092 0.211133 0.270600 0.258947 0.269623 0.286576 0.310818 0.372571 0.303820 0.306177 0.282901 
192837465
7
0.250038 0.197314 0.176478 0.178876 0.167032 0.140212 0.182529 0.147157 0.178175 0.208676 0.187757 0.181133 0.192326 0.163155 0.218644 0.280490 0.276991 0.315186 0.250682 0.267454 0.256490 0.261969 0.275911 0.293141 0.300667 0.319553 0.368900 0.412550 0.338533 0.265732 0.210560 0.260185 0.201671 0.199704 0.213169 0.200792 0.223823 0.193455 0.208050 0.179314 0.154589 0.173343 0.234765 0.255699 0.264552 0.158619 0.221271 0.190390 0.218596 0.254011 0.246385 0.228563 0.228066 0.298275 0.267471 0.244927 0.214729 0.262171 0.272313 0.251648 0.265631 0.227233 0.315489 0.323106 0.317765 0.276338 0.248855 0.250729 0.265073 0.254939 0.239871 0.262675 0.278342 0.319563 0.307119 0.377421 0.393045 0.306845 0.290558 0.288997 0.294048 0.360725 0.357230 0.363126 0.292517 0.294899 0.291410 0.316086 0.338199 0.272700 0.311570 0.314983 0.239929 0.223860 0.245771 0.232326 0.314629 0.315268 0.230912 0.240077 0.280948 0.297894 0.290664 0.272332 0.274487 0.248979 0.177655 0.156790 0.219846 0.194006 0.147835 0.222632 0.242461 0.259447 0.328896 0.367685 0.297235 0.345087 0.344844 0.292739 
192837465
8
0.188283 0.226018 0.119216 0.106046 0.150446 0.119551 0.088562 0.129586 0.092965 0.179992 0.094813 0.159909 0.124441 0.238505 0.246688 0.260240 0.257885 0.295302 0.262035 0.280055 0.307682 0.330138 0.311059 0.327569 0.407184 0.422206 0.449712 0.396859 0.369285 0.279942 0.278115 0.244184 0.217260 0.208138 0.233676 0.245862 0.182302 0.174079 0.155411 0.165065 0.149792 0.174706 0.258939 0.254291 0.278144 0.231281 0.203926 0.247794 0.253371 0.201465 0.233072 0.207776 0.214271 0.224782 0.212101 0.219042 0.346562 0.290099 0.273041 0.294194 0.262856 0.261616 0.335295 0.308545 0.300517 0.317471 0.301936 0.318052 0.362082 0.365701 0.321935 0.290356 0.293340 0.281850 0.298053 0.352995 0.243621 0.263300 0.255197 0.322474 0.285103 0.289182 0.341127 0.400407 0.328908 0.339794 0.294880 0.289183 0.283450 0.272183 0.273267 0.314669 0.331266 0.342340 0.355847 0.383759 0.392071 0.380530 0.321271 0.272869 0.292249 0.326704 0.300386 0.237154 0.247417 0.204694 0.200533 0.213479 0.193128 0.146848 0.169171 0.221744 0.249811 0.194868 0.168538 0.242818 0.295939 0.345869 0.309208 0.234643 
192837465
9
0.209714 0.139111 0.146590 0.093491 0.128623 0.158217 0.145728 0.097326 0.140424 0.096948 0.102712 0.088608 0.091855 0.109551 0.149501 0.220702 0.209890 0.177965 0.226127 0.256159 0.308038 0.293934 0.318018 0.326338 0.327679 0.344215 0.407659 0.405758 0.418639 0.344026 0.283919 0.242063 0.234329 0.257906 0.245081 0.252577 0.270726 0.239483 0.176317 0.176852 0.181037 0.215802 0.256331 0.263227 0.329836 0.356162 0.357839 0.320565 0.281838 0.266318 0.238590 0.243889 0.238900 0.292524 0.248823 0.264932 0.312051 0.323951 0.350583 0.248713 0.247198 0.284564 0.290626 0.374403 0.369054 0.399213 0.377375 0.410289 0.365275 0.271574 0.311479 0.264698 0.218328 0.261842 0.271652 0.304412 0.311954 0.313537 0.315437 0.239311 0.258365 0.259350 0.277225 0.362903 0.406476 0.368636 0.331841 0.288347 0.297491 0.343226 0.255014 0.272619 0.315109 0.330996 0.371282 0.370907 0.378734 0.399234 0.366641 0.311228 0.279145 0.264718 0.299699 0.286314 0.278182 0.271108 0.268775 0.264189 0.267675 0.227284 0.231678 0.211943 0.200757 0.235098 0.269082 0.224716 0.254020 0.268986 0.282196 0.337203 
192837465
10
0.202674 0.163836 0.109268 0.121275 0.091469 0.116848 0.090343 0.104860 0.136864 0.136164 0.105811 0.075388 0.101044 0.145591 0.136937 0.157664 0.168834 0.184240 0.219017 0.232321 0.228655 0.340004 0.339413 0.332380 0.294571 0.304366 0.322693 0.327712 0.338388 0.353356 0.297575 0.241259 0.280191 0.244784 0.198060 0.229053 0.234564 0.234509 0.252184 0.269937 0.231260 0.250910 0.301490 0.346997 0.343990 0.307372 0.267980 0.290969 0.307362 0.295488 0.268478 0.293989 0.275081 0.266600 0.223582 0.219039 0.263253 0.332342 0.361446 0.295379 0.289634 0.295019 0.281684 0.289012 0.327875 0.291469 0.332243 0.343915 0.324378 0.284623 0.282004 0.266455 0.269449 0.307348 0.305348 0.318996 0.290248 0.354115 0.304154 0.293323 0.307252 0.340744 0.344263 0.313847 0.326967 0.359078 0.309751 0.341194 0.350022 0.389094 0.334416 0.318456 0.294803 0.246778 0.200056 0.204370 0.217259 0.253303 0.231417 0.238118 0.234148 0.272498 0.322504 0.316031 0.300828 0.292166 0.264193 0.239745 0.302933 0.216047 0.227938 0.232839 0.222558 0.257583 0.308487 0.298817 0.282372 0.238620 0.250813 0.318157 
192837465
11
0.142473 0.131108 0.110082 0.115380 0.126104 0.108584 0.064231 0.101219 0.091789 0.095816 0.131430 0.082910 0.074800 0.132738 0.162145 0.124065 0.182125 0.225216 0.319101 0.289483 0.238935 0.216616 0.262076 0.260204 0.287230 0.281038 0.188275 0.253927 0.304644 0.313490 0.283405 0.280041 0.303206 0.321418 0.245787 0.245259 0.285284 0.305262 0.227984 0.250831 0.310146 0.268959 0.246257 0.277862 0.223988 0.272779 0.269854 0.324922 0.347906 0.320472 0.281694 0.191202 0.198078 0.225970 0.250798 0.266556 0.217306 0.236198 0.275564 0.252944 0.256760 0.270670 0.237076 0.251468 0.242275 0.240279 0.286591 0.280067 0.257211 0.271466 0.306373 0.325370 0.316010 0.336899 0.305140 0.321616 0.342569 0.346374 0.322832 0.345939 0.354878 0.416925 0.397977 0.362889 0.317216 0.319595 0.360718 0.390745 0.378646 0.331110 0.345540 0.295777 0.216169 0.168855 0.143773 0.168663 0.170057 0.185264 0.207609 0.219400 0.208605 0.217072 0.252894 0.310874 0.283411 0.240292 0.254915 0.264527 0.256205 0.248881 0.225942 0.254048 0.251773 0.220783 0.254137 0.262594 0.182701 0.241772 0.299947 0.303029 
192837465
12
0.143100 0.175168 0.183374 0.126699 0.121464 0.102974 0.101175 0.089073 0.078400 0.108721 0.218792 0.215841 0.138293 0.134081 0.136263 0.164064 0.200222 0.208122 0.274993 0.220818 0.210730 0.245755 0.193388 0.235389 0.231623 0.209214 0.251996 0.246439 0.247165 0.318026 0.362215 0.312284 0.336267 0.302666 0.325943 0.262348 0.333126 0.285930 0.202616 0.220564 0.235177 0.234269 0.263172 0.265813 0.211527 0.230475 0.233851 0.252635 0.258441 0.270937 0.305205 0.260677 0.231835 0.189494 0.175188 0.208543 0.258653 0.231853 0.260811 0.287131 0.279290 0.326711 0.358129 0.385763 0.308509 0.267582 0.273122 0.227393 0.291234 0.329440 0.332709 0.369748 0.307284 0.311145 0.365008 0.337900 0.251229 0.196789 0.270335 0.300534 0.346203 0.385064 0.421806 0.421342 0.350307 0.297290 0.337837 0.329114 0.302229 0.269974 0.255050 0.233297 0.246669 0.279324 0.227793 0.183648 0.264030 0.233500 0.285483 0.268329 0.249318 0.234988 0.250928 0.278421 0.243429 0.269294 0.299965 0.231154 0.260200 0.265882 0.250730 0.261675 0.181480 0.245257 0.272817 0.223147 0.187292 0.190192 0.239905 0.271813 
192837465
13
0.176251 0.183732 0.132617 0.075121 0.064761 0.114145 0.012970 0.043835 0.100027 0.188612 0.222224 0.238528 0.253794 0.226735 0.205079 0.188655 0.133402 0.138398 0.216898 0.274648 0.215621 0.202985 0.149925 0.181949 0.170681 0.193290 0.280503 0.358907 0.344878 0.340942 0.349757 0.335243 0.361164 0.355996 0.372144 0.360803 0.351420 0.306461 0.228541 0.262397 0.272260 0.288801 0.337377 0.300584 0.240714 0.237609 0.235845 0.205729 0.299613 0.302150 0.298696 0.227273 0.172557 0.182585 0.215726 0.219616 0.216224 0.205541 0.270421 0.272447 0.233948 0.278784 0.330817 0.327082 0.282712 0.352989 0.279011 0.326769 0.313946 0.340527 0.384685 0.393726 0.351118 0.350617 0.340373 0.315789 0.308478 0.289467 0.311346 0.408970 0.340348 0.307609 0.356639 0.331734 0.308272 0.324844 0.313899 0.360652 0.337868 0.227113 0.244980 0.273740 0.298240 0.276299 0.277500 0.228473 0.304016 0.240764 0.264658 0.326878 0.296005 0.311147 0.284426 0.284067 0.301686 0.358818 0.337526 0.233485 0.202845 0.251137 0.293958 0.301426 0.312806 0.330057 0.317004 0.263615 0.264429 0.247258 0.290110 0.312162 
192837465
14
0.246895 0.211898 0.160611 0.106700 0.115261 0.103016 0.085210 0.072486 0.064455 0.086045 0.168759 0.225255 0.194513 0.236205 0.218999 0.181551 0.137771 0.098312 0.138328 0.183469 0.150148 0.107218 0.130939 0.101398 0.102781 0.146261 0.223313 0.297701 0.320962 0.297974 0.406053 0.383091 0.439895 0.461898 0.444213 0.433647 0.471608 0.404619 0.343987 0.306303 0.303771 0.285654 0.274696 0.235326 0.231994 0.245372 0.172356 0.188378 0.206941 0.293631 0.289477 0.305514 0.236261 0.273984 0.284312 0.259075 0.272351 0.213606 0.208704 0.263762 0.219230 0.252684 0.291986 0.343213 0.285143 0.330496 0.310080 0.317348 0.371554 0.326961 0.358067 0.348885 0.394097 0.321052 0.338040 0.331416 0.346352 0.368240 0.350833 0.359273 0.374189 0.360753 0.386275 0.359796 0.304815 0.317317 0.308216 0.305493 0.377327 0.384729 0.368229 0.357441 0.324505 0.310094 0.242503 0.280448 0.314270 0.290246 0.321023 0.270940 0.247326 0.249591 0.297171 0.236102 0.276817 0.297884 0.230284 0.197212 0.214370 0.201496 0.240399 0.266282 0.300431 0.310028 0.303403 0.262913 0.300381 0.270407 0.242225 0.248846 
192837465
15
0.289441 0.196166 0.183593 0.146074 0.110569 0.053307 0.037324 0.063085 0.081467 0.101047 0.089123 0.119356 0.168934 0.122609 0.145711 0.105830 0.134819 0.172977 0.164977 0.154259 0.145222 0.055255 0.122131 0.120253 0.162038 0.197011 0.282369 0.285211 0.302047 0.300825 0.376644 0.357758 0.413466 0.394873 0.400807 0.417086 0.376028 0.384042 0.376435 0.325431 0.287195 0.290231 0.248991 0.265376 0.213952 0.249285 0.225083 0.284992 0.319057 0.292094 0.316440 0.279155 0.262289 0.263511 0.299764 0.275094 0.253785 0.289937 0.312949 0.297568 0.242632 0.298020 0.289324 0.297609 0.243835 0.248131 0.216385 0.239219 0.320452 0.338319 0.361692 0.365093 0.408866 0.368224 0.381565 0.399390 0.324236 0.368102 0.315079 0.319219 0.290067 0.314274 0.315983 0.311720 0.237961 0.274852 0.300668 0.355261 0.306192 0.377590 0.355159 0.344049 0.324140 0.276034 0.262570 0.347504 0.334487 0.277983 0.312244 0.243579 0.243499 0.319629 0.241082 0.294794 0.257092 0.248348 0.219962 0.212531 0.182588 0.214667 0.261483 0.236179 0.243991 0.296318 0.272869 0.256967 0.276420 0.253892 0.202440 0.191286 
192837465
