1200.000000
160.000000
120
16
1
0.500000
2
2
0
0.163023 0.172464 0.138430 0.197237 0.209547 0.257523 0.222860 0.196376 0.194036 0.166990 0.121786 0.122557 0.148345 0.190911 0.208883 0.279084 0.237902 0.175321 0.148993 0.185873 0.136247 0.153745 0.195739 0.165211 0.147770 0.176012 0.205703 0.186037 0.170680 0.153881 0.189061 0.190232 0.153559 0.110167 0.158186 0.185620 0.166879 0.165339 0.207319 0.244575 0.256686 0.230867 0.248001 0.209888 0.213123 0.249605 0.342879 0.329118 0.372230 0.310876 0.285131 0.341914 0.329596 0.294192 0.252107 0.314407 0.299779 0.323047 0.301849 0.316020 0.348117 0.325195 0.377087 0.361711 0.320267 0.294119 0.271318 0.216222 0.244321 0.203767 0.182181 0.220003 0.286080 0.279223 0.327264 0.292224 0.231690 0.232716 0.199544 0.156809 0.177157 0.186236 0.247381 0.249721 0.224010 0.255207 0.276326 0.214109 0.221056 0.263531 0.300399 0.246184 0.220729 0.220578 0.207150 0.223281 0.215454 0.222471 0.238395 0.174140 0.192862 0.201726 0.204504 0.206947 0.202880 0.191637 0.226110 0.241361 0.240050 0.283775 0.247905 0.230301 0.279426 0.248927 0.209000 0.256746 0.294726 0.276157 0.264858 0.256712 
192837465
1
0.186618 0.210407 0.162928 0.210926 0.211330 0.195507 0.201650 0.229004 0.230541 0.180324 0.176501 0.230110 0.181939 0.242518 0.252135 0.259786 0.256463 0.250887 0.255258 0.255594 0.127579 0.132951 0.176757 0.204992 0.181479 0.248441 0.211951 0.197926 0.221032 0.128903 0.152956 0.189166 0.162844 0.145266 0.219565 0.209273 0.217966 0.202546 0.236270 0.251094 0.272885 0.259025 0.291803 0.239396 0.274286 0.295268 0.350644 0.372164 0.393298 0.392555 0.394278 0.383122 0.375292 0.368246 0.297536 0.303886 0.271086 0.231893 0.243160 0.294634 0.299455 0.313241 0.330421 0.320681 0.343777 0.334262 0.262278 0.301696 0.278129 0.307420 0.314582 0.233862 0.184413 0.181786 0.256115 0.289054 0.250614 0.172993 0.204103 0.193896 0.165919 0.195002 0.211424 0.259162 0.268839 0.255842 0.201309 0.224962 0.229794 0.204685 0.145284 0.178326 0.170862 0.166027 0.207685 0.173624 0.195295 0.230294 0.202280 0.263685 0.271276 0.236333 0.214440 0.218834 0.284953 0.244824 0.150936 0.155997 0.151805 0.167837 0.198842 0.250906 0.272857 0.262464 0.301255 0.286673 0.300335 0.312994 0.253692 0.251185 
192837465
2
0.297789 0.269901 0.272538 0.337280 0.318280 0.284043 0.271633 0.239658 0.227734 0.200906 0.162437 0.207889 0.299201 0.280502 0.264124 0.270987 0.299688 0.272438 0.291476 0.289521 0.201062 0.152572 0.208698 0.257304 0.254028 0.278220 0.257781 0.276412 0.215510 0.205630 0.264981 0.246280 0.238493 0.264429 0.303195 0.311419 0.261693 0.212016 0.191296 0.232853 0.272187 0.235430 0.257762 0.291993 0.270401 0.368724 0.307035 0.369382 0.367864 0.368459 0.372924 0.392528 0.456391 0.459329 0.400825 0.348209 0.333550 0.298422 0.261377 0.221864 0.307981 0.326060 0.317755 0.282097 0.197406 0.243425 0.251986 0.361640 0.349354 0.345674 0.374294 0.327677 0.327295 0.251842 0.304513 0.251091 0.243964 0.213084 0.237523 0.247105 0.203330 0.161238 0.201854 0.242139 0.288348 0.211917 0.283701 0.299725 0.243416 0.194879 0.101732 0.160817 0.181344 0.215764 0.241210 0.195606 0.230529 0.187179 0.237674 0.271665 0.301676 0.252568 0.245795 0.200071 0.167283 0.215665 0.202149 0.258031 0.156253 0.142279 0.199226 0.269082 0.277185 0.329583 0.376486 0.351232 0.330997 0.343577 0.354775 0.360320 
192837465
3
0.339532 0.394133 0.342343 0.351365 0.328965 0.341116 0.299695 0.296518 0.249655 0.226601 0.182467 0.220261 0.255685 0.278780 0.267336 0.264564 0.243835 0.234862 0.209668 0.215848 0.214265 0.219715 0.209658 0.235583 0.235881 0.293886 0.306724 0.344805 0.334482 0.280055 0.334214 0.356378 0.337785 0.356175 0.353152 0.326444 0.313920 0.272742 0.309139 0.275579 0.322377 0.291756 0.289004 0.311181 0.321850 0.323772 0.315478 0.264818 0.324778 0.415260 0.422410 0.412378 0.414142 0.372086 0.373143 0.300312 0.308795 0.332475 0.286761 0.267195 0.274231 0.301528 0.302141 0.284145 0.269941 0.196897 0.276216 0.352781 0.320994 0.348203 0.291841 0.299530 0.290281 0.201385 0.219353 0.201701 0.215802 0.186528 0.174610 0.205404 0.211606 0.224373 0.186506 0.227186 0.260240 0.266946 0.245594 0.188105 0.243507 0.131054 0.148745 0.182495 0.153984 0.231762 0.230474 0.217006 0.189326 0.239851 0.203592 0.262891 0.283340 0.258596 0.267696 0.247902 0.223772 0.205242 0.175100 0.157311 0.201207 0.227127 0.230948 0.290376 0.310289 0.352455 0.326672 0.321532 0.367982 0.368381 0.318249 0.336682 
192837465
4
0.372843 0.459878 0.479350 0.408923 0.380293 0.409555 0.417331 0.384780 0.297743 0.288796 0.297627 0.286644 0.327073 0.277887 0.231403 0.200062 0.223024 0.255318 0.289060 0.241063 0.234930 0.218747 0.214262 0.262640 0.279858 0.332874 0.337523 0.378441 0.368228 0.358903 0.295880 0.363485 0.383714 0.345387 0.344403 0.347496 0.312519 0.305185 0.331104 0.310090 0.268652 0.306084 0.361888 0.363258 0.416626 0.349700 0.325051 0.369976 0.355752 0.443556 0.369717 0.329791 0.379886 0.354740 0.305433 0.305207 0.317889 0.303523 0.281035 0.267683 0.303382 0.288528 0.298980 0.232109 0.206813 0.266066 0.250475 0.280976 0.314070 0.317830 0.256900 0.253497 0.182883 0.143361 0.164584 0.135340 0.194911 0.155357 0.155030 0.164888 0.237723 0.235977 0.230670 0.209778 0.274572 0.251240 0.238408 0.175279 0.238407 0.274007 0.223671 0.198164 0.199599 0.172190 0.151912 0.189812 0.146218 0.151731 0.116748 0.183684 0.154762 0.217258 0.229397 0.191825 0.181680 0.171687 0.150694 0.200166 0.268849 0.305284 0.322116 0.305567 0.350902 0.323125 0.318455 0.332744 0.368049 0.355047 0.275384 0.280684 
192837465
5
0.408796 0.427351 0.440666 0.425669 0.387221 0.408695 0.385820 0.327493 0.334499 0.338699 0.347529 0.340964 0.312964 0.291066 0.235606 0.251320 0.252337 0.218621 0.173838 0.240875 0.236315 0.229795 0.190157 0.210818 0.268977 0.255490 0.327369 0.315769 0.335127 0.300429 0.278374 0.335929 0.366325 0.345231 0.345186 0.348053 0.337959 0.304886 0.213531 0.289143 0.326170 0.357386 0.342840 0.343356 0.344853 0.327000 0.338626 0.258231 0.284273 0.267321 0.329253 0.296892 0.314400 0.311088 0.312298 0.307042 0.359725 0.345615 0.335556 0.348627 0.348077 0.312289 0.274637 0.260108 0.204545 0.213897 0.233155 0.246387 0.188152 0.207407 0.233906 0.192158 0.226247 0.289415 0.279213 0.218391 0.236709 0.206597 0.174810 0.162648 0.115770 0.132986 0.180155 0.216946 0.269005 0.249555 0.229362 0.169354 0.198807 0.185973 0.227785 0.227449 0.243449 0.224517 0.179184 0.161132 0.153827 0.189944 0.191067 0.208759 0.200614 0.194716 0.231177 0.214488 0.151595 0.196236 0.209619 0.253266 0.247859 0.304365 0.276141 0.315205 0.314801 0.313494 0.315435 0.266966 0.274827 0.266878 0.269135 0.266512 
192837465
6
0.431450 0.368392 0.359522 0.336627 0.328838 0.258108 0.262210 0.281455 0.316020 0.309787 0.331709 0.351090 0.338831 0.337481 0.298553 0.310931 0.280790 0.316240 0.308016 0.284541 0.239977 0.223368 0.198440 0.212104 0.254640 0.209329 0.312871 0.284447 0.277599 0.364241 0.368952 0.360917 0.401797 0.365509 0.349834 0.314903 0.309720 0.318092 0.369204 0.343420 0.359847 0.337608 0.332452 0.369175 0.365041 0.331228 0.327246 0.375063 0.315985 0.349693 0.355158 0.351297 0.322684 0.362123 0.370096 0.338750 0.323158 0.347654 0.342092 0.286641 0.281639 0.302314 0.248366 0.231268 0.218582 0.198577 0.235380 0.241632 0.223478 0.158764 0.201895 0.196318 0.259372 0.264384 0.307885 0.250824 0.238576 0.302717 0.301849 0.241770 0.207674 0.205310 0.246065 0.189245 0.240816 0.283408 0.230475 0.222879 0.274995 0.270942 0.228884 0.236517 0.242541 0.237904 0.216020 0.168407 0.147599 0.163489 0.198208 0.172549 0.253279 0.213567 0.227156 0.231224 0.282792 0.249358 0.206489 0.266832 0.265288 0.377694 0.291905 0.279568 0.242274 0.251976 0.245324 0.263193 0.263534 0.277265 0.259949 0.271787 
192837465
7
0.343046 0.338852 0.324204 0.256784 0.218416 0.262009 0.258224 0.280416 0.302929 0.293330 0.295243 0.352732 0.286047 0.372054 0.384133 0.354416 0.391341 0.315086 0.297546 0.288351 0.271833 0.269661 0.213515 0.244811 0.268113 0.286831 0.319147 0.281122 0.273842 0.331372 0.391497 0.377921 0.388233 0.374468 0.287660 0.296961 0.285113 0.323195 0.315908 0.347433 0.336772 0.322465 0.333439 0.402534 0.374029 0.347080 0.405094 0.340822 0.330888 0.347080 0.392675 0.361959 0.371543 0.392499 0.387254 0.376686 0.322493 0.293702 0.206590 0.170248 0.195958 0.217284 0.231452 0.273584 0.212892 0.213705 0.242907 0.262058 0.239685 0.194797 0.221388 0.239904 0.315128 0.295419 0.288191 0.324387 0.289823 0.243990 0.237507 0.283881 0.256335 0.270154 0.245245 0.266373 0.256606 0.250336 0.240634 0.269111 0.207688 0.247011 0.265488 0.258531 0.213115 0.211836 0.181295 0.210339 0.224642 0.208644 0.178102 0.169325 0.158522 0.146197 0.232222 0.245012 0.187083 0.138717 0.145366 0.182878 0.235350 0.272489 0.219091 0.183292 0.150689 0.205761 0.201208 0.255318 0.279311 0.297584 0.288741 0.304710 
192837465
8
0.286455 0.277155 0.286342 0.216876 0.172773 0.230048 0.219704 0.251744 0.280099 0.256091 0.282592 0.354763 0.353600 0.274251 0.316788 0.339390 0.350173 0.310720 0.297741 0.291236 0.327235 0.258712 0.222843 0.229581 0.221264 0.177390 0.257222 0.252432 0.255817 0.299842 0.312918 0.300497 0.315966 0.244727 0.284090 0.279087 0.334688 0.346037 0.361149 0.337774 0.308507 0.363042 0.369683 0.375699 0.391839 0.339841 0.346669 0.278148 0.302492 0.305445 0.333868 0.319136 0.280362 0.297121 0.320190 0.347380 0.337017 0.250667 0.234323 0.213635 0.232373 0.217393 0.239782 0.257240 0.241850 0.173392 0.143082 0.216711 0.271496 0.269539 0.236149 0.233361 0.263705 0.236616 0.339865 0.356371 0.319136 0.257310 0.217611 0.267097 0.256648 0.254370 0.245007 0.269886 0.278334 0.262490 0.333217 0.334497 0.237023 0.209386 0.211501 0.234351 0.231888 0.202408 0.216854 0.239421 0.230499 0.195709 0.189479 0.166763 0.132140 0.157575 0.188239 0.181678 0.172987 0.104518 0.116846 0.128258 0.182754 0.170878 0.202040 0.153639 0.195359 0.239531 0.234798 0.283343 0.298775 0.390376 0.322183 0.282879 
192837465
9
0.217311 0.232103 0.265992 0.277791 0.240646 0.252443 0.242100 0.261300 0.269676 0.303533 0.288120 0.319500 0.365612 0.311223 0.270779 0.259173 0.315177 0.305732 0.257524 0.239166 0.248920 0.264694 0.241555 0.208644 0.207407 0.235468 0.240880 0.283216 0.339403 0.344240 0.295449 0.269094 0.262714 0.295332 0.214599 0.297837 0.284605 0.333304 0.318584 0.341130 0.410416 0.390669 0.384312 0.296427 0.339946 0.328238 0.301881 0.302985 0.314103 0.285753 0.304031 0.249593 0.254326 0.291912 0.275115 0.313081 0.295186 0.214095 0.194618 0.231502 0.245687 0.221408 0.213689 0.213417 0.258051 0.176057 0.168497 0.218706 0.242695 0.233626 0.198267 0.156154 0.197230 0.230512 0.214753 0.268988 0.280577 0.247972 0.253225 0.241388 0.255692 0.198383 0.219130 0.190319 0.191115 0.235361 0.265039 0.266278 0.276472 0.247549 0.264803 0.238432 0.225159 0.236712 0.266368 0.265220 0.177395 0.161274 0.128400 0.175000 0.147566 0.193755 0.193205 0.224285 0.183594 0.123727 0.108366 0.076922 0.120865 0.113544 0.125859 0.149188 0.156968 0.170268 0.191216 0.229163 0.293352 0.308477 0.254254 0.295270 
192837465
10
0.264568 0.213758 0.279508 0.290965 0.258180 0.227965 0.259143 0.311364 0.299374 0.250126 0.308025 0.314646 0.331767 0.347187 0.343333 0.340944 0.316575 0.277945 0.260846 0.248630 0.207608 0.207913 0.175875 0.217092 0.184094 0.223735 0.183467 0.238113 0.267895 0.288335 0.287957 0.248944 0.258253 0.233013 0.214277 0.226223 0.283929 0.263304 0.317392 0.366876 0.368209 0.319462 0.341399 0.332175 0.263406 0.257327 0.313262 0.374717 0.337924 0.296411 0.267813 0.336238 0.277512 0.162089 0.186303 0.252878 0.253943 0.230806 0.262695 0.248064 0.287066 0.250350 0.204570 0.169299 0.188012 0.183210 0.192516 0.270968 0.284946 0.301010 0.305132 0.225158 0.244294 0.224977 0.223812 0.168919 0.192217 0.199753 0.217427 0.238460 0.214489 0.154033 0.157219 0.191765 0.208229 0.213621 0.144097 0.251542 0.235179 0.200316 0.218215 0.208297 0.186986 0.178341 0.169968 0.243109 0.184464 0.220909 0.221392 0.175768 0.167509 0.185353 0.162912 0.157104 0.149624 0.118335 0.113782 0.158870 0.133161 0.088866 0.133889 0.155629 0.159538 0.154160 0.191379 0.224772 0.259444 0.261890 0.284236 0.286811 
192837465
11
0.245932 0.246683 0.224921 0.176046 0.227809 0.240499 0.207162 0.262940 0.270026 0.255088 0.318201 0.321874 0.322399 0.287572 0.323006 0.279886 0.273691 0.290257 0.302221 0.252181 0.314092 0.302870 0.262695 0.208504 0.242093 0.203277 0.233399 0.224614 0.195243 0.199661 0.210024 0.244201 0.279753 0.285643 0.278330 0.310139 0.237729 0.252889 0.298679 0.313175 0.336359 0.284990 0.316897 0.351551 0.358108 0.338500 0.351946 0.336296 0.321148 0.305093 0.306397 0.282453 0.270827 0.212602 0.167419 0.141445 0.143558 0.195245 0.199543 0.261875 0.145436 0.174047 0.202312 0.170032 0.165069 0.188656 0.184356 0.222184 0.264204 0.242683 0.240991 0.248365 0.246360 0.230777 0.215428 0.179739 0.169400 0.183429 0.230969 0.234568 0.166854 0.137372 0.116417 0.106224 0.180304 0.207581 0.188025 0.191805 0.186252 0.160552 0.179472 0.184207 0.182549 0.192886 0.164998 0.162462 0.165383 0.193947 0.168410 0.207090 0.158339 0.152269 0.162979 0.107434 0.094047 0.084811 0.077726 0.126905 0.074933 0.056562 0.095209 0.106516 0.092803 0.137852 0.148810 0.224423 0.230805 0.258046 0.309541 0.319095 
192837465
12
0.217116 0.231532 0.206363 0.219196 0.200611 0.193594 0.242393 0.213650 0.196065 0.260579 0.316536 0.370817 0.352492 0.330430 0.301124 0.297964 0.294249 0.274018 0.292130 0.305768 0.367333 0.352597 0.274905 0.170026 0.211910 0.268243 0.184156 0.138101 0.122571 0.123758 0.197118 0.171943 0.192825 0.259296 0.271839 0.280200 0.261690 0.286208 0.288013 0.309896 0.287587 0.293652 0.287317 0.341561 0.354844 0.321263 0.298743 0.305514 0.273032 0.292444 0.249548 0.255626 0.259280 0.177095 0.135720 0.106760 0.175807 0.187718 0.223375 0.200161 0.213355 0.209999 0.276860 0.262932 0.248434 0.248288 0.216069 0.181799 0.201364 0.223638 0.254768 0.266750 0.260118 0.263968 0.286843 0.224299 0.180810 0.202152 0.226259 0.263420 0.232447 0.249746 0.192137 0.205124 0.232687 0.245627 0.226011 0.179599 0.240538 0.268041 0.255841 0.252696 0.204065 0.206395 0.160046 0.188509 0.245591 0.272759 0.233485 0.191619 0.175957 0.153494 0.128008 0.096118 0.081720 0.011873 0.028359 0.046294 0.034622 0.057084 0.089474 0.101365 0.154197 0.135522 0.206317 0.243184 0.228410 0.250508 0.324917 0.357402 
192837465
13
0.183739 0.141956 0.151654 0.125394 0.143166 0.171723 0.241613 0.196211 0.238437 0.207929 0.227774 0.330827 0.317270 0.262872 0.251994 0.267893 0.253242 0.254823 0.359633 0.308376 0.311206 0.287774 0.222049 0.243741 0.177926 0.166531 0.131022 0.092399 0.109592 0.103071 0.118294 0.151452 0.167174 0.198399 0.220711 0.274695 0.284494 0.257917 0.295422 0.326430 0.291103 0.305919 0.302379 0.367782 0.353285 0.315896 0.253030 0.284769 0.280980 0.239348 0.244922 0.239173 0.189724 0.226023 0.234731 0.252545 0.311558 0.278438 0.227350 0.203930 0.223648 0.256020 0.234721 0.256565 0.218845 0.263228 0.257913 0.269309 0.264148 0.191464 0.317161 0.339718 0.295916 0.290908 0.218470 0.192233 0.150694 0.131638 0.161030 0.250278 0.250933 0.252739 0.195212 0.220512 0.223034 0.224825 0.266501 0.255919 0.309037 0.248241 0.278747 0.282190 0.236779 0.221927 0.227970 0.245846 0.217968 0.169804 0.214751 0.198638 0.176473 0.129685 0.139409 0.136216 0.140467 0.083822 0.048484 0.038289 0.065787 0.059451 0.107685 0.171178 0.231895 0.210643 0.155112 0.160847 0.206315 0.286152 0.276340 0.252936 
192837465
14
0.159881 0.147067 0.149314 0.103198 0.137886 0.176937 0.208227 0.265128 0.274563 0.222241 0.289601 0.302509 0.292439 0.314037 0.336583 0.317749 0.369324 0.324349 0.280018 0.285765 0.271653 0.272580 0.179638 0.204682 0.190124 0.098452 0.134667 0.084152 0.091364 0.114450 0.154571 0.179077 0.177424 0.213238 0.218795 0.258648 0.284561 0.249369 0.283856 0.252299 0.274352 0.263798 0.282683 0.291937 0.303267 0.312029 0.256458 0.288837 0.301530 0.295822 0.282321 0.256089 0.229526 0.177441 0.244321 0.266632 0.207555 0.184917 0.182350 0.206945 0.251646 0.242944 0.266654 0.317816 0.290725 0.347602 0.372162 0.298526 0.338892 0.358340 0.365781 0.369716 0.334928 0.286241 0.238920 0.186952 0.165233 0.118795 0.186496 0.158139 0.172835 0.202766 0.216467 0.177728 0.183377 0.229400 0.228294 0.238738 0.202988 0.242340 0.226266 0.270903 0.236624 0.227365 0.248000 0.187613 0.135994 0.113369 0.124489 0.183787 0.186862 0.191661 0.146632 0.140785 0.161002 0.090688 0.055885 0.084038 0.099710 0.050662 0.108572 0.168875 0.236779 0.165205 0.186980 0.174197 0.193635 0.264760 0.290543 0.280321 
192837465
15
0.184320 0.146401 0.151813 0.172596 0.203629 0.194958 0.250767 0.280433 0.271523 0.304813 0.307713 0.356288 0.408583 0.369700 0.394118 0.385313 0.389253 0.363819 0.293873 0.220618 0.217929 0.205953 0.196815 0.165169 0.148468 0.076858 0.075640 0.121127 0.089388 0.128442 0.157069 0.127357 0.105696 0.125554 0.148550 0.209915 0.240907 0.217671 0.211368 0.156865 0.183463 0.125867 0.195590 0.244029 0.271088 0.297509 0.246685 0.272815 0.301155 0.295283 0.277724 0.262594 0.314165 0.287262 0.307023 0.328305 0.282507 0.247736 0.212200 0.228829 0.281989 0.299224 0.291277 0.299586 0.346160 0.342845 0.398075 0.394471 0.405476 0.362584 0.329511 0.291765 0.302617 0.309286 0.274688 0.247633 0.247888 0.211325 0.194422 0.201804 0.170525 0.156182 0.163277 0.199184 0.218795 0.172937 0.174489 0.222754 0.236524 0.241441 0.244086 0.264625 0.266460 0.217976 0.185855 0.181906 0.196895 0.224538 0.205831 0.218793 0.176645 0.170750 0.210608 0.199097 0.212068 0.152112 0.121149 0.131213 0.107368 0.126388 0.166712 0.222245 0.261984 0.220021 0.223370 0.202787 0.171762 0.271433 0.278780 0.287723 
192837465
