1200.000000
160.000000
120
16
1
0.500000
2
2
0
0.213900 0.227433 0.292348 0.307681 0.320712 0.335183 0.300812 0.307610 0.264686 0.286745 0.270314 0.256718 0.288640 0.302255 0.247844 0.277383 0.220796 0.179677 0.188255 0.221952 0.204855 0.180626 0.257676 0.335153 0.275273 0.325270 0.273985 0.293118 0.353666 0.351680 0.307043 0.230604 0.279856 0.218029 0.166277 0.223719 0.221128 0.235019 0.224466 0.251779 0.232257 0.303319 0.261262 0.313215 0.298328 0.331065 0.324173 0.278512 0.321849 0.336817 0.365621 0.356421 0.379135 0.328090 0.328244 0.338020 0.283158 0.306081 0.260283 0.181587 0.189769 0.178700 0.127010 0.160150 0.190908 0.202114 0.199010 0.247994 0.276459 0.236542 0.243998 0.228567 0.232967 0.188386 0.206660 0.258684 0.252363 0.249885 0.205852 0.274541 0.223967 0.246282 0.251878 0.217243 0.192287 0.169195 0.271619 0.225504 0.206852 0.279976 0.258345 0.299980 0.282946 0.249102 0.251650 0.225545 0.276203 0.296422 0.304767 0.237635 0.284283 0.348073 0.342895 0.380811 0.418196 0.403516 0.412399 0.379026 0.338508 0.290123 0.245883 0.260484 0.269871 0.314187 0.329870 0.318304 0.319407 0.361098 0.339146 0.383768 
192837465
1
0.393617 0.373019 0.337130 0.279633 0.358079 0.357685 0.305093 0.332470 0.221974 0.163913 0.214872 0.238722 0.333302 0.348499 0.353304 0.224567 0.215679 0.252996 0.219020 0.210747 0.177036 0.259229 0.286049 0.289710 0.352614 0.416536 0.449818 0.379281 0.302588 0.317846 0.301409 0.251229 0.226695 0.210256 0.190655 0.210277 0.242593 0.228652 0.194223 0.230976 0.247693 0.238271 0.292661 0.305664 0.322514 0.353199 0.322779 0.319809 0.306900 0.362778 0.397679 0.380261 0.317536 0.289824 0.247327 0.278862 0.259797 0.283596 0.246812 0.232794 0.178805 0.218974 0.205263 0.211451 0.180489 0.189475 0.214006 0.274606 0.248553 0.241412 0.227931 0.168982 0.209393 0.207922 0.241920 0.265703 0.287445 0.295436 0.251580 0.226587 0.182964 0.258712 0.213506 0.193147 0.156633 0.164344 0.279281 0.265210 0.202095 0.223453 0.223027 0.205856 0.262473 0.250059 0.270050 0.259723 0.279549 0.274264 0.293544 0.286738 0.307374 0.344558 0.402959 0.287927 0.407694 0.355573 0.343704 0.312638 0.292086 0.324509 0.322975 0.309866 0.283546 0.325907 0.359858 0.406297 0.392941 0.371817 0.353346 0.347441 
192837465
2
0.424061 0.376645 0.361927 0.342669 0.331768 0.381843 0.346094 0.290311 0.250572 0.204702 0.231525 0.225894 0.286063 0.312868 0.266522 0.287267 0.253098 0.243796 0.213408 0.221666 0.216286 0.253221 0.310040 0.269792 0.284340 0.317906 0.390865 0.364929 0.338692 0.295761 0.344321 0.297444 0.198341 0.229323 0.185687 0.256270 0.221771 0.219535 0.233722 0.266664 0.259693 0.275590 0.306242 0.327829 0.303678 0.282436 0.286096 0.326456 0.306297 0.297039 0.292961 0.331965 0.363603 0.303057 0.334942 0.352722 0.277938 0.212471 0.146205 0.181634 0.201002 0.210770 0.164593 0.073873 0.149545 0.133382 0.142319 0.202607 0.237439 0.224539 0.158898 0.174853 0.225768 0.268916 0.246207 0.276814 0.275639 0.270769 0.254129 0.194892 0.223768 0.245395 0.218731 0.240300 0.225880 0.234711 0.203449 0.199521 0.236528 0.176727 0.164674 0.160978 0.208531 0.166461 0.168135 0.202881 0.260977 0.210465 0.279615 0.308306 0.352841 0.418928 0.384820 0.427313 0.436670 0.466442 0.445073 0.364809 0.399938 0.362623 0.352016 0.349146 0.280468 0.300475 0.304127 0.365759 0.404874 0.388644 0.366877 0.269252 
192837465
3
0.343410 0.333592 0.295815 0.275126 0.278631 0.290426 0.317453 0.315574 0.290656 0.255213 0.271367 0.222861 0.236340 0.288959 0.279788 0.274035 0.247429 0.225899 0.266046 0.211820 0.235086 0.211380 0.217107 0.280431 0.379229 0.385030 0.276996 0.266547 0.298349 0.297977 0.332101 0.322152 0.270146 0.226242 0.209151 0.244073 0.254771 0.241525 0.250687 0.265126 0.335429 0.302563 0.288361 0.233745 0.279616 0.263205 0.255320 0.262168 0.249487 0.261655 0.205974 0.251654 0.297305 0.271802 0.255813 0.233404 0.188863 0.164413 0.179394 0.170816 0.172793 0.168615 0.150572 0.163179 0.159512 0.173989 0.150357 0.174176 0.220102 0.202108 0.186323 0.142099 0.192284 0.201818 0.244056 0.207600 0.246199 0.239323 0.289562 0.288096 0.252804 0.225354 0.199472 0.169619 0.189012 0.179806 0.256824 0.231874 0.205460 0.192284 0.210749 0.148069 0.141718 0.137622 0.165294 0.231089 0.165855 0.236780 0.184108 0.197732 0.268617 0.309597 0.289767 0.301843 0.383097 0.302321 0.316339 0.282415 0.213402 0.291123 0.287281 0.289633 0.310897 0.294163 0.213717 0.289174 0.327923 0.340409 0.331498 0.248631 
192837465
4
0.299501 0.337215 0.289034 0.236969 0.264864 0.266913 0.278716 0.301837 0.232564 0.298106 0.290591 0.254112 0.255877 0.244819 0.285228 0.247659 0.210890 0.152875 0.209170 0.179057 0.206918 0.281769 0.285463 0.244105 0.210501 0.251132 0.305367 0.293360 0.252071 0.279444 0.274265 0.298158 0.274112 0.168834 0.137251 0.209166 0.241952 0.226196 0.256284 0.284644 0.297463 0.320990 0.369131 0.336545 0.267842 0.234970 0.199056 0.206303 0.199864 0.151034 0.114052 0.144836 0.203195 0.215175 0.158845 0.142203 0.111650 0.153468 0.199807 0.210357 0.262701 0.260887 0.209679 0.241492 0.257110 0.268828 0.206543 0.171396 0.191978 0.178128 0.176860 0.193706 0.101510 0.207672 0.252344 0.237779 0.236973 0.243762 0.225589 0.242467 0.209493 0.212373 0.200679 0.237655 0.196032 0.197292 0.234263 0.236809 0.226467 0.246413 0.193346 0.201854 0.158661 0.175657 0.207253 0.231450 0.269018 0.275738 0.244619 0.225947 0.250425 0.283559 0.314075 0.354771 0.270294 0.258281 0.183537 0.130426 0.195261 0.237011 0.240989 0.241805 0.294177 0.266698 0.238995 0.251544 0.222691 0.174870 0.297351 0.280630 
192837465
5
0.237778 0.215930 0.207674 0.226895 0.241154 0.256956 0.280776 0.246967 0.256275 0.222803 0.254418 0.256841 0.301984 0.260750 0.269922 0.214473 0.246113 0.186961 0.206541 0.281869 0.265973 0.274256 0.295593 0.248657 0.262289 0.295632 0.259190 0.296331 0.239662 0.298580 0.291877 0.303052 0.265721 0.190797 0.146166 0.173972 0.183503 0.188575 0.190458 0.249235 0.294290 0.297837 0.284985 0.310765 0.232634 0.231576 0.186226 0.158779 0.189251 0.194261 0.158791 0.127613 0.126385 0.171348 0.202262 0.156985 0.155853 0.148260 0.188722 0.260783 0.273514 0.240429 0.238973 0.312001 0.256801 0.286395 0.203728 0.191362 0.176710 0.160683 0.135650 0.098031 0.153844 0.163566 0.199715 0.224379 0.250226 0.225972 0.207546 0.229080 0.205618 0.191092 0.174374 0.176613 0.176691 0.172924 0.183938 0.166347 0.168934 0.183573 0.270463 0.273532 0.213965 0.225984 0.258618 0.313831 0.268180 0.267544 0.251709 0.218736 0.256199 0.173095 0.189354 0.179463 0.171632 0.136492 0.222877 0.134971 0.189872 0.258840 0.252798 0.256025 0.280239 0.311388 0.345317 0.286303 0.301300 0.300434 0.300595 0.265675 
192837465
6
0.182661 0.164974 0.187754 0.187207 0.185152 0.132677 0.265609 0.318436 0.314853 0.273268 0.192055 0.266602 0.242044 0.257411 0.269323 0.239427 0.155449 0.164494 0.226117 0.202499 0.250806 0.310714 0.297086 0.323747 0.285450 0.303763 0.205932 0.273118 0.258350 0.263138 0.256978 0.250782 0.223671 0.236629 0.221042 0.190205 0.218809 0.266063 0.246559 0.242351 0.234411 0.317493 0.331315 0.300954 0.238056 0.226507 0.196650 0.122726 0.128714 0.229641 0.200432 0.163502 0.170930 0.173699 0.204000 0.174519 0.211326 0.200094 0.207679 0.275433 0.268700 0.238419 0.180001 0.151547 0.197385 0.189605 0.242047 0.314422 0.217770 0.202233 0.190325 0.192178 0.189294 0.189763 0.146620 0.224480 0.191934 0.186724 0.252327 0.259263 0.241283 0.208398 0.221419 0.228525 0.203879 0.201643 0.158676 0.139275 0.155515 0.184442 0.260906 0.273933 0.248201 0.239344 0.259679 0.306461 0.286901 0.268717 0.287688 0.307331 0.243168 0.227478 0.204029 0.163384 0.139447 0.072435 0.113161 0.172097 0.184934 0.213292 0.210499 0.244149 0.343346 0.381506 0.408485 0.338833 0.323657 0.303041 0.342501 0.319021 
192837465
7
0.228481 0.232849 0.204813 0.167705 0.125901 0.101502 0.137157 0.246129 0.276949 0.243255 0.249152 0.268399 0.292453 0.263910 0.271536 0.244442 0.208683 0.221423 0.249941 0.228398 0.239835 0.227206 0.236117 0.241696 0.331283 0.284849 0.280803 0.266963 0.254561 0.246429 0.146167 0.155574 0.148762 0.156837 0.185756 0.161957 0.174619 0.265097 0.273228 0.175652 0.217967 0.265827 0.268650 0.242392 0.240749 0.169958 0.218395 0.198835 0.202691 0.233818 0.242547 0.251005 0.183792 0.230555 0.176322 0.228883 0.264746 0.270985 0.320574 0.318748 0.294138 0.228456 0.220078 0.245793 0.138806 0.101828 0.161681 0.250566 0.258656 0.267961 0.257695 0.274603 0.283779 0.255740 0.223347 0.180638 0.167630 0.154354 0.184855 0.177853 0.139958 0.154958 0.180477 0.204837 0.156191 0.194651 0.188655 0.264383 0.224711 0.264982 0.251929 0.301432 0.296025 0.218080 0.278607 0.346877 0.366238 0.383352 0.401995 0.354074 0.273159 0.215630 0.127005 0.150113 0.093121 0.086945 0.172680 0.117451 0.196740 0.222468 0.235557 0.332928 0.435762 0.364779 0.350965 0.362126 0.292242 0.249315 0.304302 0.324391 
192837465
8
0.325558 0.293135 0.250303 0.209232 0.167543 0.202866 0.204229 0.232409 0.240590 0.257747 0.211491 0.251062 0.246329 0.251912 0.225188 0.227658 0.228755 0.242642 0.248668 0.257656 0.213716 0.267677 0.298988 0.304547 0.278714 0.250946 0.288946 0.232120 0.245448 0.257663 0.153591 0.116371 0.116641 0.179616 0.181080 0.192448 0.143106 0.169879 0.187415 0.231209 0.223759 0.246460 0.262475 0.264564 0.243526 0.258057 0.216902 0.166009 0.150169 0.223816 0.134336 0.202472 0.251069 0.229443 0.223214 0.229474 0.220507 0.270029 0.229368 0.253835 0.288172 0.254532 0.183563 0.170849 0.186115 0.268140 0.291004 0.257615 0.254142 0.283639 0.284439 0.315081 0.224952 0.238630 0.251070 0.166416 0.118352 0.146512 0.214969 0.192761 0.193947 0.210248 0.194596 0.212738 0.214733 0.214185 0.237069 0.235014 0.251171 0.217890 0.234737 0.234879 0.238955 0.230815 0.300008 0.278589 0.367447 0.328938 0.347056 0.378160 0.317948 0.205887 0.236165 0.199823 0.225369 0.183961 0.190542 0.137236 0.153473 0.203820 0.251312 0.324860 0.381435 0.386985 0.386859 0.417498 0.272072 0.268718 0.288691 0.305047 
192837465
9
0.431349 0.344083 0.270109 0.248110 0.254608 0.325882 0.244836 0.265963 0.224743 0.252757 0.206136 0.242877 0.211779 0.246866 0.239299 0.271197 0.278810 0.251712 0.246343 0.176238 0.198659 0.283695 0.200114 0.187126 0.296467 0.217561 0.188917 0.217631 0.227932 0.231913 0.252354 0.174040 0.162937 0.088749 0.134387 0.144723 0.220129 0.228630 0.258854 0.297878 0.344933 0.299508 0.237357 0.275667 0.305601 0.233608 0.163195 0.121537 0.170431 0.195303 0.165491 0.166749 0.206498 0.152921 0.160415 0.150083 0.185283 0.267666 0.245070 0.248602 0.219312 0.233589 0.173448 0.200928 0.214876 0.229336 0.263082 0.198376 0.156586 0.210645 0.268889 0.268724 0.234397 0.186999 0.210665 0.119354 0.192787 0.233811 0.238111 0.213925 0.158456 0.212818 0.172565 0.238085 0.249863 0.227950 0.231254 0.285538 0.269578 0.233367 0.217145 0.177429 0.224990 0.293311 0.216700 0.269324 0.293122 0.341267 0.348578 0.296739 0.254882 0.190417 0.219428 0.205252 0.235019 0.178844 0.207101 0.163917 0.213577 0.256262 0.257491 0.350957 0.377234 0.399764 0.478513 0.399337 0.320417 0.384533 0.322785 0.349279 
192837465
10
0.410302 0.326491 0.331751 0.318583 0.312318 0.321285 0.211748 0.158187 0.258106 0.252320 0.221586 0.249715 0.256039 0.165064 0.176996 0.241679 0.274995 0.305573 0.254859 0.281382 0.277611 0.236673 0.283965 0.292463 0.279355 0.269823 0.291784 0.309662 0.299790 0.196245 0.160815 0.100290 0.192898 0.205020 0.195682 0.226201 0.231613 0.207045 0.268260 0.329300 0.338452 0.319203 0.335730 0.327458 0.275740 0.229194 0.173023 0.169266 0.210677 0.192847 0.233147 0.251498 0.232686 0.173646 0.180202 0.176673 0.141934 0.200270 0.195421 0.201704 0.170906 0.075459 0.123982 0.108308 0.194546 0.209687 0.229809 0.131552 0.134084 0.211323 0.227035 0.214441 0.180406 0.130211 0.076494 0.059615 0.182491 0.221414 0.216428 0.186171 0.157378 0.165126 0.319086 0.237514 0.187154 0.176245 0.157879 0.148194 0.225318 0.224624 0.270721 0.244289 0.196028 0.179908 0.204704 0.276322 0.285502 0.311182 0.321380 0.335228 0.319413 0.339836 0.284450 0.269397 0.237313 0.214735 0.235720 0.256560 0.250595 0.210267 0.232564 0.311540 0.288045 0.293160 0.392412 0.409862 0.356056 0.384283 0.442137 0.417074 
192837465
11
0.422902 0.346432 0.365573 0.348576 0.287809 0.233959 0.214337 0.221978 0.195281 0.242878 0.235401 0.244145 0.237026 0.238801 0.284332 0.286693 0.237315 0.276476 0.250491 0.333832 0.322435 0.253036 0.259028 0.271999 0.343798 0.270420 0.260187 0.287846 0.248010 0.202558 0.162289 0.136434 0.204217 0.177648 0.182420 0.219304 0.246020 0.191915 0.318512 0.273900 0.251664 0.287916 0.283104 0.291988 0.276661 0.205947 0.198975 0.203574 0.199647 0.246419 0.207839 0.171599 0.225964 0.225121 0.245773 0.240714 0.127220 0.165460 0.119767 0.099887 0.129267 0.135905 0.163794 0.178537 0.154474 0.217310 0.299638 0.269816 0.220179 0.206192 0.208817 0.234472 0.214632 0.207498 0.193311 0.223595 0.220685 0.222887 0.230947 0.156100 0.225062 0.280069 0.237308 0.244406 0.219473 0.137867 0.138748 0.102879 0.182435 0.144566 0.177282 0.187280 0.282922 0.230217 0.232227 0.302047 0.290756 0.255203 0.281507 0.283128 0.279067 0.294660 0.300336 0.273102 0.275323 0.211245 0.200224 0.125818 0.179981 0.199253 0.132201 0.160407 0.166284 0.207490 0.300381 0.329709 0.377363 0.387168 0.354909 0.375819 
192837465
12
0.476070 0.392978 0.325370 0.278797 0.270634 0.304309 0.251202 0.231612 0.253431 0.314870 0.282251 0.261226 0.283936 0.302969 0.261323 0.278438 0.290110 0.296208 0.298751 0.302086 0.327104 0.318132 0.366019 0.356073 0.237498 0.208325 0.304392 0.283680 0.253627 0.238677 0.170881 0.142264 0.128934 0.144791 0.163504 0.240067 0.235648 0.239636 0.212633 0.220279 0.218307 0.186259 0.175119 0.250315 0.295988 0.305393 0.262226 0.286803 0.258244 0.193709 0.203184 0.227381 0.275340 0.304852 0.313350 0.195317 0.169364 0.120361 0.169527 0.167028 0.166115 0.208498 0.232368 0.192425 0.215202 0.152310 0.177874 0.222075 0.264114 0.206402 0.139425 0.106951 0.137647 0.213764 0.204985 0.169215 0.199769 0.211742 0.196156 0.210079 0.247678 0.223560 0.213804 0.159403 0.165310 0.201644 0.174863 0.210427 0.256129 0.270838 0.251789 0.221979 0.261610 0.261401 0.279718 0.281335 0.289117 0.338695 0.337023 0.352435 0.320177 0.348771 0.318851 0.295464 0.213222 0.268672 0.261528 0.196278 0.085627 0.045548 0.082857 0.132433 0.190919 0.283682 0.309665 0.330105 0.369253 0.359682 0.350295 0.368652 
192837465
13
0.367024 0.359734 0.380160 0.328487 0.309419 0.331330 0.290564 0.301910 0.251139 0.286351 0.266837 0.229902 0.247024 0.300881 0.276107 0.290982 0.275028 0.291389 0.303496 0.284115 0.356600 0.377424 0.397112 0.286870 0.238118 0.264913 0.308324 0.279909 0.301776 0.218868 0.178133 0.185863 0.151600 0.185722 0.241257 0.242706 0.233886 0.201275 0.270069 0.278608 0.238233 0.169590 0.218215 0.237822 0.235655 0.280711 0.293476 0.286997 0.296055 0.288289 0.316645 0.271559 0.278800 0.314159 0.274793 0.204046 0.182440 0.202646 0.157127 0.261561 0.183373 0.237506 0.246895 0.203740 0.228998 0.223819 0.224061 0.248394 0.228385 0.187855 0.186293 0.131518 0.119971 0.161150 0.222194 0.190602 0.185969 0.212786 0.251065 0.265088 0.307224 0.316952 0.299661 0.230883 0.255026 0.253710 0.254862 0.295760 0.352836 0.352802 0.357098 0.240576 0.270597 0.299141 0.344802 0.343035 0.358981 0.375745 0.391846 0.346061 0.363190 0.333821 0.360576 0.275636 0.289669 0.325057 0.339751 0.341143 0.227609 0.162416 0.081644 0.021322 0.071805 0.164723 0.196664 0.203704 0.206865 0.293172 0.309303 0.389988 
192837465
14
0.437319 0.413158 0.521824 0.414022 0.395833 0.489478 0.435507 0.394042 0.340773 0.379055 0.315138 0.356140 0.347527 0.308789 0.353282 0.272055 0.299368 0.378113 0.299850 0.305337 0.341250 0.357453 0.385955 0.358030 0.305150 0.323047 0.314777 0.296516 0.283519 0.278931 0.199860 0.132210 0.148055 0.215550 0.199594 0.200812 0.285828 0.202384 0.312149 0.241116 0.241170 0.190625 0.199777 0.236245 0.284611 0.327479 0.286431 0.279734 0.298772 0.247571 0.255616 0.318570 0.332543 0.314406 0.277227 0.222373 0.191589 0.254798 0.277666 0.258721 0.249099 0.223202 0.180378 0.282633 0.236834 0.202083 0.250773 0.271425 0.245364 0.190434 0.164309 0.162928 0.171142 0.205052 0.232783 0.218264 0.242333 0.267914 0.325797 0.253355 0.203409 0.159960 0.228584 0.199423 0.148016 0.252057 0.272178 0.224889 0.248099 0.267821 0.269565 0.315107 0.305057 0.377627 0.358150 0.339624 0.349627 0.338570 0.326553 0.328087 0.264410 0.307437 0.265557 0.309335 0.317283 0.316453 0.301350 0.230910 0.208458 0.135911 0.084024 0.007500 0.040627 0.097665 0.172687 0.146802 0.194917 0.246227 0.270375 0.411179 
192837465
15
0.482109 0.460181 0.466691 0.473029 0.484696 0.461579 0.440785 0.497362 0.480731 0.413804 0.419197 0.445451 0.422675 0.397036 0.362933 0.356707 0.335863 0.363880 0.320101 0.285350 0.340734 0.401561 0.352395 0.340790 0.307135 0.334030 0.293109 0.240883 0.163205 0.142224 0.190046 0.169240 0.164559 0.234578 0.192365 0.207066 0.270944 0.262205 0.281538 0.218740 0.180914 0.225028 0.211643 0.267808 0.309819 0.294465 0.339970 0.366053 0.302206 0.360374 0.317145 0.304663 0.353017 0.348200 0.246646 0.218646 0.222479 0.233508 0.275602 0.234426 0.249936 0.226421 0.224208 0.212760 0.175098 0.240632 0.228342 0.269611 0.193448 0.221958 0.171204 0.279292 0.332595 0.374560 0.334084 0.273537 0.299043 0.256124 0.203436 0.146388 0.068676 0.071319 0.094804 0.132174 0.143716 0.197735 0.207611 0.264734 0.261548 0.260804 0.273437 0.272493 0.286183 0.304360 0.302488 0.299354 0.272155 0.286962 0.282677 0.270218 0.262092 0.313081 0.252864 0.294883 0.315833 0.276517 0.245578 0.180777 0.117790 0.103073 0.033642 0.024421 0.035399 0.043478 0.129106 0.209813 0.215346 0.179392 0.202746 0.259682 
192837465
