1200.000000
160.000000
120
16
1
0.500000
2
2
0
0.150182 0.118309 0.171205 0.208809 0.186794 0.197746 0.227548 0.297052 0.241560 0.164902 0.158994 0.165459 0.143501 0.158760 0.203974 0.242757 0.238203 0.210414 0.158612 0.196122 0.164755 0.174090 0.160769 0.178184 0.221120 0.256384 0.277803 0.252560 0.182948 0.218549 0.208627 0.135414 0.143135 0.153253 0.200495 0.184320 0.154668 0.173947 0.182001 0.193137 0.225444 0.224700 0.221903 0.220514 0.266388 0.257667 0.236931 0.253502 0.186196 0.208109 0.247998 0.278190 0.279238 0.306818 0.312614 0.310215 0.297337 0.268915 0.277687 0.259530 0.270512 0.312593 0.309810 0.306721 0.235677 0.227080 0.178418 0.218626 0.247180 0.312592 0.340765 0.362463 0.298137 0.284787 0.300246 0.319430 0.228397 0.224022 0.203296 0.192413 0.122906 0.175681 0.214617 0.207788 0.177513 0.236203 0.228024 0.242823 0.219787 0.183883 0.208400 0.260550 0.284226 0.256976 0.250107 0.326626 0.318204 0.251538 0.263893 0.188494 0.184496 0.234066 0.217262 0.216890 0.162273 0.179376 0.166719 0.157814 0.184141 0.189889 0.207122 0.240058 0.214749 0.174522 0.163227 0.153766 0.103522 0.138085 0.153026 0.161301 
192837465
1
0.219744 0.170156 0.127422 0.146572 0.129362 0.209913 0.199860 0.276956 0.223303 0.226491 0.210063 0.198402 0.181800 0.166190 0.223975 0.261784 0.213909 0.205156 0.219353 0.232912 0.223996 0.194749 0.255351 0.268387 0.272401 0.279148 0.235777 0.226382 0.194150 0.087311 0.128378 0.098270 0.134793 0.061568 0.115302 0.133848 0.105814 0.131254 0.199894 0.179870 0.260880 0.232135 0.174204 0.200920 0.199075 0.233240 0.239966 0.188848 0.207735 0.211872 0.247791 0.258385 0.331061 0.299367 0.283531 0.250642 0.259273 0.247522 0.194119 0.267976 0.230960 0.245972 0.168724 0.167655 0.189664 0.194921 0.215709 0.244345 0.258616 0.281442 0.356028 0.385849 0.337233 0.321547 0.243290 0.327074 0.320494 0.288415 0.266310 0.203819 0.224685 0.191531 0.213277 0.226432 0.197337 0.233275 0.256381 0.239338 0.226395 0.229711 0.195436 0.208320 0.261414 0.249311 0.201310 0.266319 0.298764 0.318793 0.323762 0.290283 0.235736 0.179609 0.236933 0.203786 0.174767 0.154632 0.177546 0.184476 0.149820 0.185248 0.188726 0.190825 0.200797 0.155834 0.091138 0.131125 0.148969 0.120991 0.147328 0.212601 
192837465
2
0.194776 0.165622 0.109464 0.175185 0.188625 0.177916 0.198326 0.195546 0.157860 0.208666 0.212840 0.199493 0.217835 0.240775 0.194296 0.201277 0.226310 0.238183 0.245576 0.217479 0.215454 0.246962 0.317264 0.277067 0.305876 0.293672 0.248967 0.218739 0.199676 0.232001 0.205107 0.179406 0.168089 0.118903 0.132345 0.124631 0.083459 0.055284 0.077312 0.176419 0.213851 0.226218 0.199513 0.193028 0.223570 0.194162 0.252737 0.211307 0.198584 0.243987 0.228117 0.276673 0.293325 0.296828 0.256678 0.256918 0.227519 0.280555 0.251104 0.208629 0.241105 0.206335 0.211397 0.185119 0.218153 0.259312 0.244027 0.271061 0.346906 0.340543 0.402325 0.381648 0.358646 0.278257 0.259646 0.258629 0.293138 0.273492 0.272560 0.212525 0.269555 0.283631 0.267241 0.292958 0.261352 0.224832 0.230713 0.261075 0.260949 0.261590 0.272878 0.305181 0.313268 0.213051 0.180002 0.232095 0.303582 0.312249 0.311569 0.308158 0.270815 0.317388 0.269239 0.202044 0.210307 0.193246 0.228137 0.195425 0.199473 0.191528 0.196505 0.190707 0.166979 0.180043 0.178485 0.192575 0.167922 0.224873 0.207809 0.233649 
192837465
3
0.180836 0.107415 0.115666 0.113135 0.157890 0.179299 0.225573 0.231341 0.249948 0.214630 0.213846 0.214607 0.188205 0.187280 0.189457 0.163183 0.208496 0.221149 0.214337 0.300438 0.303224 0.315781 0.338284 0.354699 0.345728 0.294644 0.274661 0.211224 0.150351 0.164949 0.144288 0.178034 0.159076 0.149480 0.119697 0.126059 0.092207 0.089797 0.090517 0.110233 0.125373 0.135533 0.150715 0.148403 0.181492 0.202494 0.205152 0.212259 0.244018 0.312580 0.244953 0.300178 0.332556 0.369156 0.320416 0.355433 0.357827 0.300926 0.279923 0.271499 0.244074 0.181576 0.157220 0.145532 0.187582 0.242365 0.289149 0.324129 0.374100 0.389301 0.382740 0.286131 0.285926 0.241205 0.259136 0.302940 0.294329 0.293367 0.265457 0.294921 0.328244 0.278502 0.316757 0.299216 0.275221 0.227017 0.245462 0.248407 0.255355 0.319036 0.316543 0.264857 0.279592 0.257125 0.246323 0.288429 0.308934 0.237842 0.205859 0.264301 0.324170 0.329998 0.279596 0.221709 0.248067 0.234149 0.211823 0.220623 0.213187 0.210855 0.200466 0.193450 0.277726 0.317917 0.288450 0.292831 0.278747 0.306016 0.274465 0.316191 
192837465
4
0.182809 0.179208 0.106803 0.133987 0.155091 0.208640 0.237007 0.243671 0.256188 0.256805 0.250565 0.181596 0.213551 0.198738 0.164083 0.174086 0.212579 0.176974 0.206861 0.288061 0.268444 0.309261 0.263493 0.260722 0.284523 0.216874 0.204362 0.191991 0.165234 0.069172 0.112288 0.161929 0.100570 0.119460 0.131745 0.131203 0.168428 0.116678 0.129598 0.141033 0.142578 0.199328 0.189451 0.210228 0.213804 0.241847 0.225052 0.223019 0.271475 0.251690 0.323638 0.346919 0.368677 0.375829 0.351701 0.395979 0.345122 0.331750 0.338932 0.279435 0.226991 0.224019 0.197212 0.211028 0.258506 0.302498 0.344687 0.381010 0.327366 0.339535 0.331673 0.299240 0.359991 0.331497 0.279629 0.190848 0.207553 0.228700 0.239616 0.226545 0.296200 0.287340 0.277346 0.182278 0.185378 0.246503 0.195331 0.225104 0.264416 0.262910 0.240591 0.246167 0.279297 0.298089 0.266948 0.277416 0.263656 0.259652 0.233308 0.223017 0.238143 0.270028 0.209314 0.237913 0.211251 0.235888 0.248395 0.203517 0.215332 0.202201 0.147894 0.175731 0.213713 0.242618 0.281756 0.281793 0.263757 0.308582 0.316534 0.388661 
192837465
5
0.214577 0.191764 0.166659 0.130172 0.200483 0.263226 0.206243 0.253690 0.249135 0.240075 0.310825 0.294179 0.265074 0.206980 0.185822 0.176087 0.210424 0.283154 0.309383 0.319054 0.313458 0.273541 0.324232 0.319117 0.258641 0.241799 0.149735 0.108882 0.094360 0.051400 0.098254 0.109329 0.131843 0.124981 0.142507 0.113871 0.157433 0.187663 0.194465 0.188776 0.219340 0.262309 0.264492 0.188717 0.181400 0.228828 0.243673 0.272269 0.258780 0.298797 0.313203 0.293061 0.304529 0.340851 0.341933 0.355495 0.332852 0.375315 0.282277 0.272500 0.296698 0.231430 0.287122 0.268046 0.303526 0.369903 0.354932 0.369601 0.362805 0.351904 0.352768 0.337308 0.331023 0.323203 0.278651 0.219426 0.239083 0.224843 0.262520 0.217716 0.280224 0.290187 0.251945 0.216941 0.152956 0.120949 0.223801 0.277844 0.242316 0.283551 0.368374 0.298333 0.261031 0.269825 0.220218 0.244104 0.212911 0.265689 0.269085 0.235381 0.208940 0.188207 0.159925 0.095975 0.091963 0.146818 0.221195 0.206448 0.177793 0.142806 0.128491 0.190047 0.194479 0.228787 0.231961 0.249448 0.233034 0.265229 0.322185 0.344809 
192837465
6
0.115679 0.105525 0.133857 0.155185 0.135314 0.221221 0.249826 0.231486 0.268818 0.335269 0.303236 0.302350 0.336385 0.304124 0.305676 0.279342 0.237248 0.287537 0.332122 0.331268 0.300416 0.300814 0.296531 0.292524 0.265762 0.221579 0.214366 0.170485 0.106622 0.101123 0.131940 0.111468 0.133108 0.128830 0.136430 0.122820 0.131175 0.133537 0.150671 0.176223 0.191567 0.192716 0.144860 0.186045 0.225278 0.169864 0.168482 0.221486 0.270875 0.298384 0.290273 0.326701 0.253267 0.233953 0.261804 0.297835 0.333649 0.262929 0.289006 0.266948 0.238390 0.302191 0.282664 0.299479 0.300820 0.263449 0.357823 0.389134 0.399610 0.415396 0.411621 0.321894 0.318850 0.301069 0.292380 0.265534 0.238755 0.269644 0.259037 0.290257 0.283695 0.264829 0.271100 0.281726 0.225970 0.171218 0.155007 0.176671 0.209100 0.257670 0.316755 0.343186 0.288270 0.207831 0.207794 0.220683 0.197737 0.221406 0.230068 0.181633 0.170282 0.161751 0.152817 0.129787 0.110859 0.152210 0.193060 0.190619 0.216634 0.227753 0.244547 0.236352 0.224264 0.164221 0.178064 0.204210 0.269200 0.287481 0.289593 0.274747 
192837465
7
0.043583 0.092378 0.082476 0.105219 0.092803 0.135355 0.175646 0.186282 0.194888 0.220470 0.291520 0.291336 0.330903 0.318918 0.285375 0.302449 0.299657 0.323834 0.256018 0.317975 0.353178 0.292855 0.307297 0.287070 0.294556 0.279852 0.170944 0.179769 0.123965 0.088106 0.134403 0.132579 0.136014 0.164369 0.154450 0.093335 0.133770 0.163095 0.212196 0.164754 0.190296 0.255179 0.244949 0.209382 0.238023 0.209439 0.223159 0.275093 0.270731 0.296321 0.270768 0.319819 0.324550 0.287438 0.247031 0.260876 0.214328 0.229133 0.231965 0.239418 0.284457 0.286625 0.286459 0.295384 0.240623 0.232030 0.231172 0.311713 0.335840 0.346702 0.387104 0.343988 0.341317 0.348631 0.368821 0.371674 0.339111 0.315631 0.274340 0.265633 0.315403 0.342429 0.309029 0.306511 0.209057 0.213740 0.225059 0.223956 0.211266 0.274159 0.298268 0.277126 0.312494 0.298995 0.291439 0.255740 0.251071 0.197465 0.181672 0.195940 0.119105 0.112360 0.070230 0.102071 0.083305 0.141540 0.201286 0.231041 0.248585 0.217309 0.269146 0.344053 0.314278 0.284591 0.305559 0.288953 0.328067 0.292557 0.294152 0.300674 
192837465
8
0.009654 0.133245 0.059723 0.060622 0.145023 0.218619 0.191065 0.190774 0.256624 0.230591 0.237507 0.265955 0.283398 0.245774 0.256622 0.281659 0.283519 0.305614 0.322730 0.295571 0.326459 0.340370 0.335489 0.304482 0.355018 0.255208 0.236171 0.193203 0.176329 0.155261 0.210122 0.224253 0.263449 0.255290 0.147504 0.151085 0.125291 0.138469 0.172049 0.258134 0.283800 0.231169 0.243210 0.251561 0.264334 0.296955 0.302180 0.309914 0.313441 0.265420 0.228286 0.200372 0.225291 0.213016 0.223484 0.184965 0.163991 0.253648 0.270714 0.232936 0.234273 0.201227 0.236805 0.256029 0.213123 0.215045 0.224165 0.247545 0.277064 0.274870 0.331062 0.306170 0.323033 0.345960 0.367800 0.363840 0.362208 0.394477 0.383825 0.381684 0.387178 0.325787 0.329571 0.338468 0.340713 0.295216 0.266400 0.250174 0.255771 0.249530 0.307557 0.354324 0.336325 0.325951 0.330144 0.272959 0.238283 0.232759 0.225415 0.254618 0.196847 0.143148 0.141306 0.127518 0.158309 0.160668 0.169548 0.233665 0.310888 0.301844 0.314586 0.323203 0.287001 0.299546 0.360200 0.363477 0.325903 0.339308 0.300078 0.310130 
192837465
9
0.175714 0.218604 0.194656 0.171147 0.207340 0.255346 0.266535 0.232157 0.262988 0.221582 0.235081 0.239667 0.232370 0.259900 0.245986 0.237873 0.234758 0.245264 0.275569 0.272180 0.271212 0.321544 0.342781 0.386750 0.326883 0.253253 0.245265 0.272703 0.217066 0.199606 0.178072 0.223900 0.256298 0.270873 0.276977 0.253164 0.195532 0.234869 0.281112 0.335024 0.355499 0.336145 0.304010 0.319755 0.307781 0.365700 0.330245 0.288742 0.305261 0.324424 0.233832 0.237184 0.212528 0.152252 0.208825 0.207584 0.211691 0.210298 0.228122 0.164816 0.183640 0.226491 0.224312 0.241701 0.232944 0.189691 0.177432 0.180561 0.247660 0.284991 0.249659 0.266695 0.284794 0.339439 0.319105 0.319177 0.336261 0.376526 0.409210 0.402136 0.405426 0.361338 0.346808 0.319623 0.314347 0.342373 0.295290 0.346393 0.325127 0.334239 0.285915 0.288852 0.273556 0.313845 0.353476 0.324914 0.294119 0.238991 0.234486 0.246522 0.255907 0.218548 0.189763 0.187301 0.179172 0.146207 0.188506 0.246928 0.309371 0.317567 0.364194 0.354083 0.326498 0.376949 0.341254 0.316991 0.321022 0.370866 0.324119 0.302758 
192837465
10
0.161097 0.213899 0.223072 0.249596 0.297598 0.268293 0.277280 0.224121 0.250723 0.237798 0.204748 0.202522 0.208620 0.208969 0.211158 0.201216 0.210836 0.243069 0.207183 0.244281 0.275247 0.303813 0.280713 0.281154 0.281219 0.273110 0.281582 0.254862 0.237344 0.239542 0.242050 0.290400 0.281337 0.294974 0.313108 0.269595 0.258385 0.249109 0.299559 0.308833 0.345667 0.301573 0.320827 0.269020 0.279934 0.389370 0.369315 0.347818 0.303160 0.328631 0.262475 0.171494 0.215636 0.218667 0.221014 0.240659 0.201237 0.153027 0.181855 0.170534 0.179657 0.192794 0.197935 0.198442 0.228980 0.238945 0.210410 0.160928 0.163813 0.280464 0.234720 0.224544 0.263900 0.297053 0.249543 0.379673 0.361322 0.383479 0.405889 0.379134 0.344291 0.324300 0.309601 0.324280 0.366846 0.346299 0.312870 0.360323 0.363936 0.442722 0.363796 0.336771 0.309349 0.351769 0.377704 0.360851 0.365927 0.361174 0.362609 0.299951 0.280511 0.223548 0.273315 0.301333 0.267868 0.279161 0.236604 0.293981 0.396093 0.384617 0.327875 0.319366 0.349146 0.307070 0.289577 0.229345 0.278115 0.325811 0.332550 0.335204 
192837465
11
0.168531 0.185420 0.190828 0.176683 0.184964 0.212803 0.222056 0.192272 0.126245 0.139052 0.200475 0.202675 0.231730 0.183828 0.197085 0.183758 0.224903 0.231443 0.262798 0.337000 0.374912 0.366762 0.274632 0.285514 0.255610 0.266951 0.317379 0.317908 0.290632 0.334624 0.315629 0.371468 0.362472 0.335884 0.363033 0.316371 0.248716 0.219453 0.228050 0.309008 0.290324 0.291443 0.238596 0.241421 0.259998 0.302031 0.313798 0.332800 0.359876 0.397682 0.305159 0.276438 0.238461 0.235572 0.274878 0.244719 0.219184 0.236139 0.186102 0.202282 0.173812 0.190453 0.168404 0.165691 0.220008 0.239385 0.200841 0.173929 0.196543 0.203607 0.240494 0.252595 0.260183 0.255574 0.334079 0.368555 0.433334 0.433310 0.395607 0.303839 0.306097 0.340844 0.330683 0.309179 0.259644 0.296232 0.268442 0.277316 0.342035 0.329930 0.334098 0.313720 0.353514 0.351232 0.363648 0.350317 0.364076 0.318826 0.321924 0.289184 0.259205 0.275563 0.291480 0.336378 0.353573 0.334743 0.324003 0.379786 0.432051 0.362324 0.345969 0.337752 0.340402 0.379248 0.352238 0.281379 0.230115 0.271472 0.295879 0.307269 
192837465
12
0.211202 0.190856 0.196272 0.219225 0.226107 0.158862 0.147956 0.205797 0.186466 0.185881 0.182209 0.151298 0.208563 0.205728 0.241536 0.145994 0.150196 0.188169 0.267053 0.282024 0.308004 0.307503 0.278868 0.238133 0.211506 0.218983 0.251470 0.274524 0.256223 0.314088 0.288352 0.356848 0.416820 0.376456 0.316576 0.236400 0.237242 0.255634 0.234739 0.276545 0.284564 0.258363 0.229800 0.268101 0.315539 0.365352 0.365866 0.404217 0.362503 0.365378 0.304418 0.308152 0.238313 0.268883 0.259050 0.235633 0.229409 0.228871 0.269500 0.248064 0.204060 0.184861 0.127384 0.138067 0.136535 0.182854 0.169471 0.190972 0.146103 0.176067 0.155022 0.243999 0.271413 0.276577 0.258235 0.292165 0.356507 0.292563 0.213529 0.274215 0.283656 0.252906 0.280887 0.231480 0.235886 0.278329 0.303390 0.289492 0.239926 0.249061 0.238573 0.309875 0.341375 0.311683 0.336792 0.327481 0.374778 0.351949 0.328440 0.370034 0.370892 0.327091 0.272088 0.335506 0.299024 0.321105 0.341665 0.401993 0.425531 0.454951 0.418724 0.427960 0.439366 0.391822 0.333818 0.314443 0.300946 0.222658 0.229121 0.296981 
192837465
13
0.138088 0.163127 0.185110 0.232350 0.188566 0.235755 0.234617 0.235113 0.196385 0.175587 0.181460 0.175563 0.173755 0.179490 0.238715 0.207751 0.207393 0.279709 0.291790 0.247934 0.224347 0.199174 0.184969 0.156299 0.154092 0.251419 0.229358 0.241482 0.262711 0.242983 0.245276 0.248428 0.273087 0.257523 0.307066 0.282431 0.252948 0.252267 0.291160 0.314769 0.260397 0.253110 0.291567 0.306639 0.256924 0.303373 0.337809 0.338631 0.316788 0.320015 0.290456 0.261800 0.226446 0.218816 0.193859 0.190323 0.183791 0.170805 0.222133 0.278879 0.250561 0.230085 0.143820 0.172871 0.196100 0.223795 0.183286 0.131381 0.178276 0.190233 0.235249 0.211193 0.281659 0.295765 0.313518 0.278394 0.289240 0.241731 0.262318 0.232729 0.184665 0.223804 0.292546 0.203072 0.249106 0.259545 0.234346 0.247655 0.251344 0.260798 0.250805 0.302623 0.323217 0.342093 0.357946 0.322813 0.354193 0.358552 0.361129 0.373234 0.415326 0.320655 0.321415 0.372991 0.365334 0.338897 0.388363 0.434559 0.478146 0.477772 0.397551 0.423651 0.343692 0.326340 0.323732 0.288531 0.292437 0.313972 0.337187 0.330748 
192837465
14
0.129514 0.160487 0.147141 0.191710 0.195118 0.159768 0.210829 0.225312 0.236624 0.199060 0.241738 0.243845 0.224865 0.185041 0.170628 0.199217 0.254967 0.318066 0.283716 0.255445 0.240335 0.203884 0.246421 0.217912 0.194441 0.165063 0.179906 0.177433 0.202198 0.206265 0.265277 0.258684 0.267207 0.250117 0.248334 0.200781 0.221481 0.245301 0.264255 0.275319 0.308747 0.294347 0.269460 0.237367 0.252798 0.286223 0.321424 0.320141 0.343667 0.308911 0.273553 0.228965 0.177184 0.187203 0.199308 0.139023 0.166241 0.160076 0.182051 0.168969 0.143728 0.203307 0.196247 0.168491 0.224775 0.262368 0.242537 0.242604 0.243896 0.226129 0.225236 0.213683 0.289692 0.268580 0.246364 0.298915 0.272769 0.177008 0.170049 0.109640 0.156933 0.200552 0.221785 0.253904 0.251947 0.252410 0.246464 0.262686 0.275778 0.292634 0.289874 0.256116 0.285435 0.294292 0.315263 0.260826 0.305530 0.346907 0.320613 0.381399 0.346691 0.352148 0.357160 0.348030 0.333259 0.358309 0.369242 0.393707 0.389778 0.429684 0.447576 0.416806 0.346542 0.317343 0.246777 0.321929 0.370081 0.402364 0.380116 0.359662 
192837465
15
0.198225 0.202188 0.154535 0.226438 0.122416 0.148336 0.156039 0.158455 0.188597 0.175950 0.183590 0.147941 0.204502 0.179161 0.224471 0.230865 0.186342 0.172999 0.168013 0.220471 0.273667 0.291016 0.256952 0.248923 0.248986 0.193662 0.211710 0.182995 0.198780 0.228432 0.216928 0.261764 0.282696 0.242874 0.260993 0.243621 0.232904 0.275317 0.279878 0.314436 0.288229 0.269566 0.265538 0.209922 0.195812 0.257775 0.280678 0.315404 0.277312 0.268159 0.274438 0.257249 0.245073 0.177957 0.156929 0.167671 0.200206 0.234830 0.209222 0.156231 0.168622 0.171111 0.127929 0.241245 0.256428 0.266887 0.282523 0.238712 0.187213 0.211969 0.191216 0.205199 0.273108 0.225634 0.227233 0.213373 0.216611 0.233408 0.185214 0.237262 0.216942 0.219708 0.165133 0.226527 0.188015 0.192682 0.183931 0.200046 0.216870 0.257479 0.253149 0.268028 0.256184 0.259723 0.259012 0.275516 0.253746 0.275551 0.312780 0.329707 0.327764 0.378236 0.342627 0.317155 0.316983 0.317490 0.362042 0.313520 0.360702 0.402960 0.438258 0.391442 0.398587 0.362751 0.316035 0.331600 0.345643 0.362377 0.329202 0.374770 
192837465
