1200.000000
160.000000
120
16
1
0.500000
2
2
0
0.208933 0.228016 0.201950 0.202589 0.174630 0.196898 0.190588 0.229143 0.253977 0.237476 0.255062 0.257674 0.233779 0.213342 0.256834 0.264359 0.347953 0.333371 0.319049 0.366483 0.314494 0.290340 0.316830 0.271494 0.215512 0.253394 0.279778 0.218518 0.173688 0.173772 0.205424 0.260074 0.292662 0.219273 0.149485 0.188102 0.195928 0.274985 0.251623 0.237585 0.269322 0.224367 0.268242 0.244652 0.256737 0.255719 0.260711 0.194054 0.227190 0.196358 0.195339 0.218540 0.207016 0.229411 0.202971 0.157008 0.167899 0.182343 0.230583 0.218398 0.236811 0.244578 0.235757 0.224165 0.182214 0.233017 0.224758 0.276127 0.249943 0.232487 0.219145 0.299800 0.278856 0.293794 0.239407 0.195361 0.169397 0.178534 0.146460 0.227791 0.236553 0.230981 0.305542 0.351285 0.327933 0.340758 0.261020 0.384904 0.319984 0.326248 0.267326 0.277703 0.264355 0.261502 0.277010 0.197348 0.210952 0.227740 0.211486 0.301223 0.308545 0.327349 0.351994 0.291918 0.281371 0.306243 0.374993 0.418062 0.341720 0.276821 0.265613 0.307496 0.268377 0.315779 0.380412 0.336735 0.355482 0.269368 0.288853 0.216616 
192837465
1
0.259696 0.251492 0.230690 0.258452 0.243374 0.225812 0.175398 0.205344 0.247413 0.283605 0.289614 0.325879 0.258827 0.205215 0.223007 0.304311 0.282584 0.278473 0.323759 0.360533 0.312477 0.345940 0.281049 0.283408 0.282891 0.200264 0.169011 0.182717 0.209516 0.203061 0.227097 0.285112 0.247966 0.213356 0.227950 0.185769 0.221633 0.200873 0.223382 0.206677 0.238200 0.208290 0.238830 0.173178 0.183380 0.189277 0.207773 0.195571 0.222889 0.221895 0.236513 0.224263 0.273216 0.291463 0.311629 0.246882 0.310333 0.272144 0.255314 0.228687 0.242995 0.247693 0.205684 0.152179 0.162561 0.198665 0.214033 0.271584 0.263245 0.244522 0.213785 0.238853 0.309618 0.272037 0.203603 0.194140 0.147405 0.132859 0.143229 0.254001 0.257076 0.246126 0.332426 0.281648 0.285876 0.330515 0.297805 0.304861 0.314204 0.265241 0.260180 0.275115 0.357612 0.361030 0.323827 0.233895 0.267044 0.284635 0.305482 0.299955 0.395004 0.341426 0.272510 0.277004 0.336486 0.296414 0.328148 0.362423 0.351013 0.301503 0.233224 0.247710 0.212968 0.168174 0.225453 0.208207 0.284809 0.297171 0.257170 0.314874 
192837465
2
0.269605 0.277303 0.284941 0.305865 0.298180 0.254040 0.245235 0.245395 0.310825 0.286151 0.251385 0.321323 0.306979 0.264786 0.268454 0.244288 0.291922 0.274379 0.214635 0.253838 0.187728 0.191101 0.276277 0.244950 0.248121 0.177171 0.119382 0.163578 0.216359 0.278873 0.290876 0.250842 0.154174 0.145375 0.077134 0.128489 0.114951 0.117203 0.176944 0.192559 0.172280 0.220004 0.251510 0.194793 0.190415 0.192190 0.163013 0.155098 0.153685 0.149376 0.236905 0.211347 0.230972 0.281294 0.294801 0.332284 0.349236 0.332061 0.367436 0.364030 0.318406 0.235134 0.270589 0.182016 0.291019 0.310839 0.282386 0.277694 0.268174 0.226002 0.232799 0.198354 0.259316 0.344659 0.305987 0.240344 0.136203 0.144032 0.203445 0.184418 0.170636 0.261056 0.329375 0.296948 0.261955 0.281710 0.274195 0.245213 0.193515 0.253729 0.271441 0.303893 0.330714 0.333985 0.357239 0.320424 0.333674 0.414842 0.325080 0.301655 0.276689 0.249961 0.220375 0.284156 0.346414 0.311038 0.234170 0.194946 0.155660 0.091363 0.130478 0.135925 0.162211 0.145555 0.159071 0.206730 0.246957 0.269050 0.290350 0.250774 
192837465
3
0.249642 0.319899 0.316089 0.321771 0.360141 0.336263 0.259586 0.295296 0.333433 0.356432 0.304633 0.247609 0.237615 0.286624 0.308515 0.299118 0.255255 0.259060 0.255284 0.171732 0.195072 0.156297 0.144986 0.214429 0.251283 0.191786 0.227222 0.214413 0.254959 0.320876 0.253599 0.276353 0.248551 0.227150 0.133376 0.151002 0.159831 0.126661 0.175221 0.247191 0.260620 0.226518 0.224491 0.242899 0.175540 0.197748 0.161477 0.181745 0.147472 0.170022 0.082104 0.157916 0.163139 0.233188 0.259580 0.249734 0.293250 0.308917 0.327343 0.304696 0.286397 0.276505 0.306362 0.277493 0.295514 0.290333 0.270290 0.264893 0.242574 0.195950 0.258332 0.225888 0.164260 0.174229 0.111764 0.082622 0.148319 0.139928 0.215217 0.181526 0.218283 0.208648 0.263752 0.277438 0.241684 0.218177 0.217800 0.228428 0.207219 0.174749 0.246994 0.286703 0.357038 0.308426 0.309616 0.253833 0.201354 0.321675 0.333667 0.285971 0.289914 0.241746 0.266748 0.205356 0.194952 0.223631 0.242498 0.142210 0.100322 0.092866 0.109758 0.151654 0.163246 0.166729 0.165558 0.202854 0.236019 0.241642 0.317726 0.238806 
192837465
4
0.225914 0.280782 0.304520 0.277951 0.341603 0.344565 0.301441 0.337447 0.368929 0.358603 0.305309 0.340666 0.286964 0.331514 0.386005 0.402586 0.312991 0.299314 0.219815 0.191783 0.166587 0.200148 0.259380 0.250964 0.223569 0.234198 0.274696 0.342144 0.331714 0.349693 0.367314 0.323044 0.243783 0.206373 0.227476 0.286180 0.215088 0.240402 0.158170 0.171368 0.170008 0.270650 0.315191 0.251022 0.206833 0.232607 0.170632 0.156815 0.195155 0.100120 0.149851 0.166263 0.222483 0.271501 0.279061 0.292569 0.290858 0.268768 0.306169 0.301499 0.245110 0.274992 0.264470 0.274606 0.304027 0.284720 0.258305 0.216875 0.241847 0.224070 0.229817 0.229662 0.173579 0.157487 0.142512 0.133638 0.114023 0.123498 0.102192 0.181207 0.227822 0.266632 0.296892 0.306257 0.306386 0.295542 0.317548 0.292353 0.249102 0.256775 0.268454 0.295570 0.384416 0.355138 0.375985 0.311946 0.252880 0.316277 0.346874 0.342432 0.301100 0.225053 0.206882 0.210933 0.264036 0.175569 0.090675 0.134118 0.187138 0.212482 0.184563 0.150407 0.179478 0.176741 0.208105 0.227361 0.184582 0.224053 0.173818 0.227389 
192837465
5
0.283339 0.360517 0.320575 0.320662 0.354024 0.358659 0.297270 0.359169 0.405637 0.394770 0.409774 0.430519 0.334832 0.245910 0.342012 0.356988 0.308804 0.344293 0.257914 0.333443 0.339651 0.368909 0.315539 0.279546 0.230821 0.315404 0.360209 0.332438 0.387338 0.397258 0.395606 0.338249 0.398511 0.376285 0.344382 0.356556 0.282093 0.235712 0.257147 0.276373 0.270130 0.289588 0.222574 0.217602 0.229093 0.176969 0.215600 0.195373 0.236572 0.192377 0.174410 0.212283 0.263917 0.205813 0.171177 0.162870 0.193343 0.208879 0.299377 0.325526 0.253411 0.238452 0.274674 0.256480 0.272207 0.231431 0.258272 0.195060 0.220843 0.206863 0.189605 0.185768 0.187264 0.106092 0.147935 0.139356 0.169684 0.160765 0.203959 0.217570 0.265806 0.324212 0.285700 0.321146 0.316338 0.362969 0.350307 0.343288 0.374437 0.430764 0.438812 0.400301 0.374143 0.346980 0.366122 0.331656 0.313940 0.346282 0.369062 0.398320 0.352248 0.257419 0.195643 0.249408 0.207226 0.188973 0.185484 0.189133 0.195852 0.204315 0.215194 0.231401 0.196409 0.211073 0.304351 0.338710 0.257468 0.264041 0.217040 0.221454 
192837465
6
0.275724 0.244152 0.234983 0.243174 0.320575 0.333828 0.382436 0.447282 0.425981 0.422849 0.417581 0.385694 0.337896 0.269306 0.271798 0.260435 0.282431 0.166594 0.261151 0.193070 0.201618 0.353067 0.351497 0.316417 0.343246 0.355312 0.436176 0.374129 0.405865 0.373997 0.340991 0.419917 0.404114 0.395875 0.379507 0.359298 0.310028 0.347142 0.292762 0.294231 0.336717 0.308306 0.288642 0.185428 0.208117 0.185425 0.189032 0.195024 0.234515 0.211762 0.259000 0.321845 0.265164 0.206969 0.270188 0.268710 0.248837 0.240843 0.285984 0.226830 0.190850 0.187463 0.209061 0.195086 0.177280 0.076703 0.084356 0.088137 0.120760 0.127345 0.158992 0.107136 0.101140 0.138138 0.222125 0.185467 0.178775 0.196565 0.152114 0.205852 0.208599 0.187516 0.206982 0.214274 0.262610 0.285392 0.334151 0.343573 0.446823 0.430634 0.432425 0.421397 0.379816 0.347849 0.321480 0.316766 0.360363 0.420905 0.390059 0.354893 0.331676 0.204317 0.274946 0.217755 0.201414 0.245469 0.261642 0.242321 0.205655 0.181367 0.163528 0.220499 0.301705 0.279518 0.342934 0.306089 0.353788 0.381581 0.284581 0.250453 
192837465
7
0.240262 0.295559 0.279385 0.303637 0.330172 0.282458 0.269992 0.323894 0.323435 0.283562 0.317244 0.259440 0.293966 0.308794 0.291273 0.273872 0.293390 0.255364 0.228243 0.246969 0.282387 0.320587 0.293708 0.295600 0.358905 0.312715 0.317166 0.324699 0.335442 0.335216 0.357548 0.312472 0.312381 0.307055 0.309229 0.328784 0.289755 0.267015 0.297744 0.311876 0.311546 0.301868 0.306756 0.233769 0.197468 0.130615 0.099834 0.192972 0.253187 0.233466 0.329856 0.341400 0.287058 0.277548 0.265243 0.182844 0.196600 0.162448 0.220604 0.175693 0.203913 0.171264 0.206983 0.166778 0.190431 0.187948 0.115249 0.101343 0.109918 0.128030 0.135979 0.177097 0.124473 0.234068 0.140914 0.131656 0.171984 0.162783 0.159003 0.148371 0.197023 0.195214 0.193508 0.179186 0.265654 0.332945 0.381997 0.376352 0.438797 0.443185 0.386675 0.348862 0.316058 0.343807 0.311793 0.280030 0.268984 0.353171 0.396588 0.360720 0.339949 0.250093 0.267890 0.228975 0.190859 0.230306 0.278267 0.194793 0.222941 0.266671 0.222427 0.253616 0.262025 0.298594 0.290577 0.295254 0.276990 0.268438 0.299264 0.340726 
192837465
8
0.264808 0.234947 0.205445 0.219574 0.252138 0.285174 0.218366 0.240422 0.227908 0.319553 0.346006 0.321513 0.355076 0.252758 0.331966 0.350066 0.318681 0.253133 0.199813 0.227773 0.261804 0.277708 0.278839 0.251549 0.268214 0.342632 0.300703 0.310837 0.320597 0.332934 0.292219 0.289089 0.364173 0.306370 0.307435 0.316039 0.392261 0.282194 0.278870 0.276869 0.253921 0.202270 0.169758 0.187216 0.183272 0.182073 0.233505 0.206769 0.239135 0.197026 0.234341 0.262063 0.200093 0.201904 0.208610 0.188303 0.186565 0.189570 0.213885 0.196579 0.198399 0.214421 0.161007 0.113299 0.106924 0.091974 0.124528 0.156100 0.163936 0.120245 0.086622 0.141236 0.119914 0.020257 0.060765 0.082954 0.125857 0.157804 0.158998 0.126397 0.069300 0.115566 0.150406 0.199131 0.266021 0.296078 0.296863 0.378303 0.360264 0.389583 0.317131 0.280109 0.298026 0.255164 0.212479 0.248283 0.269062 0.276018 0.321595 0.353207 0.371108 0.355632 0.289069 0.272587 0.272249 0.217701 0.238360 0.204600 0.205801 0.279920 0.241027 0.201259 0.191767 0.232157 0.241685 0.250857 0.319291 0.306507 0.274349 0.193323 
192837465
9
0.286429 0.225879 0.228157 0.307473 0.253847 0.217853 0.253263 0.257966 0.240288 0.296646 0.328834 0.328307 0.382795 0.341713 0.305777 0.266600 0.300289 0.245502 0.240716 0.269388 0.257403 0.232888 0.214931 0.211985 0.241571 0.215513 0.309021 0.268853 0.317512 0.304391 0.229663 0.253339 0.325383 0.323134 0.268548 0.316180 0.316337 0.286102 0.269520 0.295260 0.219328 0.219021 0.217713 0.209175 0.226570 0.293617 0.279609 0.285546 0.272185 0.281798 0.273346 0.189279 0.203780 0.173453 0.213899 0.217574 0.220308 0.182783 0.137959 0.149540 0.136711 0.139064 0.106896 0.128857 0.155558 0.087579 0.126560 0.138164 0.126657 0.111553 0.108064 0.104093 0.094146 0.045472 0.059596 0.083836 0.087674 0.087682 0.109627 0.134307 0.186930 0.166073 0.144484 0.187569 0.251687 0.286345 0.263397 0.265728 0.325800 0.335247 0.347632 0.355963 0.313449 0.266343 0.202984 0.199296 0.209517 0.271355 0.323761 0.352868 0.372230 0.370760 0.390250 0.346233 0.282896 0.294463 0.285963 0.263205 0.270873 0.332362 0.241791 0.224473 0.144691 0.184064 0.164548 0.199188 0.141497 0.150609 0.181123 0.219082 
192837465
10
0.257299 0.231934 0.290883 0.316567 0.258294 0.210388 0.125425 0.148963 0.148432 0.182295 0.254135 0.270112 0.195331 0.194255 0.198230 0.238532 0.226446 0.187078 0.207059 0.255205 0.303787 0.259785 0.273790 0.204668 0.197641 0.197356 0.214205 0.212569 0.263478 0.217862 0.222853 0.263369 0.231009 0.236379 0.252367 0.267684 0.304949 0.372602 0.317362 0.340397 0.257288 0.244594 0.247962 0.260842 0.240398 0.275956 0.302818 0.337221 0.222805 0.286151 0.264361 0.255635 0.265315 0.206032 0.236850 0.253848 0.221484 0.168279 0.124053 0.126057 0.127079 0.075508 0.137986 0.117794 0.109248 0.075883 0.140236 0.143585 0.171314 0.157668 0.147192 0.119996 0.131029 0.048382 0.069227 0.070005 0.100787 0.157526 0.174405 0.239190 0.225479 0.269851 0.268370 0.234150 0.301101 0.248254 0.268492 0.286510 0.274371 0.299020 0.344757 0.321037 0.301749 0.267312 0.287842 0.288593 0.262530 0.260601 0.280477 0.386468 0.408630 0.458966 0.431318 0.389760 0.329699 0.364709 0.286986 0.284825 0.221710 0.193231 0.201797 0.094404 0.118163 0.064611 0.096980 0.113657 0.121813 0.131565 0.160404 0.229263 
192837465
11
0.284084 0.316265 0.327351 0.323654 0.222977 0.207830 0.145839 0.097898 0.125364 0.185411 0.241194 0.227937 0.152130 0.138904 0.145382 0.125931 0.165242 0.204019 0.264025 0.310840 0.300747 0.270911 0.315756 0.247755 0.214303 0.215094 0.187616 0.126509 0.125300 0.164921 0.240722 0.217419 0.175330 0.252094 0.279750 0.340662 0.348646 0.337915 0.338050 0.304428 0.330937 0.341933 0.242014 0.240830 0.189836 0.240961 0.296228 0.254217 0.254667 0.266693 0.229216 0.330582 0.255914 0.254175 0.232433 0.187460 0.210369 0.240994 0.246832 0.154061 0.131215 0.152978 0.188863 0.190477 0.221761 0.237109 0.246916 0.262206 0.263414 0.222864 0.164185 0.187126 0.180102 0.149465 0.129080 0.158520 0.216881 0.258342 0.260201 0.275564 0.204587 0.231062 0.266448 0.292721 0.305336 0.263285 0.194708 0.247026 0.244850 0.301462 0.379078 0.337962 0.293500 0.296247 0.238219 0.345010 0.417762 0.353733 0.312386 0.305746 0.372352 0.358553 0.291336 0.289088 0.301441 0.274341 0.296821 0.276655 0.222793 0.242848 0.216554 0.146906 0.103176 0.142556 0.144134 0.135863 0.176131 0.230644 0.220613 0.229357 
192837465
12
0.274896 0.330836 0.350385 0.317159 0.233531 0.137701 0.122056 0.160517 0.119653 0.172230 0.204218 0.139760 0.157135 0.161872 0.135333 0.116986 0.222028 0.251337 0.263488 0.266312 0.331621 0.256266 0.326925 0.256595 0.218314 0.226661 0.169229 0.200083 0.116679 0.151527 0.192379 0.169851 0.276020 0.270747 0.252306 0.328401 0.326494 0.341635 0.318403 0.378165 0.384764 0.337076 0.236470 0.272473 0.278948 0.336087 0.244264 0.239946 0.267345 0.252096 0.316572 0.335411 0.206977 0.265957 0.260626 0.199608 0.204615 0.203257 0.212933 0.217395 0.184480 0.188270 0.227631 0.199626 0.226104 0.221234 0.265970 0.277426 0.334583 0.290271 0.200180 0.194184 0.174122 0.122146 0.129696 0.186963 0.303657 0.261470 0.276798 0.252698 0.254881 0.296751 0.283045 0.236475 0.230462 0.155438 0.216915 0.166060 0.252674 0.192111 0.264901 0.222249 0.219464 0.244246 0.276896 0.295222 0.315266 0.311391 0.285534 0.277402 0.307135 0.370798 0.303795 0.298256 0.259099 0.294111 0.302419 0.264344 0.234204 0.240486 0.205025 0.173142 0.171616 0.217692 0.255946 0.209984 0.199781 0.230750 0.319833 0.185776 
192837465
13
0.303219 0.320530 0.302547 0.256793 0.191312 0.219033 0.183447 0.240024 0.302909 0.318451 0.241123 0.193440 0.188439 0.240079 0.187652 0.220341 0.271940 0.258353 0.278302 0.281310 0.346158 0.282618 0.191419 0.185240 0.199111 0.198848 0.289097 0.227899 0.242899 0.250836 0.225106 0.262212 0.235585 0.209354 0.265139 0.295658 0.295883 0.369885 0.326741 0.337360 0.282649 0.313098 0.201048 0.292552 0.283806 0.287942 0.284276 0.338714 0.305141 0.309372 0.298918 0.253052 0.258828 0.295260 0.168106 0.204158 0.205383 0.207023 0.204870 0.209425 0.238334 0.243133 0.225062 0.222665 0.240411 0.227924 0.229838 0.213796 0.272682 0.277409 0.199277 0.193119 0.207403 0.140394 0.140557 0.218395 0.257857 0.259977 0.290594 0.278012 0.262580 0.265675 0.211595 0.204896 0.184436 0.236475 0.234575 0.192976 0.220784 0.254104 0.221556 0.180284 0.112715 0.233412 0.198798 0.274032 0.304303 0.330693 0.353222 0.324821 0.384602 0.361013 0.399402 0.325167 0.303922 0.333851 0.409048 0.314508 0.274496 0.247671 0.278300 0.215564 0.200649 0.180792 0.225147 0.316656 0.236987 0.250561 0.278581 0.224836 
192837465
14
0.280921 0.283522 0.280474 0.264200 0.282949 0.266359 0.252411 0.281300 0.258917 0.228294 0.204590 0.217759 0.170762 0.177504 0.129783 0.250840 0.233386 0.223463 0.221911 0.248404 0.282036 0.265363 0.210705 0.195997 0.165862 0.219170 0.277003 0.314474 0.301107 0.304221 0.272268 0.272797 0.299098 0.324708 0.303457 0.312411 0.333587 0.261243 0.215673 0.164469 0.198264 0.167338 0.214058 0.216656 0.239485 0.234075 0.254785 0.288287 0.311760 0.287223 0.302091 0.246806 0.308334 0.304819 0.279191 0.255394 0.259099 0.264937 0.152966 0.151072 0.183963 0.208449 0.205474 0.308824 0.253870 0.254151 0.182173 0.157350 0.168064 0.178359 0.137331 0.135641 0.238269 0.253997 0.217423 0.153753 0.261519 0.279696 0.237466 0.253198 0.230719 0.302585 0.296482 0.248693 0.327961 0.237680 0.264679 0.263142 0.281679 0.268518 0.257167 0.251406 0.213947 0.207679 0.216460 0.233842 0.240721 0.282581 0.308989 0.355461 0.386480 0.428969 0.384227 0.360729 0.402456 0.354695 0.329263 0.287171 0.274614 0.266612 0.273091 0.290956 0.212493 0.238371 0.223116 0.203151 0.252100 0.220894 0.316544 0.268122 
192837465
15
0.257354 0.160452 0.167647 0.182592 0.212232 0.217679 0.265711 0.342547 0.271815 0.243587 0.229608 0.264827 0.265256 0.248912 0.242433 0.224545 0.234357 0.200963 0.177449 0.142723 0.168484 0.199420 0.265450 0.240312 0.284977 0.333628 0.311946 0.327572 0.291258 0.241463 0.205767 0.183586 0.221525 0.240759 0.270240 0.339220 0.270820 0.178178 0.175962 0.145986 0.216435 0.163030 0.163928 0.132900 0.168390 0.253032 0.261619 0.300247 0.319167 0.333737 0.339679 0.397992 0.290695 0.313333 0.356812 0.286941 0.309332 0.242047 0.250780 0.261044 0.248455 0.241447 0.214836 0.245479 0.247004 0.206183 0.216038 0.174450 0.115982 0.159322 0.124549 0.130226 0.156939 0.150070 0.187487 0.222291 0.270837 0.303666 0.240445 0.218826 0.246803 0.267472 0.256058 0.241351 0.268056 0.202191 0.261099 0.241150 0.321625 0.316153 0.258371 0.251382 0.298053 0.228489 0.287320 0.244088 0.257555 0.272589 0.330509 0.346514 0.335037 0.348017 0.360745 0.385096 0.416136 0.396548 0.338493 0.270675 0.292892 0.261457 0.243206 0.244851 0.190427 0.276447 0.314722 0.328664 0.296530 0.255844 0.271166 0.223516 
192837465
