1200.000000
160.000000
120
16
1
0.500000
2
2
0
0.338215 0.367105 0.361092 0.391023 0.353701 0.342031 0.340418 0.273050 0.298354 0.294245 0.241710 0.227443 0.219798 0.212743 0.212817 0.170107 0.143608 0.136053 0.122792 0.133998 0.157914 0.170885 0.239038 0.259977 0.254371 0.242400 0.226853 0.180227 0.180557 0.176798 0.242631 0.243989 0.262708 0.241106 0.269459 0.290079 0.228206 0.203904 0.222269 0.327337 0.294682 0.276655 0.237275 0.233080 0.198680 0.193492 0.131912 0.165448 0.163564 0.152120 0.230059 0.232205 0.223092 0.156742 0.127465 0.101382 0.145283 0.140973 0.168161 0.220892 0.206567 0.191014 0.224389 0.219303 0.201394 0.138146 0.102680 0.142173 0.188490 0.204200 0.188426 0.146710 0.111880 0.092273 0.123568 0.166455 0.177100 0.233107 0.268026 0.227952 0.263932 0.221105 0.214291 0.172603 0.251229 0.175772 0.172451 0.165346 0.181350 0.159130 0.185951 0.239203 0.196311 0.167329 0.210141 0.224479 0.200916 0.319854 0.342732 0.388593 0.358204 0.373193 0.346929 0.382435 0.367277 0.386365 0.354036 0.373329 0.359576 0.294399 0.341606 0.311933 0.326829 0.366837 0.362386 0.270286 0.255827 0.275205 0.301714 0.278495 
192837465
1
0.338444 0.331984 0.327222 0.375977 0.367669 0.320347 0.287481 0.334135 0.266106 0.170560 0.220326 0.194910 0.164951 0.190303 0.180222 0.132319 0.118813 0.095467 0.101522 0.125044 0.109031 0.204736 0.207346 0.200915 0.187554 0.239329 0.188013 0.240191 0.206507 0.229379 0.250047 0.269942 0.288425 0.283907 0.277326 0.287227 0.304060 0.361766 0.354808 0.384425 0.375919 0.289299 0.260951 0.192202 0.212203 0.203608 0.166327 0.151121 0.213707 0.160453 0.193323 0.165793 0.197528 0.167173 0.145381 0.106948 0.182572 0.124486 0.140477 0.166747 0.173894 0.153190 0.115860 0.215065 0.177330 0.175000 0.188854 0.157850 0.203937 0.182614 0.184540 0.161617 0.132110 0.104560 0.215665 0.210609 0.293312 0.323716 0.299854 0.265923 0.256212 0.232789 0.173949 0.178692 0.202711 0.243351 0.231402 0.211458 0.203446 0.197978 0.242295 0.261756 0.253416 0.236196 0.177430 0.269280 0.286990 0.281786 0.308672 0.302266 0.375193 0.338693 0.337867 0.343809 0.347209 0.333595 0.305120 0.256270 0.279280 0.302848 0.323633 0.348621 0.352164 0.299606 0.313181 0.264205 0.273728 0.290338 0.296031 0.277295 
192837465
2
0.321541 0.301314 0.289489 0.330815 0.361330 0.356033 0.285510 0.213471 0.214989 0.233656 0.197950 0.181637 0.183126 0.198389 0.093422 0.094014 0.159358 0.206814 0.147116 0.201927 0.195557 0.208325 0.211054 0.197262 0.189000 0.202193 0.164266 0.218558 0.206659 0.272111 0.246500 0.270386 0.241148 0.308484 0.371269 0.348234 0.404687 0.417749 0.408346 0.389246 0.405650 0.384473 0.341352 0.281644 0.300520 0.261604 0.217097 0.173657 0.134089 0.151565 0.204815 0.206156 0.199089 0.109245 0.116151 0.119283 0.073239 0.082663 0.129126 0.156751 0.194362 0.166729 0.192574 0.194941 0.240628 0.225290 0.180175 0.144539 0.164508 0.112963 0.148369 0.153225 0.163920 0.135928 0.184124 0.223901 0.203878 0.255078 0.293832 0.282256 0.292394 0.337634 0.325802 0.285423 0.326716 0.288280 0.294790 0.254172 0.249430 0.278860 0.288836 0.298315 0.291154 0.272302 0.273476 0.266656 0.271422 0.248755 0.278631 0.270752 0.337388 0.367044 0.356523 0.322051 0.309252 0.319519 0.336893 0.323840 0.306001 0.292815 0.289512 0.328780 0.354805 0.309855 0.291261 0.306051 0.295098 0.334658 0.270965 0.233008 
192837465
3
0.367149 0.293442 0.317802 0.336336 0.371054 0.307125 0.326228 0.278757 0.247257 0.228289 0.210052 0.259258 0.186522 0.207403 0.199961 0.195831 0.149536 0.157155 0.122366 0.177652 0.220711 0.209097 0.244979 0.230987 0.236722 0.221040 0.268736 0.313154 0.224196 0.304427 0.270435 0.333260 0.327237 0.336357 0.383965 0.391668 0.398205 0.403990 0.392188 0.393358 0.391993 0.365574 0.375226 0.404432 0.399634 0.326074 0.251524 0.210136 0.168114 0.157407 0.203851 0.165203 0.180957 0.167062 0.122741 0.173858 0.149801 0.183116 0.174385 0.212077 0.153904 0.194753 0.193572 0.213287 0.178647 0.143490 0.179692 0.164684 0.168929 0.116333 0.089423 0.109537 0.141287 0.161963 0.167501 0.214596 0.220590 0.221624 0.264838 0.289559 0.266137 0.326140 0.334916 0.390579 0.337487 0.359669 0.320361 0.237828 0.203205 0.249021 0.292095 0.275598 0.265875 0.229855 0.280057 0.312790 0.250723 0.249441 0.291449 0.294984 0.334107 0.320994 0.313086 0.263645 0.269369 0.244169 0.304441 0.284179 0.285454 0.280138 0.311611 0.337792 0.334962 0.294900 0.279891 0.322645 0.347414 0.297698 0.343412 0.334878 
192837465
4
0.334249 0.284316 0.264462 0.258230 0.290605 0.264358 0.308566 0.311962 0.257896 0.280293 0.306415 0.236415 0.260703 0.276761 0.261085 0.276990 0.221423 0.236833 0.263161 0.250459 0.300026 0.330038 0.326033 0.294176 0.325766 0.380566 0.320468 0.402176 0.365887 0.358828 0.402620 0.395565 0.407186 0.399870 0.347225 0.351974 0.363882 0.364426 0.413925 0.423260 0.384479 0.396131 0.402773 0.386605 0.426504 0.404349 0.367142 0.269225 0.253440 0.249278 0.233574 0.242538 0.195928 0.233953 0.240182 0.237402 0.203032 0.253043 0.247996 0.278557 0.286009 0.267948 0.230915 0.199388 0.183994 0.162256 0.146131 0.173886 0.188369 0.125840 0.144472 0.170627 0.213060 0.244756 0.221525 0.208425 0.265671 0.290746 0.259153 0.279543 0.254579 0.274756 0.320203 0.312001 0.335561 0.290443 0.263989 0.261020 0.224557 0.259586 0.287386 0.312558 0.302508 0.253289 0.280727 0.273025 0.269414 0.271590 0.251926 0.317630 0.294845 0.317139 0.315249 0.342804 0.307143 0.306827 0.292412 0.295571 0.321480 0.299775 0.242276 0.189241 0.218134 0.235012 0.328395 0.270373 0.328775 0.326598 0.373786 0.354311 
192837465
5
0.261136 0.263089 0.283639 0.240632 0.240616 0.318917 0.332525 0.291651 0.278374 0.298309 0.249702 0.260369 0.270032 0.282986 0.269044 0.241657 0.213854 0.175961 0.199995 0.259682 0.287099 0.246570 0.339334 0.359852 0.353185 0.354304 0.382208 0.421966 0.417500 0.397864 0.374095 0.429919 0.389711 0.398257 0.404477 0.446992 0.437936 0.451543 0.436990 0.414577 0.393956 0.366424 0.379572 0.391419 0.397999 0.399187 0.390066 0.320345 0.290347 0.319498 0.307341 0.297223 0.273355 0.268608 0.281113 0.264023 0.227927 0.240607 0.275476 0.281830 0.227082 0.219491 0.189280 0.125976 0.173444 0.194268 0.183102 0.191355 0.240982 0.223927 0.197021 0.212252 0.156094 0.216501 0.253666 0.250356 0.239132 0.241679 0.243913 0.271082 0.310264 0.299800 0.331833 0.330199 0.300170 0.314657 0.285844 0.223934 0.228103 0.263734 0.254149 0.259356 0.268719 0.270912 0.285957 0.230513 0.249444 0.259962 0.201017 0.216119 0.303026 0.303251 0.280569 0.280293 0.287793 0.339536 0.329222 0.311245 0.320550 0.283750 0.285489 0.266510 0.284839 0.318341 0.271037 0.359938 0.361940 0.362394 0.373283 0.320353 
192837465
6
0.250009 0.227148 0.250283 0.253464 0.267343 0.344263 0.352610 0.362782 0.350884 0.314315 0.293909 0.270032 0.219889 0.164673 0.134699 0.204329 0.225592 0.188610 0.157309 0.199596 0.260067 0.258959 0.258194 0.317502 0.316759 0.371603 0.373548 0.375257 0.351401 0.370152 0.371743 0.411275 0.407695 0.405859 0.356003 0.428619 0.395360 0.393227 0.367834 0.375110 0.305667 0.273266 0.247473 0.190625 0.253997 0.315415 0.288883 0.261308 0.284906 0.234754 0.175319 0.162725 0.178429 0.203085 0.214624 0.193774 0.215137 0.263051 0.243831 0.276082 0.291785 0.224201 0.212594 0.242127 0.240406 0.256577 0.241751 0.253133 0.209666 0.203851 0.236484 0.222871 0.194648 0.216543 0.227435 0.255190 0.244800 0.215471 0.241595 0.231178 0.267606 0.271477 0.281823 0.211665 0.211492 0.214231 0.285950 0.263114 0.249367 0.242496 0.266818 0.266133 0.287191 0.228442 0.202791 0.149804 0.152988 0.148121 0.198541 0.249426 0.244038 0.272716 0.248775 0.258692 0.288613 0.300527 0.269526 0.327668 0.311617 0.344797 0.349617 0.308246 0.295268 0.333891 0.346245 0.355254 0.292752 0.364389 0.330365 0.328676 
192837465
7
0.238131 0.238338 0.216858 0.213389 0.352564 0.341986 0.316804 0.292695 0.261159 0.247650 0.257850 0.197381 0.186647 0.190781 0.228995 0.169489 0.198935 0.157146 0.109264 0.191799 0.242583 0.319517 0.289495 0.300259 0.329959 0.361933 0.375060 0.385466 0.340598 0.301698 0.325313 0.283211 0.300959 0.316465 0.331527 0.346931 0.324915 0.269551 0.248508 0.218321 0.192388 0.209419 0.202900 0.181195 0.163026 0.142754 0.187945 0.192763 0.204931 0.176540 0.124044 0.098208 0.125784 0.139364 0.181152 0.192664 0.234931 0.233304 0.274693 0.229550 0.279461 0.248257 0.249374 0.252310 0.233839 0.290726 0.303896 0.326395 0.281651 0.262240 0.216411 0.221309 0.239022 0.201378 0.231617 0.296547 0.247063 0.249230 0.273502 0.245477 0.224698 0.261938 0.331254 0.302159 0.274609 0.279341 0.229011 0.264394 0.226969 0.276380 0.303390 0.305530 0.275680 0.221359 0.208144 0.136481 0.139696 0.182401 0.158940 0.198992 0.186978 0.217862 0.233781 0.233950 0.273090 0.267840 0.274881 0.309314 0.259995 0.263227 0.277896 0.344140 0.303247 0.371205 0.340337 0.312683 0.307910 0.304731 0.300890 0.312501 
192837465
8
0.226565 0.257048 0.307572 0.280261 0.236861 0.264352 0.294620 0.280605 0.287335 0.273728 0.235120 0.161215 0.193623 0.117005 0.152624 0.137020 0.174524 0.175003 0.189593 0.158869 0.256912 0.273673 0.322344 0.301252 0.296650 0.338736 0.330220 0.346833 0.304024 0.316787 0.305209 0.263332 0.231317 0.256869 0.244589 0.202151 0.206488 0.226449 0.265237 0.237368 0.187156 0.165460 0.177682 0.172150 0.158312 0.096486 0.112988 0.194856 0.155164 0.110118 0.092467 0.093969 0.131107 0.144178 0.131570 0.203481 0.218622 0.236660 0.258220 0.246604 0.297389 0.311113 0.360903 0.307441 0.277569 0.275271 0.281397 0.285060 0.286362 0.342461 0.271911 0.201486 0.154052 0.238456 0.244103 0.278299 0.331035 0.338833 0.263375 0.290671 0.251770 0.273322 0.307261 0.302110 0.227975 0.198016 0.204462 0.215411 0.222497 0.212780 0.211845 0.224212 0.273803 0.221075 0.264712 0.234321 0.211905 0.146632 0.103160 0.147012 0.174477 0.202357 0.177205 0.202035 0.234256 0.266230 0.270323 0.250927 0.232433 0.275310 0.285222 0.273403 0.318749 0.325980 0.321735 0.328495 0.322506 0.262175 0.316110 0.330396 
192837465
9
0.286666 0.265450 0.270453 0.266787 0.274898 0.295237 0.355804 0.283432 0.234849 0.263452 0.233503 0.186052 0.153549 0.154995 0.196060 0.156405 0.164756 0.161697 0.182847 0.217966 0.257743 0.250963 0.276486 0.240634 0.281863 0.299345 0.357890 0.338584 0.337035 0.292738 0.264199 0.248021 0.280159 0.270400 0.240030 0.300682 0.298898 0.281167 0.295813 0.257314 0.209133 0.181815 0.200403 0.229813 0.219034 0.170023 0.131625 0.140328 0.136771 0.163645 0.146135 0.146293 0.093421 0.157470 0.195079 0.216099 0.248282 0.203272 0.206192 0.225673 0.238523 0.323330 0.341716 0.313094 0.272337 0.304087 0.287363 0.295480 0.262459 0.315128 0.317761 0.218719 0.218542 0.232073 0.291751 0.261410 0.344640 0.350048 0.389097 0.334000 0.314438 0.313818 0.279079 0.194791 0.187983 0.151733 0.151533 0.196328 0.209228 0.209670 0.167363 0.233333 0.258256 0.333366 0.284355 0.221207 0.195449 0.158685 0.131131 0.114130 0.144887 0.211191 0.234162 0.238236 0.244084 0.258455 0.267901 0.249909 0.267795 0.257432 0.276334 0.227249 0.289724 0.243383 0.291161 0.304464 0.314920 0.292488 0.261397 0.279351 
192837465
10
0.225617 0.265804 0.222471 0.265674 0.307094 0.277313 0.267870 0.273226 0.234230 0.227554 0.221028 0.237481 0.223578 0.211516 0.215092 0.204374 0.211634 0.214481 0.224481 0.206971 0.238560 0.253518 0.253647 0.254918 0.229406 0.276392 0.358333 0.359361 0.351140 0.315729 0.282652 0.295018 0.270915 0.238494 0.234789 0.312303 0.303182 0.252995 0.219131 0.230176 0.191950 0.200323 0.207243 0.232379 0.193875 0.224183 0.193118 0.085030 0.151220 0.193716 0.178281 0.155142 0.159953 0.228405 0.171542 0.152492 0.104382 0.138515 0.152755 0.235961 0.252625 0.258223 0.280457 0.312920 0.367894 0.334507 0.351497 0.288219 0.305963 0.324370 0.317425 0.281640 0.237707 0.236008 0.229930 0.267086 0.293943 0.329745 0.361508 0.380859 0.297291 0.249525 0.178691 0.165268 0.229765 0.214058 0.268686 0.196640 0.227526 0.253249 0.261436 0.228363 0.214528 0.244703 0.233973 0.180416 0.173293 0.160702 0.139682 0.210003 0.205450 0.269745 0.313294 0.274093 0.260666 0.232522 0.262315 0.272738 0.260463 0.262576 0.236992 0.251415 0.254056 0.255736 0.256159 0.256204 0.264861 0.255735 0.244393 0.216064 
192837465
11
0.228235 0.215035 0.221370 0.236549 0.233026 0.175921 0.152095 0.178825 0.207803 0.242749 0.224956 0.251508 0.227280 0.243667 0.241404 0.253139 0.244072 0.219037 0.243012 0.267045 0.306578 0.278746 0.266990 0.293359 0.282678 0.260024 0.308136 0.352945 0.334773 0.341862 0.312351 0.304517 0.279897 0.293911 0.299596 0.261643 0.277178 0.226772 0.171176 0.219653 0.216409 0.217334 0.160118 0.151735 0.228453 0.211526 0.153395 0.113568 0.152006 0.156877 0.174635 0.116863 0.128633 0.140837 0.110341 0.116523 0.142404 0.116048 0.159669 0.205387 0.229232 0.249919 0.288679 0.325083 0.306794 0.338464 0.327094 0.316624 0.355751 0.313377 0.294881 0.317279 0.241983 0.292405 0.320723 0.365677 0.387607 0.359842 0.333594 0.295805 0.215282 0.193081 0.213596 0.248956 0.248017 0.272799 0.251673 0.255574 0.243356 0.227060 0.215824 0.191255 0.215187 0.280721 0.236551 0.179468 0.146921 0.162440 0.240256 0.164246 0.188431 0.203797 0.259941 0.243900 0.224980 0.270459 0.257155 0.286801 0.275863 0.254167 0.244951 0.236972 0.277686 0.245527 0.281576 0.242210 0.211601 0.221593 0.236827 0.265729 
192837465
12
0.209331 0.240424 0.169747 0.148269 0.166620 0.142222 0.134282 0.173618 0.214940 0.225309 0.293644 0.289651 0.216246 0.165615 0.202813 0.292311 0.269524 0.267286 0.293067 0.301677 0.329389 0.320712 0.332288 0.307556 0.281236 0.310576 0.295149 0.333703 0.301210 0.286394 0.293838 0.293264 0.275175 0.251776 0.263711 0.234927 0.228149 0.196007 0.230706 0.182720 0.176689 0.179217 0.223272 0.184410 0.192351 0.174002 0.162170 0.154583 0.143022 0.133428 0.145100 0.140629 0.100650 0.084166 0.097039 0.084665 0.156822 0.110506 0.164392 0.256779 0.245553 0.283321 0.286286 0.337017 0.387592 0.371967 0.342953 0.347706 0.294603 0.298780 0.318918 0.342676 0.346480 0.355739 0.403740 0.425942 0.428747 0.352392 0.348801 0.323099 0.273965 0.208871 0.238907 0.233536 0.247243 0.199987 0.226609 0.275221 0.208801 0.186173 0.145726 0.179921 0.250556 0.266131 0.262283 0.178102 0.158588 0.207118 0.169655 0.156484 0.188220 0.230408 0.178594 0.144657 0.203435 0.203221 0.229604 0.255883 0.292448 0.222635 0.211788 0.213048 0.219564 0.238397 0.191682 0.195443 0.204870 0.191253 0.176535 0.210012 
192837465
13
0.193314 0.179936 0.134993 0.125778 0.167969 0.171114 0.144262 0.168543 0.187940 0.245389 0.222389 0.240996 0.252171 0.227332 0.194374 0.248053 0.272613 0.219213 0.285849 0.285643 0.316216 0.315763 0.305381 0.291944 0.309727 0.333453 0.316778 0.306618 0.278207 0.293280 0.344040 0.293041 0.308900 0.307813 0.292824 0.246136 0.273468 0.266527 0.238313 0.187489 0.139354 0.179221 0.201129 0.165213 0.179326 0.151151 0.213629 0.191851 0.193436 0.206758 0.220066 0.135582 0.024954 0.084432 0.077893 0.130852 0.155294 0.199444 0.188633 0.224997 0.214921 0.247095 0.302726 0.309312 0.267937 0.318159 0.299264 0.308002 0.289125 0.312409 0.326908 0.326087 0.359397 0.396136 0.366808 0.387690 0.340310 0.354213 0.329514 0.311246 0.279479 0.238661 0.206287 0.209711 0.236485 0.235636 0.242376 0.208703 0.198138 0.165551 0.199492 0.147602 0.216145 0.198764 0.190485 0.190111 0.181007 0.194134 0.188063 0.184738 0.142650 0.197828 0.173186 0.215683 0.217814 0.200669 0.264640 0.235218 0.264370 0.270957 0.238266 0.301760 0.329028 0.232302 0.218178 0.145461 0.160958 0.170571 0.163713 0.195640 
192837465
14
0.223152 0.123931 0.113445 0.104822 0.103404 0.120542 0.196029 0.186403 0.220478 0.243391 0.259294 0.262386 0.271572 0.269190 0.268262 0.263289 0.289332 0.291868 0.283565 0.309508 0.311643 0.297823 0.290474 0.317131 0.314055 0.339856 0.326778 0.301397 0.330697 0.350926 0.362299 0.335636 0.300989 0.263199 0.264755 0.264738 0.260385 0.226361 0.197860 0.206206 0.166771 0.164313 0.161752 0.214575 0.218244 0.213090 0.212688 0.188735 0.192299 0.144767 0.129665 0.147050 0.106008 0.097125 0.088069 0.122598 0.181494 0.237127 0.187160 0.230452 0.208970 0.248008 0.190315 0.234686 0.227490 0.253581 0.234184 0.263926 0.251408 0.329342 0.345671 0.357171 0.373970 0.408693 0.367464 0.397727 0.380615 0.349792 0.372284 0.285352 0.257295 0.218483 0.218294 0.193644 0.278055 0.226652 0.259449 0.230813 0.250214 0.250785 0.252406 0.277135 0.252749 0.237950 0.221249 0.228219 0.217042 0.220808 0.173884 0.129073 0.174727 0.162448 0.188960 0.146587 0.087263 0.153484 0.163398 0.196337 0.233239 0.276782 0.316206 0.281229 0.233983 0.231435 0.227629 0.245798 0.194029 0.180688 0.160812 0.174556 
192837465
15
0.163910 0.160596 0.150133 0.198420 0.196775 0.192485 0.232704 0.218848 0.179866 0.212344 0.241130 0.256482 0.205177 0.211208 0.186922 0.212358 0.293959 0.290221 0.361373 0.321899 0.309879 0.290848 0.274867 0.311706 0.332772 0.316680 0.321580 0.366185 0.401425 0.382412 0.364856 0.330340 0.314815 0.296654 0.269059 0.241367 0.259393 0.278599 0.248242 0.265492 0.269458 0.207449 0.210419 0.194665 0.211172 0.235252 0.238816 0.242009 0.243760 0.187931 0.151815 0.148085 0.141999 0.090431 0.156842 0.169159 0.214777 0.236108 0.212133 0.204056 0.240131 0.163842 0.157986 0.163894 0.149418 0.190529 0.235164 0.179976 0.205131 0.241695 0.295034 0.321967 0.342818 0.297776 0.316259 0.337799 0.308756 0.272878 0.284069 0.270627 0.297523 0.258037 0.226857 0.249292 0.246063 0.188895 0.172148 0.196316 0.250276 0.295650 0.270700 0.306034 0.365933 0.255963 0.257134 0.225941 0.227293 0.181820 0.150722 0.085581 0.089848 0.144025 0.173049 0.199962 0.168827 0.223292 0.221261 0.206157 0.216363 0.244521 0.295641 0.295427 0.280680 0.271792 0.265866 0.250925 0.251841 0.248907 0.197862 0.192416 
192837465
