1200.000000
160.000000
120
16
1
0.500000
2
2
0
0.315586 0.305805 0.295743 0.283859 0.214330 0.283928 0.270509 0.289047 0.263113 0.263001 0.298453 0.307291 0.281008 0.280690 0.235096 0.245821 0.190675 0.190533 0.160987 0.150406 0.206149 0.159794 0.114589 0.085436 0.112763 0.151475 0.117665 0.128765 0.165622 0.155432 0.164746 0.142797 0.206113 0.153168 0.205379 0.188406 0.228938 0.211053 0.183732 0.174424 0.172122 0.165695 0.249051 0.284570 0.226226 0.271931 0.231881 0.207965 0.239396 0.286073 0.310757 0.262711 0.303811 0.312841 0.336924 0.314529 0.292065 0.318903 0.234368 0.243658 0.216127 0.198188 0.197836 0.186001 0.240423 0.182587 0.229691 0.220428 0.233467 0.262953 0.242206 0.175963 0.149167 0.200619 0.207220 0.218119 0.237512 0.224685 0.236492 0.284445 0.277780 0.300395 0.326412 0.275555 0.260655 0.192773 0.195310 0.218909 0.255458 0.254832 0.260311 0.229967 0.238733 0.253862 0.172887 0.187686 0.181302 0.224586 0.224412 0.208406 0.249464 0.263478 0.225993 0.258085 0.243619 0.236351 0.206943 0.202870 0.216791 0.210309 0.200939 0.272119 0.252242 0.189767 0.193739 0.211807 0.201614 0.237845 0.276652 0.186406 
192837465
1
0.217748 0.290540 0.342719 0.289992 0.303423 0.337229 0.297685 0.365721 0.344839 0.304338 0.363276 0.362355 0.352241 0.266204 0.275606 0.276262 0.245737 0.266527 0.255290 0.277253 0.294627 0.232484 0.222860 0.154444 0.179995 0.205286 0.136964 0.127105 0.124535 0.151807 0.168839 0.214775 0.175626 0.170573 0.153447 0.095330 0.109565 0.143400 0.175064 0.181157 0.183827 0.152036 0.147475 0.236038 0.236838 0.236018 0.253798 0.216399 0.200666 0.200717 0.219814 0.264856 0.214934 0.228531 0.256120 0.234075 0.247289 0.246504 0.230991 0.240429 0.239898 0.176679 0.209138 0.170469 0.249993 0.199524 0.249260 0.163658 0.214866 0.254411 0.259495 0.235831 0.143821 0.236024 0.239336 0.254713 0.210646 0.222768 0.222674 0.237277 0.208288 0.228750 0.232801 0.195693 0.240798 0.237306 0.258145 0.269088 0.342882 0.349128 0.345579 0.333731 0.291362 0.225145 0.291754 0.213593 0.233305 0.287444 0.204419 0.185893 0.245454 0.231241 0.221448 0.249736 0.249232 0.275443 0.281734 0.265706 0.257732 0.298551 0.341698 0.307719 0.306835 0.261904 0.309462 0.288248 0.279283 0.289561 0.340664 0.239406 
192837465
2
0.237498 0.311532 0.244920 0.291660 0.305963 0.320154 0.369494 0.364244 0.374944 0.379559 0.328081 0.268491 0.287974 0.300584 0.284016 0.324607 0.356724 0.358386 0.336184 0.306599 0.315447 0.321638 0.301998 0.252086 0.238213 0.297799 0.231451 0.296644 0.311726 0.224858 0.226802 0.130722 0.123782 0.125044 0.069976 0.137868 0.088368 0.076501 0.093127 0.170362 0.191880 0.205083 0.152938 0.198018 0.211440 0.270451 0.197970 0.150672 0.222962 0.185631 0.213686 0.192062 0.209518 0.248480 0.197066 0.144403 0.141669 0.155133 0.126865 0.119562 0.109422 0.131297 0.144275 0.151101 0.178928 0.143340 0.214529 0.261225 0.259318 0.249303 0.238614 0.241807 0.230940 0.173850 0.229899 0.208320 0.281545 0.265851 0.251603 0.297283 0.268624 0.332924 0.301157 0.284744 0.318097 0.277965 0.325362 0.293169 0.305607 0.315998 0.330775 0.384684 0.336470 0.350454 0.357241 0.289007 0.300806 0.279044 0.275867 0.233968 0.262215 0.231371 0.192102 0.211050 0.261870 0.245911 0.188741 0.249226 0.257161 0.288336 0.307738 0.253738 0.332668 0.332546 0.289945 0.291916 0.319878 0.328497 0.286112 0.303448 
192837465
3
0.321501 0.205839 0.270353 0.286605 0.253412 0.285186 0.303208 0.317231 0.362837 0.391885 0.284554 0.255099 0.283205 0.298415 0.310733 0.285167 0.362285 0.337396 0.323753 0.358767 0.342484 0.278898 0.385748 0.356003 0.306205 0.315124 0.302758 0.335715 0.304129 0.315680 0.210405 0.205442 0.158337 0.057614 0.094931 0.174550 0.186447 0.179564 0.138610 0.173508 0.211731 0.187662 0.150010 0.115569 0.083272 0.090160 0.116904 0.133202 0.195910 0.207725 0.242129 0.272054 0.256650 0.204662 0.165637 0.137148 0.132064 0.159436 0.151304 0.118853 0.101065 0.096642 0.077064 0.080437 0.068499 0.188006 0.196172 0.223240 0.228970 0.198130 0.219994 0.218940 0.275743 0.276996 0.274413 0.322012 0.323834 0.317952 0.352923 0.347376 0.288953 0.230086 0.272035 0.238835 0.255059 0.229736 0.257235 0.296147 0.264761 0.316827 0.366206 0.373432 0.387480 0.359808 0.363492 0.273452 0.239002 0.297437 0.298807 0.255857 0.202114 0.179949 0.177320 0.187164 0.174969 0.264188 0.275125 0.233128 0.228858 0.271093 0.297862 0.281779 0.357173 0.349387 0.340763 0.342038 0.307758 0.302183 0.237487 0.210803 
192837465
4
0.288555 0.226889 0.277331 0.239977 0.214663 0.160061 0.262424 0.209836 0.259239 0.294894 0.209834 0.171490 0.257607 0.308417 0.352748 0.432484 0.376195 0.362005 0.344249 0.365163 0.345446 0.330693 0.351155 0.308459 0.340004 0.312434 0.276495 0.280364 0.256551 0.255228 0.260857 0.207463 0.211504 0.267128 0.224754 0.288667 0.233448 0.153630 0.146600 0.172927 0.166918 0.133503 0.098504 0.141933 0.125744 0.123115 0.105047 0.161376 0.217226 0.272915 0.338662 0.335448 0.318742 0.292759 0.257898 0.222426 0.223907 0.221427 0.288666 0.229227 0.199936 0.155868 0.119203 0.128972 0.075688 0.124318 0.085143 0.135331 0.155518 0.207429 0.182365 0.243864 0.298789 0.291764 0.313054 0.321398 0.277699 0.309657 0.330194 0.336671 0.289457 0.339008 0.291846 0.243905 0.285631 0.263339 0.311925 0.363747 0.350541 0.316832 0.327498 0.379044 0.396685 0.352250 0.340926 0.276483 0.287088 0.346642 0.332801 0.266332 0.211598 0.183773 0.207883 0.222364 0.207848 0.197011 0.286833 0.240837 0.263583 0.235466 0.245831 0.293851 0.272163 0.252413 0.265790 0.324916 0.285189 0.260142 0.195876 0.197379 
192837465
5
0.279278 0.245335 0.249401 0.304095 0.253284 0.215102 0.186940 0.195273 0.287022 0.278991 0.247111 0.221861 0.256080 0.305791 0.378436 0.346581 0.369504 0.310035 0.371251 0.394339 0.375276 0.410540 0.352339 0.344727 0.301053 0.309308 0.246619 0.246751 0.205910 0.242107 0.285969 0.262368 0.208605 0.250274 0.270323 0.300359 0.294630 0.222597 0.157684 0.150606 0.184462 0.180295 0.166966 0.124606 0.138732 0.192677 0.142083 0.228286 0.244221 0.328542 0.357348 0.313044 0.327446 0.286589 0.319002 0.230094 0.213898 0.236661 0.211820 0.218237 0.173727 0.164072 0.223204 0.159298 0.140578 0.110163 0.110677 0.066664 0.130246 0.167878 0.171696 0.241426 0.291516 0.300912 0.290296 0.338830 0.307164 0.321377 0.352802 0.309390 0.366768 0.354109 0.364761 0.357376 0.288803 0.326303 0.282994 0.264915 0.295352 0.309844 0.317638 0.279011 0.320243 0.274713 0.283943 0.305775 0.248712 0.298844 0.220770 0.207153 0.219215 0.282955 0.269748 0.255997 0.197260 0.230204 0.240010 0.262333 0.249526 0.225083 0.236484 0.236839 0.261120 0.260787 0.241584 0.213811 0.161517 0.186612 0.213255 0.159947 
192837465
6
0.259997 0.246705 0.256180 0.216009 0.187746 0.169224 0.185626 0.235274 0.219198 0.269752 0.256567 0.250469 0.228113 0.337569 0.330431 0.317842 0.386567 0.390426 0.366976 0.382170 0.361963 0.366115 0.377450 0.359800 0.322701 0.276782 0.217913 0.220502 0.228903 0.260694 0.286236 0.302512 0.247530 0.204261 0.228242 0.279608 0.276022 0.300663 0.279276 0.232500 0.197248 0.239842 0.241550 0.133119 0.152465 0.175015 0.226803 0.187312 0.256512 0.262384 0.264930 0.268269 0.260458 0.251157 0.234112 0.174775 0.271662 0.258440 0.241288 0.235321 0.221748 0.248281 0.237080 0.251377 0.253780 0.183849 0.117033 0.146363 0.176942 0.205209 0.184454 0.283991 0.308318 0.300290 0.327439 0.314593 0.310586 0.330900 0.369560 0.386540 0.388504 0.331831 0.333745 0.349477 0.338186 0.320334 0.291531 0.293719 0.298118 0.183987 0.199932 0.262891 0.264016 0.254575 0.243152 0.237296 0.201943 0.215074 0.216217 0.222261 0.256632 0.214343 0.265002 0.231120 0.262461 0.211145 0.307057 0.260632 0.210443 0.238190 0.233258 0.246965 0.248265 0.254058 0.244195 0.213950 0.148262 0.110487 0.104986 0.119257 
192837465
7
0.112257 0.227913 0.274715 0.341916 0.254970 0.222625 0.264773 0.184830 0.255862 0.277784 0.242979 0.221840 0.309292 0.232901 0.282299 0.285436 0.326036 0.367577 0.343372 0.303863 0.348297 0.314644 0.328304 0.286789 0.293369 0.294248 0.277276 0.246067 0.271329 0.281175 0.343633 0.342288 0.329552 0.306471 0.306952 0.282639 0.330971 0.324386 0.333773 0.255322 0.259629 0.241585 0.238993 0.186293 0.208903 0.202904 0.199685 0.249616 0.247406 0.327551 0.291273 0.335772 0.306958 0.280146 0.222565 0.188122 0.177020 0.188177 0.249735 0.255413 0.318260 0.217632 0.229001 0.235942 0.246657 0.208372 0.213488 0.234752 0.204522 0.224950 0.284642 0.268097 0.311559 0.383925 0.318643 0.345279 0.369699 0.329814 0.275802 0.261451 0.256995 0.319010 0.330751 0.295733 0.290451 0.288132 0.268107 0.300966 0.296843 0.235498 0.227300 0.258111 0.255404 0.273823 0.220559 0.229423 0.282691 0.290487 0.243530 0.244652 0.286589 0.250067 0.228711 0.261672 0.246353 0.191840 0.260772 0.306852 0.283962 0.259632 0.272544 0.237287 0.241272 0.271999 0.208820 0.154843 0.150369 0.131657 0.133442 0.121887 
192837465
8
0.237838 0.225408 0.279705 0.190891 0.196522 0.140180 0.191996 0.206945 0.285244 0.271581 0.255305 0.326570 0.259672 0.266561 0.260565 0.277566 0.310171 0.285391 0.301521 0.331984 0.277865 0.289831 0.341598 0.324461 0.288448 0.214667 0.222803 0.247157 0.274121 0.350232 0.372027 0.312305 0.310791 0.268069 0.240985 0.254984 0.317926 0.340847 0.348792 0.330667 0.403468 0.339053 0.312783 0.298846 0.277960 0.251973 0.223192 0.246632 0.331523 0.329757 0.439221 0.365111 0.297939 0.226640 0.220257 0.270600 0.296667 0.286627 0.303242 0.225166 0.234900 0.158779 0.219910 0.251368 0.276951 0.255170 0.262991 0.275026 0.254765 0.257327 0.279557 0.301384 0.323709 0.354942 0.365922 0.321537 0.366647 0.381038 0.302766 0.320865 0.332862 0.307653 0.281611 0.374755 0.316594 0.327299 0.330652 0.270996 0.284075 0.324733 0.300054 0.304238 0.389626 0.331331 0.303527 0.298881 0.261578 0.297904 0.323965 0.246553 0.311195 0.311809 0.344631 0.287603 0.301524 0.231953 0.264355 0.273097 0.232066 0.261024 0.210312 0.189707 0.209483 0.200940 0.200479 0.196124 0.243349 0.222067 0.176733 0.129440 
192837465
9
0.121997 0.168254 0.249987 0.253853 0.177369 0.194039 0.226905 0.205145 0.228765 0.231747 0.191104 0.215330 0.281171 0.288935 0.316547 0.321513 0.298080 0.291809 0.281909 0.312772 0.248927 0.224953 0.249153 0.237751 0.206970 0.129282 0.175846 0.192339 0.201039 0.213119 0.311747 0.281064 0.263096 0.298692 0.253779 0.294114 0.275457 0.285675 0.368681 0.375479 0.405018 0.432244 0.334393 0.348190 0.347750 0.309564 0.290877 0.251251 0.303819 0.297505 0.325549 0.408665 0.437827 0.367341 0.336057 0.292207 0.252968 0.223628 0.199443 0.223587 0.185109 0.215590 0.189598 0.205519 0.250336 0.233210 0.293512 0.285975 0.256566 0.255173 0.246757 0.248595 0.283573 0.273392 0.276697 0.237994 0.276457 0.393739 0.383913 0.383057 0.336258 0.313529 0.283935 0.395096 0.352164 0.388308 0.358366 0.342035 0.374319 0.371888 0.348197 0.383151 0.378685 0.395615 0.360256 0.298795 0.342845 0.347834 0.304163 0.332026 0.294511 0.351247 0.322664 0.241436 0.257414 0.236658 0.308206 0.304305 0.194452 0.237413 0.249371 0.199231 0.278255 0.230750 0.204822 0.260055 0.257269 0.244794 0.213333 0.222646 
192837465
10
0.159556 0.164043 0.221857 0.250126 0.288007 0.256294 0.272832 0.236238 0.325772 0.276372 0.265243 0.231721 0.201124 0.308476 0.287814 0.285358 0.281260 0.306226 0.301882 0.210916 0.187053 0.182837 0.170593 0.216061 0.208066 0.172309 0.158030 0.150808 0.139398 0.154609 0.193977 0.239056 0.248687 0.243648 0.245938 0.218079 0.199879 0.255161 0.277031 0.352125 0.335645 0.369799 0.260634 0.272462 0.311593 0.292204 0.339728 0.317727 0.323650 0.364677 0.297057 0.334631 0.338701 0.288471 0.254551 0.269116 0.211181 0.193468 0.171582 0.230435 0.179000 0.202945 0.220198 0.251025 0.230077 0.277788 0.310983 0.262709 0.275977 0.284444 0.324908 0.296347 0.311600 0.227721 0.237825 0.273174 0.293612 0.308604 0.299315 0.284608 0.271250 0.186479 0.226774 0.351348 0.347937 0.338311 0.284097 0.330142 0.341493 0.385678 0.453493 0.419710 0.427839 0.390544 0.383438 0.343470 0.341810 0.379411 0.372262 0.381230 0.341718 0.363406 0.339420 0.298466 0.295888 0.268199 0.289665 0.271858 0.206558 0.220143 0.236607 0.252796 0.277027 0.310800 0.313492 0.328988 0.331426 0.254291 0.258990 0.286482 
192837465
11
0.082684 0.151480 0.202402 0.220484 0.244889 0.295520 0.272613 0.245483 0.318468 0.259644 0.239114 0.265496 0.246738 0.283989 0.276333 0.248793 0.205225 0.259974 0.242587 0.171336 0.153934 0.135559 0.167045 0.244623 0.225877 0.199170 0.172626 0.193092 0.216013 0.201932 0.184350 0.186869 0.206234 0.196585 0.203039 0.179857 0.193776 0.234406 0.262375 0.289315 0.275474 0.247003 0.216167 0.224629 0.244302 0.286397 0.299479 0.291468 0.348583 0.324032 0.256776 0.260292 0.252375 0.335924 0.300771 0.337176 0.238713 0.165308 0.158677 0.178217 0.159369 0.164466 0.222604 0.231057 0.222709 0.260367 0.211101 0.240217 0.238501 0.309171 0.274773 0.262565 0.295857 0.228427 0.257583 0.247325 0.254220 0.250439 0.269086 0.261150 0.218966 0.227468 0.290355 0.359129 0.343368 0.347811 0.329773 0.377521 0.394903 0.384054 0.402591 0.440984 0.422020 0.378696 0.393258 0.374691 0.341267 0.362436 0.326946 0.344922 0.320627 0.287474 0.242446 0.271734 0.252093 0.214660 0.233831 0.183255 0.186033 0.223641 0.199050 0.198516 0.243082 0.297466 0.315484 0.364743 0.389958 0.355419 0.322280 0.276968 
192837465
12
0.185871 0.176112 0.168022 0.204349 0.278597 0.297565 0.276117 0.173495 0.164045 0.171860 0.197287 0.262212 0.265029 0.231110 0.213717 0.177696 0.179404 0.183782 0.214375 0.177649 0.095037 0.119286 0.080379 0.114729 0.201451 0.155208 0.156697 0.166040 0.148426 0.071512 0.117902 0.171784 0.204536 0.171613 0.189104 0.162010 0.217814 0.232750 0.210782 0.180015 0.232583 0.142598 0.169550 0.193924 0.206009 0.294699 0.290147 0.289410 0.258399 0.201734 0.269692 0.282617 0.246402 0.286890 0.306370 0.279254 0.218200 0.134212 0.099465 0.112651 0.099926 0.084215 0.131922 0.193621 0.288289 0.307447 0.278012 0.269673 0.249719 0.230852 0.244837 0.273697 0.254630 0.253152 0.254273 0.232781 0.227243 0.232159 0.257344 0.230053 0.242645 0.228051 0.287999 0.367266 0.369490 0.335225 0.294451 0.316292 0.368634 0.360472 0.375849 0.356954 0.338904 0.406842 0.360945 0.342162 0.331135 0.234699 0.219793 0.201475 0.156426 0.211677 0.242231 0.255478 0.254367 0.274854 0.186544 0.152298 0.164774 0.146567 0.141255 0.175464 0.246962 0.298682 0.310744 0.349636 0.344955 0.339972 0.316228 0.325633 
192837465
13
0.210943 0.163266 0.138514 0.191695 0.216300 0.257507 0.208892 0.132053 0.116748 0.145417 0.139624 0.177743 0.185162 0.185972 0.201641 0.237732 0.211156 0.176226 0.235284 0.200044 0.166663 0.188290 0.206199 0.180187 0.194560 0.164480 0.148885 0.150078 0.119704 0.142786 0.144812 0.207672 0.227692 0.229887 0.243370 0.261187 0.238841 0.229873 0.236958 0.187020 0.241543 0.199221 0.182011 0.228692 0.237289 0.259613 0.246497 0.260607 0.274435 0.269921 0.258686 0.257225 0.280868 0.313618 0.285854 0.248684 0.240852 0.191147 0.199271 0.145207 0.137312 0.201753 0.233005 0.182654 0.201446 0.189977 0.193978 0.200168 0.202737 0.205181 0.217927 0.201323 0.170851 0.183358 0.227517 0.261235 0.194783 0.189550 0.209365 0.303071 0.250420 0.173940 0.245362 0.294394 0.295623 0.286378 0.343472 0.309787 0.317849 0.360334 0.393866 0.380095 0.384370 0.381385 0.369279 0.287169 0.314620 0.334222 0.262064 0.248105 0.229883 0.181102 0.162554 0.189249 0.118297 0.083580 0.055612 0.100138 0.103924 0.193129 0.213782 0.214989 0.242347 0.253419 0.234237 0.285024 0.291691 0.279653 0.269897 0.240377 
192837465
14
0.195685 0.176479 0.128973 0.090348 0.137348 0.193506 0.172191 0.141452 0.145572 0.122790 0.154779 0.162482 0.195482 0.233035 0.219905 0.216076 0.185622 0.142716 0.151305 0.165855 0.140788 0.173470 0.144551 0.220483 0.253842 0.230918 0.209868 0.249976 0.184102 0.234602 0.256370 0.327898 0.374942 0.347502 0.325839 0.293450 0.291292 0.305306 0.273414 0.266030 0.259490 0.290023 0.287276 0.281861 0.203409 0.217530 0.195912 0.201039 0.218633 0.192346 0.163516 0.177748 0.185530 0.224809 0.254470 0.259399 0.241256 0.224721 0.264152 0.286113 0.216406 0.260806 0.207757 0.260865 0.257399 0.234719 0.196087 0.186558 0.156432 0.201296 0.183689 0.135661 0.144922 0.189714 0.222047 0.172065 0.179937 0.178862 0.208162 0.252606 0.276933 0.276522 0.340382 0.320342 0.340326 0.348938 0.348905 0.355920 0.384607 0.344709 0.331197 0.330495 0.309614 0.387136 0.325198 0.340030 0.258872 0.269783 0.267518 0.261890 0.213239 0.193444 0.142516 0.154940 0.117169 0.007500 0.007500 0.023483 0.022606 0.043890 0.081742 0.190603 0.213580 0.204927 0.205274 0.254383 0.284958 0.292550 0.234064 0.169827 
192837465
15
0.130994 0.164378 0.139255 0.069157 0.160121 0.148203 0.117130 0.110464 0.218382 0.142868 0.084251 0.141572 0.163015 0.133839 0.190121 0.221931 0.234106 0.202658 0.164520 0.164428 0.146183 0.217135 0.187500 0.170350 0.285885 0.299131 0.309341 0.305240 0.252442 0.288097 0.247829 0.275573 0.336339 0.368894 0.388778 0.342815 0.273995 0.262585 0.329312 0.335658 0.243444 0.271661 0.257177 0.315873 0.235092 0.149781 0.189919 0.210510 0.208701 0.170597 0.188211 0.193492 0.252246 0.240266 0.249971 0.263267 0.327279 0.317982 0.255153 0.289376 0.266439 0.245708 0.286563 0.277553 0.290455 0.217272 0.223925 0.196642 0.207955 0.184414 0.111206 0.187601 0.123840 0.158442 0.121093 0.141849 0.207486 0.247359 0.299502 0.283840 0.230819 0.218021 0.299115 0.375945 0.355504 0.331277 0.324175 0.264965 0.314624 0.332280 0.315092 0.288564 0.294663 0.249194 0.299521 0.354212 0.332814 0.246250 0.284226 0.276357 0.205671 0.135481 0.095070 0.160343 0.105692 0.132025 0.117176 0.107262 0.096181 0.076440 0.057241 0.128358 0.159074 0.178524 0.254874 0.304200 0.334953 0.320280 0.253131 0.256789 
192837465
