1200.000000
160.000000
120
16
1
0.500000
2
2
0
-0.566154 -0.303687 0.267978 0.975032 1.512513 1.789807 1.989152 2.782412 2.511880 2.317756 1.830038 1.038372 1.333090 1.446348 0.165752 0.694732 0.378103 0.113100 -0.025754 -0.863659 -1.053946 -0.248389 -0.114229 -0.902026 -0.222778 -0.362619 -0.131704 0.504167 1.368830 1.440268 0.697490 0.886955 0.872888 1.145725 1.036044 1.127589 0.786871 -0.020689 0.468457 1.095893 -0.198195 -1.037938 -1.380126 -2.259438 -2.071089 -3.385304 -2.175039 -1.115479 -1.242815 -1.237342 -1.895277 -2.007162 -1.797425 -0.945502 -0.679462 -0.819543 -0.956799 -1.110817 -1.073717 -0.022738 0.561904 1.080019 0.402943 -0.591813 -0.045326 0.319233 -0.448926 -0.486854 -0.717742 -0.204903 -0.311398 0.255402 -0.640279 -0.791761 -1.301258 -1.319497 -0.499646 -0.024745 0.784033 0.406021 1.391736 0.295616 0.163627 0.462159 -0.100645 0.592531 1.321713 0.692098 0.696817 0.712702 0.694255 -0.268377 -1.272611 -0.601651 -0.704769 -1.036155 -1.694931 -1.550233 -2.162481 -0.931374 -0.931933 -1.199798 -1.097601 -0.596188 -0.472336 0.364006 0.303138 -0.342425 0.027219 -0.612505 -0.003338 0.160199 0.280032 0.859808 1.097147 1.391319 0.966092 1.448128 1.213930 0.633250 
192837465
1
-0.303746 0.439076 0.937042 0.851903 0.819020 1.941761 1.414067 2.167888 1.593293 1.666318 0.969094 0.544354 0.631964 0.069998 0.427159 0.408047 1.284042 1.739880 1.293791 0.538456 1.193283 1.260965 0.653363 -0.117605 -0.156733 0.606251 1.068319 0.364818 1.735635 1.441370 2.024695 1.830152 1.421219 1.635453 1.761720 0.226053 0.279453 -0.093906 -0.440067 -1.131442 -1.970844 -1.557265 -2.337472 -2.664721 -2.051858 -2.772470 -2.504362 -2.007504 -1.061100 -2.764613 -2.645780 -3.216964 -2.921285 -3.004257 -1.564344 -2.281482 -1.333907 -1.050888 -0.158120 0.978998 0.895269 1.060683 0.400342 0.981180 0.542521 0.680089 1.097225 0.463472 0.401507 0.064962 -0.474537 -0.677245 0.313302 0.464269 -0.533664 -0.033852 -0.504727 -1.054122 0.704553 -0.270114 0.008230 0.515419 0.084752 0.521271 -0.120909 -0.508123 0.488524 1.051834 0.876176 -0.206037 -0.368900 -0.606992 -0.744509 -0.462883 -0.801353 -1.532100 -1.550642 -2.107479 -1.163082 -0.821318 -1.214026 -1.538718 -0.712285 0.354269 0.338776 -0.076181 0.248222 0.390233 0.705392 0.895941 0.395184 1.468570 1.662497 2.060649 1.799315 1.168057 0.735295 1.013158 1.017224 1.005779 
192837465
2
-0.633931 -0.218972 0.880489 1.311583 1.211335 0.745473 0.354173 0.904129 1.148225 0.881599 -0.227512 -0.309092 0.446356 0.272874 0.250887 0.934659 1.004642 1.016481 0.980520 0.052202 -0.412419 -0.918712 -0.299765 0.262959 0.697603 1.059946 0.457647 1.157411 1.059166 1.781777 2.011479 1.975421 2.435875 2.425305 1.331152 1.182689 0.339786 -0.155890 -1.553795 -2.379802 -2.460733 -2.927646 -1.815206 -1.966378 -1.972282 -1.884289 -2.714914 -1.911202 -1.437050 -2.007228 -2.288491 -2.220312 -2.897985 -2.447340 -2.957196 -2.451228 -2.143485 -0.739227 0.386431 0.224375 1.457167 1.687995 0.783070 0.907121 0.889781 0.469832 -0.545433 0.553277 0.394443 0.621140 0.788696 0.826215 0.601137 -0.225545 -1.006717 -0.713503 -0.758253 0.157758 -0.313886 -0.076155 0.589732 0.707086 -0.213552 0.184849 1.107341 1.608820 1.472229 1.872534 1.611019 0.701788 -0.238715 -1.285966 -1.095367 -0.935144 -1.078158 -1.572111 -1.008444 -1.393737 -0.517607 -0.086416 -0.208044 -0.201601 0.183970 0.327814 -0.155043 0.025736 0.842931 0.733590 -0.087642 0.176954 1.207913 1.157145 1.386480 1.248320 1.234491 0.146602 -0.023195 1.490466 1.673678 1.769955 
192837465
3
0.172890 0.117193 0.072414 -0.046344 0.830890 1.770630 1.477869 1.262693 -0.120978 0.054209 -0.328564 -0.003029 0.217156 0.129517 -0.534452 0.510876 -0.034188 0.393339 0.750785 0.384972 0.294227 0.479511 -0.088893 0.424838 0.468895 0.804633 1.166551 1.367488 1.473618 1.737987 1.835334 1.709917 2.349610 2.332338 1.892622 1.121626 0.615738 -0.686424 -1.165849 -1.949942 -1.615872 -2.168828 -1.484112 -2.203814 -2.000542 -2.105611 -1.472233 -1.396344 -1.955868 -1.493985 -1.268606 -2.859796 -2.780678 -2.624385 -2.589242 -2.315725 -1.184959 -0.894490 -0.479162 1.528796 1.956655 1.626276 1.384867 0.327028 0.310428 0.840093 1.948786 1.621056 1.065740 1.225876 -0.014222 0.350070 0.799096 -0.122998 -0.623580 -0.271428 -0.232626 -0.065169 -0.853456 0.040318 0.557840 -0.274164 -0.131681 0.244516 0.833848 0.761740 1.161883 1.492387 1.053797 0.344596 0.027451 -0.499309 0.365758 0.015155 -0.050443 -0.540198 -0.433986 -0.413056 -0.237623 -0.587990 -1.418071 -1.263372 -0.867548 -0.537745 -0.087887 0.290592 0.249843 -0.215580 0.170927 0.635737 1.367042 1.566724 0.641371 0.198230 0.049786 1.052226 1.752794 2.035115 2.009247 2.402029 
192837465
4
0.495697 0.729948 0.450280 1.169816 0.659467 0.295214 0.575620 1.607650 1.998853 -0.217904 -0.864552 -0.299404 -0.824811 -1.492640 -1.158435 -0.745683 -0.583836 -1.437604 0.299568 0.040458 0.817861 -0.378177 0.255377 0.735350 0.408688 0.599810 0.327824 0.503564 0.580764 0.652917 0.183082 0.087233 1.081017 1.959441 1.869395 1.572379 0.838893 -0.858105 -0.632248 -0.884931 -1.494264 -1.305535 -1.079155 -1.314205 -1.244089 -2.781068 -2.691734 -2.507900 -2.342065 -2.235586 -2.261404 -1.986525 -2.042313 -1.257670 -1.192521 -0.986775 -1.259476 -0.815183 -0.077412 1.019773 1.215931 1.958371 1.566593 0.643527 0.812115 0.543289 1.241388 0.610367 0.563089 1.523599 1.108424 -0.155214 -0.385189 -0.390352 -1.006852 -0.068973 0.206798 -0.460588 -0.609251 -0.717667 -0.764571 -0.215373 0.361960 -0.586968 0.048153 0.842140 0.333358 -0.127478 0.378701 0.400831 -0.070065 -0.057149 -0.388816 -0.544797 0.180058 0.329938 0.492597 0.220380 1.031547 0.422118 -0.281621 -0.111542 -0.434715 -0.252026 -0.385610 0.353454 0.787302 0.896462 0.444456 1.072016 1.495653 1.044434 1.942386 2.360304 2.436269 1.428927 1.707718 2.245353 1.355628 0.749922 
192837465
5
0.492693 0.649016 0.631212 0.823659 1.079632 0.961584 1.092750 1.155023 0.473285 -0.290275 -0.013672 -0.131981 0.040255 -1.074611 -0.638942 -0.259439 -0.688424 0.192591 0.978501 0.698239 1.338915 1.864761 0.461843 0.820597 0.567893 -0.051509 0.303312 0.548233 0.364223 0.395726 0.300020 0.348993 0.756688 0.912121 0.821007 0.877027 1.347708 1.132499 0.335633 -0.461259 -0.136182 0.152470 0.321606 -0.276517 -0.436179 -0.958779 -1.118012 -1.816717 -1.780282 -1.322639 -0.929204 -0.137150 -0.492078 -0.649357 -1.328875 -1.111034 -1.431538 -0.515938 0.705375 1.843793 0.955367 1.239574 2.220515 1.606972 0.575651 0.480786 0.703905 0.900623 1.081129 0.093767 1.247281 -0.106623 -0.164864 -0.652671 -0.157754 0.795677 -0.498459 -1.607691 -1.390083 -1.480937 -2.219697 -1.631095 -1.306717 -1.336247 -0.748342 -0.780496 -0.240339 -0.253889 0.735010 -0.106558 0.731756 0.863609 -0.160340 -0.288502 0.553096 0.761204 0.674219 0.355609 0.722737 1.289078 1.021388 -0.089231 0.443614 0.798175 1.062184 1.478410 1.940581 0.749576 1.515006 0.922547 1.279341 1.470401 2.445937 2.203257 2.544622 1.802483 1.351396 0.941302 0.909967 0.819843 
192837465
6
-0.746633 -0.883007 -0.251196 -1.448059 -0.607358 0.717250 0.043555 -0.167624 -0.182410 -1.335916 -0.921324 0.801222 0.276039 -1.013136 -0.005831 -0.189680 0.358685 -0.118620 0.717375 0.221182 0.196525 0.811893 0.754108 0.548935 0.962893 0.755561 1.229529 -0.026469 0.749880 1.520239 1.991026 1.422777 0.782218 1.173702 0.550665 0.686845 0.230133 0.179372 -0.157526 -0.564574 -0.376026 -0.611796 -0.729534 -0.339308 -1.114298 -1.009136 -1.598695 -2.264024 -2.352875 -1.781543 -1.174040 -1.267916 -0.677499 -1.182736 -0.837955 -0.150155 -0.312672 0.608346 0.821796 0.357959 0.766390 0.862054 1.749166 0.972446 0.186995 0.835631 0.770346 0.958305 1.342308 0.781829 -0.153366 -0.049070 -1.089797 -1.137695 -0.839636 -0.904341 -1.381554 -1.596182 -2.089487 -1.037648 -1.615368 -0.564194 -0.863610 -0.640206 -0.330271 -0.618341 -0.069396 0.943934 1.141220 0.847464 1.852160 0.568493 0.108809 0.717226 0.664477 1.098084 0.718468 1.214453 0.007716 -0.077981 -0.030948 -0.449111 -1.298702 -0.496599 0.171122 1.244755 1.677549 1.190757 0.809017 1.277022 0.664542 0.385918 0.640316 1.249336 0.346365 1.024142 0.686762 0.358315 -0.027493 1.272103 
192837465
7
-0.112747 -0.176369 -0.848217 -1.830089 -1.773063 -1.051794 -0.978314 -1.323834 -1.502049 -1.289727 -1.669661 -0.664830 -0.029835 0.488437 0.018707 -0.084321 -0.029689 0.536341 -0.318522 -0.267020 0.639839 0.616212 0.923180 0.960754 0.394712 0.801889 0.900699 1.287815 1.348149 1.469222 1.203211 1.773549 1.665697 0.803729 0.960064 0.055435 -0.630520 -0.666915 -1.684921 -0.592235 -1.182156 -1.477071 -2.412006 -2.372268 -1.076365 -0.824348 -0.648922 -1.025313 -2.178012 -1.398464 -0.400863 0.120452 0.150240 0.690653 0.747323 0.711241 0.874615 0.546445 0.746467 1.137437 1.016708 0.499059 1.033017 0.115338 0.684947 -0.139442 0.461171 -0.149411 -0.597648 0.529962 -0.422362 -0.613599 -0.929568 -1.214020 -1.342995 -2.045956 -1.894324 -0.598686 -0.541199 -0.290282 -0.495876 -0.436559 -1.006807 0.087681 -0.027230 -0.077239 -0.257971 -0.471567 -0.138614 0.805523 1.727301 1.343791 1.288051 0.036965 -0.047183 0.216203 0.452169 0.562893 0.486641 0.254296 0.501247 0.153726 -0.531463 -0.607117 0.265023 0.257823 -0.255202 -0.237149 -0.209293 -0.152569 0.285311 0.154277 0.751665 -0.652378 -0.253060 -0.581123 -1.455077 -1.085221 -1.460608 -0.917687 
192837465
8
-0.373005 -1.200365 -1.351018 -0.785844 0.129973 -0.331544 0.091836 -1.170710 -1.498398 -1.229673 -0.990478 0.154966 0.504731 -0.012484 0.348614 0.890189 1.179456 0.341766 -0.456053 -0.696196 -0.613120 -0.287228 0.258619 -0.297339 -0.053894 0.175278 0.601485 -0.122972 0.944830 0.456145 1.397109 0.815996 0.807258 0.204028 0.228020 0.199108 0.024374 -0.192462 -0.760176 -0.599804 -0.825610 -0.619433 -1.043322 -1.465889 -2.113872 -1.962437 -1.487077 -1.398445 -1.353772 0.527254 1.046435 0.682870 0.727744 0.986776 0.794009 0.115646 1.626253 1.422573 1.362882 1.538708 2.011515 1.459186 1.444034 1.263316 1.747883 0.647949 -0.415413 0.535419 -0.314170 -0.792074 -0.861836 -1.049007 -1.443716 -0.947375 -0.656335 -0.280248 -1.256815 -1.786285 -1.903065 -1.665388 -1.254827 -0.289622 -0.018383 0.671074 -0.170521 -0.587529 -0.554164 -1.043527 -0.470095 0.150469 1.135650 1.205423 0.500653 0.588140 0.874362 0.378259 0.624243 0.572712 0.754075 1.034638 0.767935 0.437018 0.109569 -0.351265 -0.132866 0.141392 -1.310878 -0.732264 -0.395552 0.015420 -0.108747 -0.117785 0.803604 1.181433 -0.090506 -1.027771 -1.416853 -0.350496 -1.419650 -0.978379 
192837465
9
0.205426 0.570640 0.478608 0.499700 -0.641099 -0.094851 -0.778260 -0.675236 -0.782070 -0.902159 -0.325510 -0.019705 0.161402 0.108385 0.488288 1.695318 1.088156 -0.074658 -1.634317 -1.191307 -1.359663 -1.191205 -0.509675 -0.286993 0.047424 0.669662 0.893134 -0.018929 0.304243 0.872131 0.733523 0.770240 -0.361215 -0.555468 -0.016641 -0.019615 0.530247 0.869841 -0.032340 -0.554720 -0.225472 -0.246080 -0.593065 -0.532849 -1.123909 -1.172504 -1.445270 -0.984723 -0.784417 0.075562 0.622243 0.421442 0.262679 0.773692 1.328983 1.476448 1.770580 2.752454 3.594213 2.883671 2.496712 1.916099 1.237387 0.050429 0.704400 0.204739 0.297225 -0.053416 -0.887450 -1.157067 -1.131659 -1.540000 -1.627626 -0.928958 -1.254693 -1.529891 -2.399530 -1.388988 -1.494767 -2.056910 -1.382492 -0.937823 -0.947903 -0.824916 -0.343863 -0.409950 0.423463 0.304433 -0.230676 0.430020 1.295970 0.465928 1.194086 0.859780 0.347837 0.219657 0.185962 0.218434 -0.259179 0.797220 0.260648 -0.357846 -0.803973 -1.201082 -0.822286 -1.272180 -1.092015 -2.054365 -1.014741 -0.587565 -0.492851 -0.665364 0.085954 0.595464 0.047908 0.030050 -0.097195 -0.607435 -1.054662 -1.506473 
192837465
10
1.332682 1.163381 1.493312 2.078074 1.787877 1.705857 1.456856 0.234371 0.322143 0.005157 0.331984 0.119215 -0.373647 0.309730 0.276572 0.211364 -0.488314 -0.701092 -1.132996 -1.295431 -1.478726 -0.698480 -0.047814 0.803809 1.009649 0.839597 0.654817 1.293523 0.942621 0.182353 -0.002936 0.339721 -0.001775 0.643882 0.136776 0.146525 0.140352 0.165702 0.109874 0.356435 -0.482804 -0.896159 -0.983143 -1.428802 -1.201026 -0.721818 -0.802270 -1.181925 0.037446 0.108688 0.797905 0.557498 0.733023 1.078682 1.680894 1.276241 1.951534 2.315443 2.754213 2.972160 2.556124 1.414374 0.775588 0.839562 0.395600 -0.294861 -0.478429 -0.733499 -1.583942 -1.221294 -1.859750 -1.766650 -2.345404 -2.034271 -2.433017 -2.682651 -2.425274 -1.543941 -1.138350 -0.248786 -1.323597 -1.049331 -0.592281 -0.799150 -0.562960 -0.079503 0.489394 0.623577 -0.111378 -0.509601 0.516976 0.108475 0.166233 0.657052 0.751990 0.310749 0.351177 0.319414 0.103556 -0.810629 -1.045552 -0.596035 -0.248616 0.578524 -0.600457 -0.446112 -0.369265 -0.420945 -0.443115 0.006425 0.156647 -0.254168 -0.106880 -0.134911 -0.760229 -0.276813 -0.753954 0.087385 -1.003114 -0.567964 
192837465
11
0.091995 0.688096 1.047946 0.605148 1.146506 1.440337 1.304905 1.310504 1.594041 0.060268 -0.311772 -0.252249 -0.756027 -1.149202 -1.104409 -1.740349 -1.820017 -1.389401 -1.677023 0.153955 0.378426 -0.637647 -0.894775 -0.180464 0.070353 0.815912 0.950328 -0.298928 0.586684 0.812006 0.119070 0.522270 0.500418 0.046674 -0.544974 -1.080938 -0.365051 -0.258005 0.030395 0.084976 0.101495 1.412922 0.656962 -0.275216 0.515157 -0.739397 -0.108920 0.437886 1.156295 0.793921 -0.232401 -0.830666 -0.920655 -0.776477 0.396098 0.884275 1.276285 1.317463 1.806784 2.452407 1.846928 2.347942 1.460591 1.023338 0.136528 -0.642370 -0.340505 -0.572871 -0.618881 -1.343343 -0.988142 -1.017550 -1.684615 -1.529796 -0.500076 -1.153751 -0.168223 -0.749446 -0.172626 -0.030072 0.366044 0.238521 -0.391484 1.224230 0.429485 0.661588 1.292452 1.474482 0.829866 1.025837 1.772128 0.303544 -0.093343 0.074002 0.417311 -0.154371 -0.007230 0.921484 0.406010 1.137827 0.134325 -0.193409 0.294899 0.373578 -0.837035 -1.550671 -0.865726 -0.335170 -0.403694 0.067038 1.690347 0.354492 0.086291 -0.302692 -0.941616 -0.213458 0.047966 0.161643 -0.152721 0.415929 
192837465
12
-0.769666 -0.410593 0.019790 1.126296 1.245999 1.918779 1.503298 0.425783 0.448669 -0.887980 -0.658011 -0.027838 -0.923156 -0.676591 -0.169929 -0.587271 -1.538538 -1.393770 -0.960196 -1.250301 -0.490063 -1.147175 -0.307048 -0.586404 -0.427015 -0.084625 0.359389 0.833937 0.645399 0.480000 1.262788 0.608739 0.064859 -1.045895 -0.743948 -1.295164 -0.317009 -0.399218 -0.618082 -0.714007 0.081090 0.914954 0.640031 0.426034 -0.229544 -0.907452 -0.203941 -0.611548 0.201152 0.680667 -0.456274 -0.721748 -0.217291 0.605282 0.192831 0.618997 1.367101 1.805155 1.892797 1.663986 2.196866 2.091575 1.138978 1.049193 0.598354 0.331834 -0.124457 -0.271031 0.568829 -0.430191 -1.426593 -1.957892 -1.420699 -0.624206 -0.840110 -0.632185 -0.574358 -1.426710 -1.088514 -0.536218 0.223023 0.578339 -0.091080 -0.386813 -0.166263 0.057756 0.834275 0.943789 1.377348 1.489520 0.693216 -0.289003 -0.334271 -0.698044 -0.647585 -0.531458 0.272215 -0.147345 0.065482 0.659861 0.789802 0.700331 0.881911 0.133936 -0.335773 -0.707119 -0.044824 -0.471783 0.473608 0.862985 1.283210 0.793422 0.412653 -0.085291 -0.051590 0.205772 0.171226 0.193722 0.844824 0.943440 
192837465
13
-0.159740 0.082290 0.658857 1.310655 0.589321 0.733472 0.008509 -0.096625 -0.346625 -0.602199 -0.787893 -0.811918 -0.432786 -1.007309 -1.287202 -1.090105 -0.942369 -1.187886 -1.114029 -1.218704 -1.352816 -1.193302 -1.938655 -0.226900 0.178416 1.047065 1.210136 0.538855 0.954238 0.364239 0.439304 0.159638 -0.338460 -0.043282 0.202677 0.054523 -0.805257 -0.715843 -0.319624 -0.632173 -0.582877 0.435623 -0.240768 0.013607 -0.457072 -0.333979 0.037243 -0.401462 0.211457 0.490527 0.370829 0.810991 0.237291 0.163891 0.654794 0.329208 0.091183 1.121307 1.476996 1.236867 2.186184 1.328798 0.648904 0.332244 0.330312 0.948659 0.560168 0.268749 0.314185 -0.284904 -0.975601 -1.770027 -1.242904 -0.770256 -0.379463 0.602886 -0.551416 -0.783765 -0.943380 -0.016939 0.037736 -0.036698 -0.739200 -0.521486 -0.767710 -0.310347 -0.601250 0.323716 0.237625 0.192256 -0.461814 0.027468 -0.808750 -0.657292 -1.727131 -0.906310 -0.661341 -0.244137 -0.442491 -0.058008 0.891327 1.214138 1.778741 0.610700 0.544731 0.283217 0.482755 1.064206 1.119947 0.925025 1.053340 0.985504 0.543529 -0.265248 -0.355585 -0.527710 -0.740067 -0.252515 0.429796 0.026680 
192837465
14
-0.460573 0.305218 -0.202817 0.042614 0.362039 0.075431 -0.355077 -1.515606 -0.779278 -0.168650 -0.714419 -1.436063 -1.514555 -2.249666 -2.502166 -1.666594 -1.467716 -1.798000 -2.660292 -2.378979 -1.038031 -1.259166 -0.884058 0.072185 0.440670 0.433735 -0.531354 -1.332833 -0.385878 -0.152416 0.890048 -0.356809 0.176592 -0.207763 0.125254 -0.009476 -0.819545 -0.880946 -1.255399 -0.360726 -0.233976 -0.232615 0.142070 -0.827449 -1.089126 -0.392552 -0.501439 -0.355155 0.380640 -0.253833 -0.277961 0.563421 0.784426 1.029559 1.220749 1.480035 1.234643 1.959973 0.867746 1.599115 1.097643 1.327750 0.454062 0.052430 0.647208 0.788816 0.845679 0.482560 0.049135 -1.149664 -0.996453 -1.845470 -0.964648 -0.777188 -0.505897 0.094180 -0.434938 -1.911160 -1.497251 -0.959656 -1.311621 -1.148798 -0.963733 0.513363 0.224341 -0.210029 -0.876761 -1.637999 -1.640813 -2.424122 -2.336798 -2.107005 -1.072132 -1.230819 -0.701052 0.383199 0.294049 0.015748 0.196550 0.891285 0.306888 0.800511 0.660378 0.009959 0.386821 -0.197614 -0.273839 0.193522 0.650812 0.545973 0.082299 0.669260 0.083604 0.045837 0.011820 0.442895 0.997633 1.199917 0.603378 0.443523 
192837465
15
0.893942 -0.525368 0.569499 -0.103008 0.522282 0.958887 0.182935 -0.035594 -0.724208 0.253212 -0.529985 -1.049511 -1.840507 -2.392129 -1.863376 -2.089514 -1.938246 -2.497913 -2.361560 -3.431628 -1.343071 -0.998270 -1.180378 -0.897216 0.356796 -0.441349 -0.644267 -0.223757 0.467047 0.253628 0.351110 0.101464 -0.667341 -0.657470 0.273168 0.266832 0.216672 0.363686 0.459474 0.544631 0.268956 -0.228021 -0.981691 -1.896618 -2.198663 -1.021330 0.360519 0.514412 0.414455 0.655551 0.158101 0.790322 0.404874 1.075168 1.917662 1.793766 0.992359 0.379805 1.408095 2.074953 1.893607 1.947530 0.977689 1.166623 1.469263 0.391058 -0.088540 -0.546403 -0.481936 -1.265060 -1.680008 -1.816740 -0.763978 -0.876403 -0.915015 -0.315545 0.065955 -0.736554 -1.673888 -1.400388 -2.194507 -2.211778 -2.703312 -1.954451 -2.155428 -0.740801 -1.141071 -2.036973 -2.314424 -2.864155 -2.681020 -2.923186 -2.336951 -2.196746 -1.071880 -1.023870 0.218380 0.020350 0.670074 -0.992951 -1.442982 -0.922444 -0.405379 -0.379292 -0.383172 -0.117584 -1.072155 -0.502140 -0.744201 -0.779108 -0.795909 -0.434643 -0.328541 -0.419547 -0.156637 -0.000534 0.298499 0.107541 0.133002 -0.488350 
192837465
