1200.000000
160.000000
120
16
1
0.500000
2
2
0
0.505060 0.290777 -0.606386 -0.872210 -1.071928 -1.139333 -0.750237 -0.766487 -0.030863 -0.407390 -0.321579 -0.120485 -0.561140 -0.808983 -0.096288 -0.458038 0.482113 0.970886 0.843355 0.553116 0.698456 1.103792 -0.071932 -1.230800 -0.374420 -1.096292 -0.400346 -0.666792 -1.473945 -1.513728 -0.855133 0.237799 -0.354975 0.497961 1.231463 0.350592 0.464649 0.197733 0.319048 0.009820 0.180035 -0.764963 -0.133699 -0.936172 -0.606423 -1.081553 -0.946536 -0.497329 -1.127858 -1.235630 -1.658382 -1.538021 -1.728606 -1.147533 -1.383710 -1.383909 -0.553563 -0.897083 -0.027680 1.005408 0.851254 1.057561 1.888485 1.250624 0.915258 0.792617 0.747306 0.008070 -0.418016 0.097100 0.131588 0.171562 0.287146 0.852200 0.637089 -0.008535 -0.080741 0.007338 0.689022 -0.243632 0.293892 0.130103 -0.172207 0.359818 0.825658 1.129842 -0.254324 0.312220 0.749997 -0.483392 -0.121792 -0.832164 -0.329507 0.121217 0.095024 0.264289 -0.284799 -0.735185 -0.751797 0.185542 -0.511101 -1.441305 -1.326408 -1.760762 -2.429525 -2.245300 -2.349844 -1.922577 -1.253605 -0.714031 0.075862 -0.111423 -0.184697 -0.760391 -1.077221 -1.022279 -0.927161 -1.621477 -1.408526 -1.809379 
192837465
1
-2.105841 -1.880180 -1.432969 -0.435045 -1.693271 -1.532718 -0.728768 -1.297209 0.170589 1.274941 0.695750 0.236655 -1.406780 -1.271964 -1.469013 0.319401 0.472995 0.111380 0.479797 0.508774 1.154912 -0.097057 -0.589229 -0.629608 -1.527700 -2.504846 -2.915093 -1.838436 -0.765918 -1.166622 -0.704592 -0.069120 0.239995 0.568688 0.836696 0.526752 0.172509 0.341032 0.717191 0.184839 -0.014089 0.129289 -0.582025 -0.787618 -0.936282 -1.440236 -1.080583 -0.870962 -0.813780 -1.648273 -2.104623 -2.030992 -1.029834 -0.597047 0.058532 -0.475682 -0.101407 -0.349726 0.049270 0.273231 1.098267 0.512298 0.518021 0.569178 0.837348 0.863118 0.614160 -0.351380 -0.134767 0.191634 0.318726 1.241762 0.594075 0.602681 0.220296 -0.152114 -0.654390 -0.705196 -0.088401 0.265178 0.961269 -0.086503 0.610120 0.956720 1.297219 1.419772 -0.539417 -0.191957 0.838918 0.283947 0.312872 0.748766 -0.149550 0.080719 -0.199732 -0.078545 -0.433703 -0.264598 -0.528962 -0.450879 -0.727567 -1.477932 -2.195542 -0.558662 -2.189249 -1.490589 -1.261036 -0.880227 -0.627922 -0.931351 -0.993143 -0.959216 -0.500961 -1.050850 -1.607219 -2.282904 -2.131264 -1.692030 -1.564534 -1.272173 
192837465
2
-2.699042 -1.798708 -1.516524 -1.364709 -1.160339 -1.895212 -1.271324 -0.573509 0.088750 0.820907 0.216469 0.469051 -0.533708 -0.896824 -0.321251 -0.630040 0.015336 0.115400 0.514033 0.360482 0.548325 0.089474 -0.959054 -0.371073 -0.562537 -0.866896 -2.133179 -1.669912 -1.353592 -0.618147 -1.335006 -0.650642 0.618485 0.251096 0.934646 -0.115001 0.427296 0.458087 0.247830 -0.447981 -0.153194 -0.249775 -0.749363 -1.012101 -0.720642 -0.531302 -0.572288 -1.024813 -0.879809 -0.673544 -0.558512 -1.211274 -1.748807 -0.698925 -1.245773 -1.415429 -0.344534 0.556995 1.498621 0.979795 0.685418 0.506442 1.179933 2.518606 1.504314 1.647383 1.717726 0.474372 0.084062 0.295250 1.271663 1.173865 0.476496 -0.154511 0.132432 -0.287214 -0.514924 -0.125806 -0.064818 0.831899 0.401355 0.074468 0.492617 0.052791 0.422901 0.213703 0.518771 0.834024 0.254782 1.112973 1.243522 1.327713 0.662554 1.136993 1.122912 0.635196 -0.110657 0.536600 -0.627055 -0.835022 -1.637679 -2.523877 -1.918508 -2.476019 -2.629785 -3.115344 -2.770964 -1.671080 -2.201091 -1.725113 -1.612754 -1.547448 -0.478162 -0.679728 -0.660089 -1.655755 -2.273555 -1.910392 -1.885645 -0.273225 
192837465
3
-1.280926 -1.173379 -0.597231 -0.292876 -0.311520 -0.586915 -0.982349 -0.981046 -0.565164 -0.160550 -0.317147 0.493902 0.347771 -0.544840 -0.381271 -0.514790 -0.004932 0.393463 -0.271475 0.607255 0.266509 0.634058 0.468205 -0.522612 -1.781287 -1.843739 -0.383650 -0.325265 -0.673070 -0.734686 -1.216542 -1.206819 -0.309776 0.334505 0.576761 0.002107 -0.074938 -0.010935 -0.261038 -0.286190 -1.439365 -0.822361 -0.564969 0.152089 -0.455989 -0.157289 -0.115353 -0.245713 0.088492 -0.219150 0.738326 -0.110701 -0.735567 -0.265665 -0.059792 0.127019 0.817623 1.211775 0.843756 1.176723 0.995065 1.153161 1.291170 1.311814 1.335870 0.993795 1.446902 1.081868 0.329087 0.585081 0.919076 1.679512 0.765277 0.765604 0.124500 0.504736 -0.030910 0.161060 -0.560857 -0.531506 0.094702 0.297635 0.746483 1.234574 0.901695 0.949958 -0.227226 0.228625 0.560101 0.969619 0.262623 1.302601 1.492185 1.646296 1.181194 0.336325 1.147073 0.200077 0.912912 0.601300 -0.186568 -0.802875 -0.534794 -0.743332 -1.834873 -0.739452 -0.886834 -0.391410 0.389957 -0.612699 -0.506330 -0.474698 -0.915027 -0.654369 0.549373 -0.542169 -1.040899 -1.249785 -1.147684 0.126729 
192837465
4
-0.562048 -1.223362 -0.501851 0.202895 -0.116337 -0.104157 -0.426143 -0.769069 0.221404 -0.679094 -0.763820 -0.010420 -0.231943 0.109078 -0.620206 0.135334 0.675988 1.402842 0.704660 1.124625 0.642744 -0.339796 -0.490068 0.136091 0.547056 0.013517 -0.687791 -0.703060 -0.121409 -0.532134 -0.262156 -0.672783 -0.409144 1.264555 1.538683 0.592388 0.116516 0.304075 -0.070071 -0.506560 -0.726170 -0.988625 -1.745387 -1.234950 -0.202264 0.268531 0.770686 0.641560 0.713157 1.379100 1.952137 1.410024 0.719270 0.443410 1.337737 1.528424 2.030018 1.356304 0.771018 0.681483 -0.153666 -0.248967 0.560731 0.247062 -0.059308 -0.362431 0.629464 1.149470 0.942958 1.090496 1.036220 0.933412 2.235185 0.562516 -0.159008 0.135642 0.227639 0.196331 0.326870 0.189233 0.432511 0.572100 0.755469 0.135289 0.772854 0.786348 0.198873 0.164958 0.311171 0.048920 0.768808 0.748884 1.389121 1.279795 0.704828 0.339941 -0.249760 -0.479269 0.088703 0.337500 -0.126272 -0.410301 -0.944627 -1.459607 -0.275037 -0.127515 0.916609 1.761014 0.732805 0.212019 0.221222 0.195041 -0.522548 -0.321685 0.187091 -0.023235 0.312456 1.043828 -0.778615 -0.434826 
192837465
5
0.093173 0.471378 0.510698 0.294881 0.168249 -0.125424 -0.246203 0.077622 -0.166468 0.446507 -0.136195 -0.098825 -0.792500 -0.177748 -0.325646 0.359593 0.065996 0.957609 0.703786 -0.611390 -0.218543 -0.534682 -0.574642 -0.126039 -0.186841 -0.665976 -0.103606 -0.535733 0.131329 -0.770739 -0.553025 -0.805924 -0.232780 0.793382 1.521899 1.145484 1.026280 0.772348 0.878924 -0.105509 -0.611782 -0.687077 -0.537142 -0.925026 0.338371 0.182059 1.036417 1.278866 0.789856 0.808036 1.398868 1.765836 1.797824 1.100888 0.771212 1.293964 1.312593 1.326888 0.920671 -0.231298 -0.475405 0.220921 0.271590 -0.922910 -0.143387 -0.391550 0.685359 0.641698 0.922613 1.349744 1.559165 2.253246 1.367112 1.330271 0.804251 0.413460 0.000701 0.349501 0.595847 0.266448 0.641395 0.990369 1.167128 1.070728 1.064921 1.122704 0.942088 1.278338 1.259754 0.848179 -0.315930 -0.303359 0.587141 0.262950 -0.015222 -1.053933 -0.251346 -0.436289 0.024101 0.445464 -0.080288 1.093836 0.744980 1.173250 1.088297 1.612781 0.472655 1.749321 0.841960 -0.277869 0.063300 0.021476 -0.426298 -0.890977 -1.291284 -0.551595 -0.653389 -0.761421 -0.708529 -0.146396 
192837465
6
0.936549 1.266558 0.927011 1.038739 1.025719 1.635676 -0.197645 -1.072421 -0.817454 -0.354279 0.839207 -0.279712 0.066305 -0.065156 -0.408779 0.191694 1.293777 1.166605 0.333901 0.708855 -0.077694 -0.937522 -0.697876 -0.976748 -0.492807 -0.762572 0.607743 -0.266018 0.083536 -0.126751 -0.026706 -0.095462 0.416395 0.207957 0.445192 0.943054 0.577207 -0.253311 0.073514 0.136503 0.245024 -0.946016 -1.175016 -0.686478 0.118565 0.361208 0.731731 1.839585 1.695241 0.314916 0.718065 1.243068 1.215202 1.139202 0.747774 0.914180 0.571551 0.749846 0.643912 -0.271110 -0.211652 0.153015 0.885870 1.263080 0.832384 0.905400 0.175565 -0.915869 0.523724 0.713524 0.711970 0.966440 0.850554 0.966961 1.494782 0.435113 0.791852 0.867046 0.004549 0.000628 0.327908 0.624768 0.511798 0.354045 0.515185 0.655315 1.359528 1.557903 1.280294 0.942654 -0.220687 -0.336616 -0.004652 0.087820 -0.109791 -0.885087 -0.544662 -0.260566 -0.464676 -0.863316 0.186153 0.302472 0.676300 1.244197 1.723908 2.498240 1.859220 1.182527 0.847343 0.535966 0.469692 0.047689 -1.269173 -1.879706 -2.441698 -1.242980 -1.040803 -0.769142 -1.336315 -0.943699 
192837465
7
0.197828 0.137382 0.790446 1.173742 1.754652 2.145080 1.597538 -0.101978 -0.360393 0.075352 -0.098430 -0.248456 -0.638137 -0.120998 -0.274196 0.101844 0.500563 0.419016 0.078761 0.158849 0.045710 0.344950 0.106006 0.036637 -1.183194 -0.499442 -0.463784 -0.317351 -0.173563 0.142555 1.494123 1.426722 1.405717 1.214163 1.043963 1.208306 1.040332 -0.351214 -0.288801 1.000993 0.369397 -0.283012 -0.348125 0.102289 0.134988 1.137752 0.358280 0.799752 0.611576 0.214215 0.125286 -0.119859 0.918806 0.228484 1.101950 0.307933 -0.187252 -0.290428 -1.070626 -1.003360 -0.638206 0.300412 0.281991 0.086061 1.461118 2.212732 1.154494 0.063515 -0.012359 -0.124485 -0.162328 -0.296476 -0.518961 -0.107060 0.431259 0.974433 1.113840 1.331763 0.971349 0.990905 1.537273 1.212762 1.036719 0.531288 1.273711 0.882815 1.050852 -0.095355 0.418392 -0.147549 -0.128048 -0.688431 -0.730197 0.486851 -0.394708 -1.376551 -1.692451 -1.995107 -2.205034 -1.463229 -0.423820 0.492054 1.863459 1.474494 2.248541 2.265335 1.075634 1.854995 0.778237 0.432348 0.256947 -1.114448 -2.738494 -1.589642 -1.358090 -1.710375 -0.677150 -0.183704 -0.635379 -1.229641 
192837465
8
-1.065662 -0.482001 0.080836 0.503090 1.344347 0.684673 0.680636 0.270865 0.165117 0.044253 0.584131 0.031148 -0.013458 0.001523 0.269663 0.236210 0.262642 0.173072 -0.049761 -0.257672 0.511219 -0.275167 -0.766037 -0.867346 -0.430444 -0.020583 -0.661012 0.345103 0.062508 -0.084742 1.318797 2.025131 2.001616 0.944968 0.980323 0.857864 1.576852 1.203231 0.883490 0.225197 0.510040 0.075313 -0.128122 -0.259126 0.057968 -0.182001 0.475067 1.202119 1.394596 0.419985 1.680468 0.716212 0.039353 0.215037 0.342605 0.094614 0.435818 -0.420535 0.252622 -0.173969 -0.533514 0.069161 0.933853 1.181865 0.962450 -0.339092 -0.600420 -0.191502 -0.063517 -0.640956 -0.470251 -0.915213 0.335963 -0.027511 0.004218 1.225063 1.886169 1.510846 0.523686 0.861617 0.783077 0.536372 0.802586 0.719088 0.403917 0.497061 0.210058 0.103739 0.029470 0.500021 0.358760 0.178009 -0.114277 0.254468 -0.656254 -0.439221 -1.576174 -1.238083 -1.377550 -1.828218 -0.996533 0.549950 0.018974 0.655237 0.512672 1.189223 0.888648 1.462483 1.335576 0.726557 -0.070934 -1.160671 -1.919028 -1.884585 -2.083323 -2.474749 -0.418896 -0.308252 -0.613766 -0.882774 
192837465
9
-2.602233 -1.357600 -0.330592 0.049873 -0.098510 -1.096626 0.104735 -0.285539 0.496806 0.026481 0.566710 0.052593 0.527758 0.046374 0.164570 -0.210775 -0.501975 -0.049801 0.214251 1.119827 0.786193 -0.480346 0.656583 0.958168 -0.551420 0.505716 0.936673 0.579715 0.411670 0.185682 -0.066290 1.011475 1.266407 2.310616 1.743858 1.428499 0.506254 0.235565 -0.157851 -0.586930 -1.234279 -0.706954 0.278016 -0.489933 -0.677486 0.247799 1.250843 1.876305 1.080515 0.844636 1.138636 1.217948 0.526828 1.521142 1.199897 1.283060 0.816161 -0.370338 -0.039607 -0.070939 0.498645 0.115918 1.108381 0.703901 0.615792 0.222242 -0.145765 0.799234 1.390941 0.559418 -0.264033 -0.308442 0.185389 0.930231 0.575043 1.862772 0.886405 0.315991 0.138475 0.454990 1.309911 0.455833 1.164236 0.161897 0.041203 0.200798 0.244574 -0.422338 -0.207885 0.255972 0.474174 0.997317 0.428856 -0.565198 0.438452 -0.215881 -0.674915 -1.508583 -1.352612 -0.696340 -0.151579 0.813405 0.429747 0.520455 0.001258 1.083199 0.747565 1.237095 0.513417 -0.051620 -0.129975 -1.539478 -1.896471 -2.093422 -3.252483 -2.235171 -0.955877 -1.921103 -1.012740 -1.574372 
192837465
10
-2.361532 -1.114000 -1.326022 -0.865767 -0.950776 -1.051447 0.541785 1.346335 -0.244748 -0.104819 0.290166 -0.024863 0.132815 1.192723 1.227559 0.176388 -0.334967 -0.692816 -0.007676 -0.523605 -0.432138 0.201165 -0.522424 -0.782590 -0.406517 -0.167535 -0.585309 -0.698164 -0.674662 0.791746 1.162901 2.168146 0.818904 0.586386 0.726318 0.176388 0.138283 0.538526 -0.201782 -1.117314 -1.288033 -1.061614 -1.201476 -1.164519 -0.419683 0.269068 1.083799 1.031064 0.472801 0.923994 0.265508 -0.107263 0.174848 1.090180 1.074689 1.096669 1.697519 0.768219 0.689161 0.740406 1.131857 2.593581 1.981540 1.987290 0.715023 0.568985 0.340397 1.670033 1.726788 0.718814 0.169217 0.602644 0.953968 1.777306 2.556519 2.719952 0.842233 0.467871 0.439800 0.987806 1.374392 1.168470 -1.091114 0.104255 0.807813 1.113307 1.281671 1.437135 0.274453 0.301936 -0.324287 0.058743 0.751091 1.064580 0.666045 -0.453881 -0.470502 -0.873728 -0.821963 -1.302711 -0.854342 -1.185645 -0.471983 -0.272268 0.269262 0.368870 0.192655 -0.011521 0.029610 0.545290 0.267344 -0.834118 -0.423239 -0.695393 -1.868968 -2.374627 -1.425866 -2.066213 -2.815028 -2.339704 
192837465
11
-2.565774 -1.442872 -1.647584 -1.389627 -0.582892 0.229385 0.578249 0.435922 0.849187 0.093719 0.110091 -0.049414 0.307431 0.123530 -0.538189 -0.477883 0.022882 -0.353883 0.035970 -1.233498 -1.130803 -0.014732 -0.201492 -0.305103 -1.362937 -0.343368 -0.044216 -0.438356 0.173326 0.696628 1.185166 1.694845 0.651738 1.120378 0.923489 0.476174 0.007211 0.941198 -1.049914 -0.402053 -0.087625 -0.555253 -0.424763 -0.607108 -0.346794 0.643901 0.735702 0.662432 0.748032 0.125691 0.539561 1.134362 0.414011 0.294368 0.035981 0.351044 1.679331 1.296742 1.809913 2.105503 1.740908 1.642904 1.057821 1.032958 1.414780 0.409047 -0.702197 -0.488431 0.428290 0.611116 0.602638 0.211553 0.475297 0.426151 0.836173 0.384225 0.406533 0.247337 0.367904 1.464621 0.313687 -0.460278 0.119604 0.064196 0.497696 1.607617 1.528810 2.075403 0.823033 1.467019 1.078493 0.906910 -0.415074 0.396976 0.254739 -0.661905 -0.546289 0.000552 -0.392266 -0.528043 -0.368282 -0.627788 -0.751501 -0.448861 -0.340028 0.576342 0.752753 1.777919 1.080732 0.796520 1.703922 1.221211 1.196054 0.613307 -0.654638 -1.147726 -1.859605 -1.944337 -1.460363 -1.855746 
192837465
12
-3.174769 -1.916044 -1.146451 -0.374694 -0.309957 -0.786612 0.018847 0.281230 -0.132276 -0.886433 -0.498668 -0.083913 -0.552767 -0.840747 -0.190996 -0.568682 -0.598595 -0.574694 -0.654248 -0.839321 -1.086392 -0.934254 -1.597261 -1.514675 0.212450 0.566311 -0.782164 -0.512352 -0.057971 0.164388 1.163328 1.635036 1.556236 1.527615 1.294748 0.172045 0.144827 0.084240 0.553985 0.435286 0.439407 0.875724 1.152819 -0.189304 -0.721783 -0.750825 -0.127132 -0.564783 -0.184187 0.717354 0.566008 0.333108 -0.274462 -0.701901 -0.914581 0.855352 1.293909 1.913218 1.204971 1.168121 1.330417 0.642500 0.257029 0.836350 0.471663 1.518976 1.075919 0.283069 -0.191696 0.698348 1.681873 2.115939 1.598324 0.467821 0.575583 1.190715 0.668062 0.581266 0.776811 0.651688 0.052327 0.402203 0.642183 1.258523 1.217938 0.798954 1.053135 0.568223 -0.149713 -0.349260 -0.135842 0.512154 -0.037144 -0.115385 -0.465734 -0.525358 -0.593844 -1.217073 -1.336053 -1.463349 -1.068254 -1.392191 -1.120847 -0.724329 0.529125 -0.209936 -0.249231 0.771770 2.522518 2.867224 2.415183 1.678536 0.678541 -0.487125 -0.909187 -1.068199 -1.710304 -1.500271 -1.411603 -1.658712 
192837465
13
-1.571591 -1.609135 -1.970425 -1.088950 -1.068783 -1.137375 -0.534676 -0.610315 -0.191990 -0.605071 -0.187479 0.249496 0.036612 -0.743470 -0.453736 -0.593171 -0.315196 -0.689757 -0.829184 -0.535273 -1.597039 -1.794156 -2.269249 -0.453617 0.243034 -0.233968 -0.913793 -0.543116 -0.770629 0.361064 0.958449 1.009909 1.452245 0.933301 0.159016 0.193955 0.191586 0.637655 -0.308632 -0.223113 0.243125 1.021838 0.408245 0.179950 0.145196 -0.461748 -0.674749 -0.489761 -0.700022 -0.619315 -0.929531 -0.283573 -0.509119 -1.110657 -0.379636 0.486335 1.025314 0.575939 1.284078 -0.300197 0.909609 0.071521 -0.024752 0.684237 0.238717 0.272359 0.373963 -0.034435 0.345220 0.906468 0.950074 1.655376 1.908194 1.334514 0.433877 0.941529 0.781932 0.652152 0.066943 -0.299058 -0.871432 -1.018477 -0.678423 0.291045 -0.076543 0.045423 -0.064442 -0.646790 -1.423684 -1.521475 -1.546184 0.156997 -0.231747 -0.681315 -1.314792 -1.341156 -1.725396 -1.813175 -2.191377 -1.398830 -1.597944 -1.383443 -1.728425 -0.321237 -0.611610 -1.193324 -1.268420 -1.270551 0.332949 1.192584 2.499415 3.354765 2.532790 1.218715 0.757339 0.593963 0.610752 -0.701345 -0.787858 -2.041468 
192837465
14
-2.781037 -2.481879 -3.854801 -2.312103 -2.091468 -3.443953 -2.751102 -2.025699 -1.246458 -1.967316 -0.868013 -1.535450 -1.461999 -0.806368 -1.660118 -0.331714 -0.713691 -1.866661 -0.750339 -0.783014 -1.353091 -1.448663 -1.946176 -1.502379 -0.837223 -1.106587 -0.927436 -0.635996 -0.459513 -0.442869 0.684550 1.603398 1.481547 0.464630 0.742952 0.652815 -0.485058 0.724980 -0.930145 0.149220 0.080979 0.895197 0.695269 0.064314 -0.395391 -1.211977 -0.632431 -0.330420 -0.736060 0.132769 -0.083920 -0.981567 -1.192321 -1.049308 -0.327727 0.416702 0.934244 0.075721 -0.435167 -0.162930 0.077775 0.413806 1.090147 -0.456459 0.195716 0.746677 0.031212 -0.194044 -0.064096 0.906882 1.228394 1.135836 1.200912 0.740173 0.283006 0.314216 0.085465 -0.313221 -1.005662 0.020296 0.647581 1.114208 0.361379 0.819129 1.411912 -0.000433 -0.294608 0.354389 0.111670 -0.239407 -0.348934 -0.945862 -0.718483 -1.822262 -1.503841 -1.279899 -1.360649 -1.363547 -1.015805 -1.090374 -0.262519 -0.762653 -0.258355 -0.965244 -0.951193 -1.021300 -0.742280 0.272034 0.664687 1.574752 2.325578 3.562863 3.075949 2.232752 1.197928 1.524285 0.802609 0.065716 -0.233345 -2.287395 
192837465
15
-3.468996 -2.968789 -3.048025 -3.193516 -3.356463 -3.143909 -2.726528 -3.625791 -3.490608 -2.437368 -2.420170 -2.836770 -2.451152 -2.092361 -1.680328 -1.621794 -1.319614 -1.645766 -1.011999 -0.456386 -1.466752 -2.279686 -1.555527 -1.308849 -0.692311 -1.181485 -0.648541 0.159214 1.302450 1.602817 0.818102 1.107470 1.209532 0.207488 0.925670 0.664518 -0.150044 -0.114574 -0.440947 0.445209 1.049975 0.442488 0.457545 -0.167754 -0.999629 -0.665776 -1.281853 -1.634061 -0.772530 -1.753441 -1.026096 -0.744546 -1.462145 -1.422940 0.134662 0.426899 0.248833 0.330091 -0.271351 0.273008 0.044826 0.320059 0.371283 0.546688 1.201927 0.207747 0.269050 -0.265247 0.857245 0.563082 1.129623 -0.372605 -1.105478 -1.828069 -1.233446 -0.269235 -0.647415 -0.086707 0.507295 1.557252 2.627146 2.640148 2.266117 1.663916 1.516420 0.639382 0.523035 -0.283130 -0.187412 -0.183018 -0.369119 -0.198221 -0.579237 -0.954456 -0.716505 -0.725343 -0.313795 -0.635087 -0.470450 -0.259841 -0.291516 -0.991039 0.065761 -0.783855 -0.932112 -0.476517 0.142438 1.038680 1.889904 2.102506 3.128934 3.214604 3.105273 3.048803 1.821590 0.476347 0.524635 0.997677 0.729846 -0.189025 
192837465
