1200.000000
160.000000
120
16
1
0.500000
2
2
0
-0.127762 -0.086191 -0.431259 -0.037911 -1.370663 -1.370892 -1.112844 -1.504693 -0.247421 -1.449743 -0.867495 0.494617 0.584415 0.464862 0.238946 0.794652 0.932401 0.549420 1.959871 1.914803 1.563473 0.912200 -0.336234 -0.823131 -0.853057 -0.782167 -0.749731 -0.904910 -0.877967 -0.882329 -0.703570 -0.057790 -0.096287 -0.795965 -0.351545 0.343582 0.049949 -1.022569 -0.355419 0.656758 1.604041 2.632087 0.772527 0.397681 -0.507862 -0.556914 -0.235220 -1.085991 -0.556960 -0.239039 -1.011154 -0.616332 -0.501938 0.182376 -0.125717 -0.961463 -1.113173 -0.246049 0.174962 0.332569 0.247193 0.190508 -0.198400 -0.974061 -1.021704 -1.184697 -0.602653 -0.847984 -0.411819 -1.058044 -0.704423 -0.264224 -0.487959 -0.542557 -0.073468 -0.574637 -0.317695 -0.310028 0.107948 0.249046 0.159207 0.436382 0.600060 0.390122 0.478885 1.152516 0.687852 -0.003252 -0.430680 -0.293673 -1.188556 -1.559966 -0.921262 -0.315042 -0.146531 -0.677555 0.228474 -0.461461 -1.040929 -0.385818 0.961297 0.590938 0.160157 -0.629491 -0.896174 -1.598961 -0.819487 -0.422662 -0.451154 -1.258586 -0.570051 -0.189466 -0.052321 0.200720 0.126857 0.150178 1.203873 0.933365 0.785866 -0.009259 
192837465
1
-0.037867 0.113785 -0.556468 -1.396694 -1.115868 -1.094020 -1.817774 -1.116673 -1.274897 -1.898054 -0.677849 -1.352227 -0.502598 0.061808 1.087212 1.163365 0.943089 0.547209 1.560766 1.476166 1.359274 1.129970 1.310279 0.470206 -0.168448 -1.522073 -1.734019 -1.294905 -1.984404 -1.252734 -1.737927 -0.477588 -0.895847 -1.255462 -0.672862 -0.911061 -0.850713 -1.262896 -1.005882 0.083204 0.911796 0.581812 0.837307 0.078612 -1.508388 -1.238217 -1.313786 -0.911429 -1.594334 -1.145085 -0.855771 -1.174159 -0.964417 -0.616822 -0.769349 0.419537 0.306523 -0.002503 0.692997 0.064667 0.479477 -0.713325 -0.097165 -0.924249 -0.718354 -0.050163 0.081843 -0.068659 0.306651 0.369431 0.716287 -0.140510 -2.228510 -1.687282 -0.698610 0.358905 0.321698 0.326316 0.998751 1.132019 1.362215 0.996461 0.096729 0.503954 0.582626 0.632110 0.659723 -0.042400 -0.233515 -0.875857 -0.152450 -0.994762 -1.421958 -0.491228 -1.351733 -1.392001 -0.600309 -0.751265 -0.664182 -1.134091 -0.455289 0.784797 -0.982154 -1.417976 -0.986917 -1.165792 -0.643631 -0.584315 -1.390027 -0.932555 -0.368277 -0.276567 -0.173834 -0.377516 -0.174972 -0.394944 0.515561 0.182563 -0.566964 -0.498245 
192837465
2
-0.658783 0.111318 0.245593 0.317471 -0.235117 -1.091776 -0.498978 -0.737960 -1.208288 -1.792316 -1.855521 -1.493599 -1.397816 -1.133808 -1.336425 -1.424572 -0.537832 0.815122 -0.257076 0.280086 0.288137 0.632526 0.400948 -0.288136 -0.803073 -0.922818 -1.290211 -1.667297 -1.978402 -1.596292 -0.721212 -1.142012 -1.089944 -1.796894 -1.822287 -0.769017 -1.259270 -1.410624 -0.978378 -0.188345 -0.032583 -0.166007 -0.276986 0.929145 -0.201234 -0.910932 0.433180 -0.280084 -0.408319 -0.500128 0.059296 0.371891 -0.278415 -0.144005 0.264949 1.283908 1.568354 1.402197 1.229238 0.298192 -0.404404 -0.160456 -0.603057 -0.965938 -1.480801 -0.866063 -0.679713 -0.712797 -0.701667 0.283250 -0.212758 -0.313353 -1.000802 -0.752122 -0.411167 -0.618587 0.751056 0.251333 1.006103 1.613820 1.711479 2.303666 1.979737 0.608799 0.217821 1.337798 0.126706 0.079989 -0.128961 -0.314204 -0.172323 -0.240487 -1.209654 -1.607145 -0.880974 -0.854338 -2.176983 -0.738935 -2.005554 -2.006813 -1.365156 -0.937251 -1.124865 -1.980403 -1.861922 -1.891605 -1.225455 -0.739981 -0.304704 -0.561727 -1.022248 -0.034518 -0.085702 -0.256863 -0.012453 0.526263 0.618132 0.624179 0.496015 0.270422 
192837465
3
-0.930360 -0.227029 0.257432 0.416019 0.220519 0.402702 0.454820 0.374330 -1.109169 -1.572639 -1.502415 -1.802559 -1.789157 -1.674186 -1.518709 -1.323386 -0.300711 0.775938 0.225487 -0.358662 -0.170692 -1.193812 -0.555071 -1.191088 -1.183657 -0.764678 -1.235360 -2.224587 -1.952698 -2.052992 -1.890617 -1.334265 -2.220174 -2.738260 -1.247600 -0.287319 0.331229 -0.436594 -0.607746 -0.551084 0.545601 0.811587 0.997039 0.905426 -0.244369 -0.375772 -0.030565 -0.191518 0.594217 1.330082 1.813649 1.612946 -0.036426 0.300599 1.179314 1.133136 2.094239 2.751198 2.415800 1.749255 0.697782 -0.466858 0.279631 -0.735077 -0.385683 -2.172871 -1.871298 -1.239836 -0.538896 -0.478227 0.027563 -0.050288 0.267911 0.724541 0.581659 0.538882 0.218555 0.552701 1.156347 1.163325 0.952719 1.692633 1.851939 0.806294 0.635420 2.025114 1.969180 0.810191 0.957739 0.560607 0.678848 1.194218 -0.149435 -0.956315 -1.322788 -1.904972 -2.505300 -2.946476 -2.261751 -2.858875 -3.115962 -3.007010 -2.299183 -1.484250 -2.182000 -1.510792 -1.687040 -1.760466 -1.322269 -2.091906 -0.873484 0.009206 0.494483 0.319985 -0.200311 0.283528 -0.435655 -0.410284 -1.081195 -1.078532 
192837465
4
-0.391813 -1.200569 -0.087584 0.057829 0.211770 -0.494244 -0.232141 -0.956920 -1.383204 -0.820315 -1.376393 -1.676814 -2.166588 -1.737766 -1.320346 -1.111934 -0.393653 -0.297379 -0.195005 -1.015003 -1.323376 -0.835128 -1.022431 -1.150310 -1.604441 -1.993648 -1.535837 -1.884512 -1.389572 -1.941469 -1.599848 -1.645113 -2.283254 -1.906403 -1.384635 -0.537197 0.336916 0.483009 1.168810 1.295084 1.769541 2.090185 2.174684 1.995570 0.792385 -0.122305 -0.115055 1.318695 1.076476 1.413635 0.977610 -0.623294 0.088304 0.047860 0.811854 1.197534 1.119274 1.068507 1.222793 1.235554 0.025140 -0.249879 0.165512 -0.555434 0.719421 0.745171 0.292832 -0.229247 0.270482 0.117716 -0.472161 -0.525875 0.005785 0.049930 -0.249790 -0.556771 -1.137584 0.629893 0.037723 0.812514 1.984288 1.756380 1.645518 2.188596 1.992667 1.478930 0.844969 0.098232 -0.077436 0.185005 -0.198518 0.884827 0.452445 0.192700 -0.672783 -1.140058 -2.414151 -3.220926 -3.166922 -2.860550 -2.683215 -1.217971 0.014878 -0.745351 -0.289775 -2.002928 -0.998472 -0.897350 -0.315202 -0.362769 -0.464816 0.865785 -0.201387 -0.863287 -1.622783 -0.857361 -0.629320 -0.523505 -0.332407 -0.114168 
192837465
5
-0.557243 0.110316 -0.447985 -1.377801 -0.835093 -1.431875 -1.426685 -1.425923 -1.458130 -0.392725 -0.545409 -0.013498 -0.274587 -0.046307 -0.498377 -0.524681 -0.981160 -1.154482 -0.689230 -0.553786 -1.145326 -0.392044 -0.699353 -0.430795 -0.967793 -0.887101 -0.815050 -0.693944 -0.471748 -1.598383 -2.620643 -1.800174 -1.423874 -1.477122 -0.744696 0.105018 -0.619152 -0.515117 0.381158 0.526795 1.585611 2.106245 2.892730 3.360877 2.154636 1.428929 2.031231 1.847796 2.253695 0.911582 0.582825 0.338632 -0.161617 -0.063090 0.962715 0.370067 -0.525178 0.144235 0.338581 0.030914 0.511311 -0.188474 -0.873662 -0.279815 0.004152 0.255822 0.560739 1.083568 0.580403 0.082513 0.188354 0.331582 0.119844 -0.182670 -0.216205 -0.460821 -1.131712 0.456570 1.155937 1.001220 0.659426 0.227099 0.266169 0.862860 0.965577 0.344630 -0.100883 -0.258179 0.443557 0.616684 0.228316 1.244691 0.714568 0.698692 0.737147 -0.971081 -0.682721 -0.866303 -2.133504 -1.987775 -1.068377 -0.241947 -0.556427 -1.591605 -2.119362 -0.792881 -1.278376 -1.690247 -0.895016 0.612542 0.769641 0.521129 0.420884 0.664552 -0.218375 -0.875247 -0.628153 -0.771516 -0.972232 -0.272491 
192837465
6
-1.762229 -1.167968 -1.546782 -1.744770 -1.614502 -1.683592 -1.082787 -1.052268 -0.686748 0.061355 0.149833 0.007089 -0.172034 -1.210168 -0.642042 -1.007551 -0.347536 -0.344018 -0.201901 0.153384 0.477551 -0.331579 0.424649 0.045697 -0.211177 0.445039 -0.036017 -0.250112 0.102029 -0.978204 -1.407703 -1.694645 -0.821602 -0.147841 0.056220 1.158012 0.335837 0.933363 0.794564 1.073730 1.286674 1.970788 1.931120 2.088110 0.900489 1.557142 0.816397 1.028689 1.474877 1.352014 0.907325 0.585678 0.364198 0.353048 0.216129 0.417833 -0.108169 0.074358 -0.311962 -0.554222 -0.934091 -0.729307 -0.031062 -0.793615 -1.866445 -1.231496 -0.519437 0.425704 1.008923 0.282338 0.503225 2.029968 1.220730 0.579940 0.518200 0.168353 0.302409 -0.291922 -0.517231 0.045607 0.366574 0.958119 0.679372 0.291604 1.321787 1.874620 1.061253 0.768271 0.951069 1.367666 1.143799 0.651806 0.986866 0.409528 0.895525 0.125085 -0.579215 -1.236540 -2.005318 -2.492728 -2.109224 -1.785697 -1.318842 -1.525905 -1.548620 -1.384979 -0.954874 -1.222336 -0.911821 -0.546195 -0.428822 0.482957 0.712889 0.802474 -0.308826 -1.166146 -0.736965 -1.366873 -0.901729 -0.195846 
192837465
7
-0.665987 -1.347116 0.543180 -0.351679 -0.269757 -1.106235 -1.428328 -1.413128 -1.124540 0.032024 -0.280600 -1.031881 -1.231112 -1.047315 -1.765983 -0.497819 0.498173 0.119414 0.554849 0.473397 1.667106 1.293941 0.514319 0.666766 -0.147667 0.123737 0.343913 -0.356273 -0.029111 0.283712 -0.179742 -0.017177 -0.688096 0.160451 -0.041616 0.392118 0.766711 1.427718 1.064163 1.026365 0.828095 1.968592 1.774765 1.009974 0.432392 0.660293 -0.426677 0.175886 -0.187436 0.309067 1.225095 1.189780 0.669133 0.973778 1.562951 0.781751 0.618777 0.350557 -0.228887 -0.953809 -0.403682 0.378318 0.328147 -0.422906 -0.140994 -0.351781 0.050143 0.541497 0.521860 1.093659 1.005291 1.110590 0.676109 0.639580 0.408988 0.523250 0.525546 0.002326 -0.082267 -0.348096 0.207469 0.429775 0.188100 1.081429 1.446525 1.762503 1.763035 1.998279 2.680937 2.353804 1.437832 0.762489 1.381184 0.435370 -0.380864 -0.229451 0.037691 -0.820097 -1.747543 -1.245134 -0.176760 -1.078757 -1.435079 -1.289321 -1.103612 -0.545120 0.208377 -1.349648 -1.014710 -1.049724 -0.025446 -1.019135 -0.648007 -0.425575 0.430536 -1.337216 -0.667227 -0.346413 -0.319908 0.186391 
192837465
8
-0.820316 -0.494764 -0.365908 -0.307062 -0.159103 0.300444 -0.362726 -1.191245 0.095611 -0.481452 -0.583346 -0.799758 -1.886580 -1.851884 -1.351321 -0.760346 -0.327021 0.319961 -0.111838 -0.501107 0.011646 0.698847 0.969630 -0.397050 -0.423159 0.144561 -0.041218 0.436243 1.026270 1.269446 0.848847 0.817806 -0.078887 -0.042445 0.233062 0.655549 -0.392931 1.743731 1.594866 1.468505 0.766734 1.130588 0.807922 0.805043 0.774599 1.017065 0.751715 -0.432466 -0.989151 -0.097822 0.309868 0.262039 -0.225512 -0.162316 0.980503 1.357298 1.016510 0.232526 0.394604 0.985401 -0.182322 -0.335161 -0.454211 -0.430437 0.081628 0.199321 0.813082 1.539073 1.294116 1.348172 1.216118 1.617274 -0.268520 0.125009 0.026794 -0.447122 -0.684028 -0.145663 0.252674 0.530414 -0.073510 -0.599393 -0.240131 0.469936 1.491322 1.299432 1.500750 1.570054 1.315790 0.891390 0.752721 0.978557 1.090634 -0.099098 0.263616 0.138509 0.130330 0.315353 -0.150368 -0.734893 -0.172106 -0.451358 -0.018254 -1.960456 -1.452274 -0.340445 0.151000 -0.122723 -0.335196 -0.776585 -0.559728 -0.541968 -0.751296 -0.952140 -0.264814 -0.846208 -0.510784 -0.685313 -0.549237 -0.712277 
192837465
9
-1.540751 -0.868081 -0.880306 0.408633 0.123590 1.621272 1.052351 0.282804 -0.454385 -0.474048 -0.547170 -0.493760 -0.304798 -0.337850 -1.156416 -0.624388 -0.060044 -0.359659 -0.873054 -0.714137 -0.967394 -1.119243 -0.604047 -0.722516 -0.293607 0.906995 -0.660364 -0.609438 -0.262857 -0.374888 -0.083717 -0.136072 0.276778 -0.448576 0.205434 0.457265 0.983489 1.897316 0.768330 0.708524 0.235362 0.368734 1.327204 2.421557 1.462778 1.379419 1.041352 0.485017 0.289186 0.719168 1.656267 0.045302 0.585408 0.082938 0.571387 0.041367 0.723305 1.515705 1.544101 1.205873 0.234902 -0.186714 -0.880071 -0.764773 -0.340732 -0.275725 0.418689 0.769670 0.336083 1.305306 1.786904 1.388086 1.847373 0.903490 1.104277 1.056123 0.531261 0.828591 0.726416 0.277273 1.159963 1.003245 0.825696 1.901924 1.090992 -0.301574 -0.300931 -0.258005 0.235186 -0.142381 -0.043275 0.223714 0.337362 1.298071 1.324280 0.086268 0.405612 -0.271176 -0.118111 -0.400404 -0.272143 -0.518843 -0.339694 -0.647212 -0.489721 -0.444944 0.417171 0.033895 0.726549 -0.620317 -0.173530 0.056037 0.815333 1.156806 -0.155442 -0.322398 0.128486 -0.537332 -0.060346 0.485847 
192837465
10
0.392969 0.147792 0.646412 0.163931 0.820123 0.654231 0.130782 0.183564 0.577710 0.457848 1.017633 0.634268 1.277169 0.121078 -0.136650 0.554952 0.016389 -0.363791 -0.762577 -0.595174 -1.270130 -0.859475 -0.687608 0.224516 0.902997 1.470172 1.792985 0.521591 0.259028 0.529351 0.510392 -0.473218 -1.318815 -1.856259 -1.776058 -0.524084 0.907730 0.521722 0.751506 0.227141 0.493124 0.595241 1.146648 2.402666 1.474989 0.808343 0.709982 0.761663 1.080772 1.409229 2.189748 1.458883 1.026503 2.213649 1.733703 1.932727 1.283768 1.245326 1.261310 0.780638 0.173804 0.484813 0.773853 0.074030 -0.221932 -0.063901 0.145656 0.612587 0.784454 1.684617 1.698507 1.092446 1.278397 1.138167 1.423531 0.468968 0.569945 0.324934 0.183318 -0.034262 0.517159 0.795806 1.513353 1.042185 0.096054 -0.092635 -0.445683 -0.601276 -1.261696 -1.141396 -0.438221 -0.943886 -0.494939 0.613042 0.094124 0.054457 -0.871061 -0.216992 -0.052686 -0.072287 0.117163 0.489096 0.503407 0.368733 0.236643 0.290904 0.383819 0.501518 0.142047 -0.101538 0.989215 1.478026 1.174510 1.426751 0.994300 -0.268274 -0.478156 0.407390 -0.661820 -0.913575 
192837465
11
-0.814763 -0.267689 -0.593773 0.472726 0.774603 0.975104 1.191390 0.601335 -0.446139 0.290467 0.449713 0.364118 1.875500 1.854038 1.404372 0.787859 0.887711 0.332426 -0.584192 -0.735151 -0.720119 0.048745 -0.162889 1.543072 1.598515 1.652491 0.755224 0.720051 0.447634 1.419888 0.648569 -0.476930 -0.493826 -0.259440 -0.486782 -1.638855 -0.513249 -2.011289 -1.851618 -1.870022 -0.607197 -0.423457 -0.162029 0.724690 0.836427 1.951085 1.766449 0.888218 0.158881 0.555538 1.431798 0.901134 1.108900 1.560019 0.712175 2.066696 1.120774 1.211535 1.413667 1.386784 1.052010 0.551951 0.244692 0.452515 0.423153 -0.200368 0.772452 0.697294 0.953434 1.207426 1.839572 2.011130 1.599409 0.776305 1.821648 0.799321 -0.016938 0.580903 -0.006321 -0.579416 -0.841397 -0.941558 -0.012853 0.276917 -0.431888 -0.154364 -0.652479 0.135361 -0.486444 -0.820999 -0.298638 0.289252 -0.134237 0.022996 0.830385 0.814709 0.570351 -0.476937 0.093361 0.042102 0.263532 -0.541830 -0.295167 -0.400502 0.187724 0.437744 0.324262 0.380822 1.204525 0.294614 0.857984 2.375825 2.113399 1.471822 0.131094 0.995260 0.797774 0.595102 1.056315 -0.819609 
192837465
12
-0.147360 -0.863963 -1.060685 -0.324590 -0.715383 -0.040421 0.070197 -0.254109 0.471564 0.696545 2.048637 2.056544 1.864419 2.332185 1.595356 1.655548 2.225078 2.043867 0.105813 -1.022286 0.210675 0.761343 1.306271 1.673759 1.489741 0.033108 -0.123116 -0.306143 -0.069253 -0.624817 -0.110097 -0.593606 -0.769075 -0.653038 -0.524138 -1.399978 -1.382847 -2.099467 -1.121585 -1.028785 -1.647854 -1.027964 -0.510815 -1.037063 -1.055836 -0.381913 0.022073 0.047712 -0.451574 -0.245673 -0.031252 0.174343 -1.102005 0.103883 -0.081296 0.963265 0.817848 0.252234 0.819336 0.131570 0.614322 0.893070 0.185532 -0.307615 0.947675 0.974656 1.251730 1.605872 1.323895 1.017387 1.187631 0.849028 1.356151 1.225571 1.523425 -0.123698 -0.585377 -0.678904 -1.183472 -0.391552 -1.179494 -0.525975 -1.008566 -0.662846 -1.132089 -0.820728 -0.599789 -0.555523 -0.445945 0.067798 -0.731676 -0.502027 -0.108071 -0.092034 -0.767084 0.578776 1.099676 0.243718 -0.547775 0.128687 0.726262 -0.153033 -0.652603 -1.334110 -0.743031 -0.233809 0.682752 1.270444 0.628278 0.783190 0.075540 0.523291 1.267572 0.344710 0.729746 1.660606 1.868819 1.587315 2.975300 2.296577 
192837465
13
-1.140992 0.127189 -0.136582 -0.599331 -0.803559 -1.052668 -0.902845 -0.664098 0.225210 1.473513 1.951418 1.850775 1.241912 1.242393 1.589819 2.679424 2.308585 1.771270 1.302410 0.657419 0.653444 0.603340 0.364245 -0.600450 -0.017892 0.605446 0.861891 -0.602544 -0.929293 -0.037334 -0.262884 -0.898166 -1.040648 -2.189396 -2.140229 -1.862652 -1.075192 -0.425076 -0.361434 -0.686764 -0.776082 -1.230339 -0.964613 -0.698856 -0.267376 -0.151616 -1.249125 -0.657288 0.123430 -0.314740 0.148306 0.714203 1.066232 0.908637 2.356928 1.197397 1.442249 1.074547 0.892854 -0.485565 -0.116544 0.031756 -0.085285 0.459405 1.190905 1.171503 2.685385 3.160165 1.288484 0.852385 1.454895 1.403292 0.470515 0.528196 -0.362012 -0.258476 -0.569788 -0.880008 -0.329057 -0.605304 -1.390162 -0.989100 -1.793564 -0.682619 -0.747588 -0.685674 -0.323038 0.221978 -0.524103 -0.193284 -0.550341 0.286813 0.212770 0.593549 0.333958 0.531589 0.324517 -0.185041 0.133469 0.855234 1.021265 -0.179248 -1.054163 0.079231 -0.359804 -0.203900 0.998887 1.121695 0.659577 0.752964 -0.147832 -0.181939 0.205703 -0.113776 -0.013520 0.069654 0.437847 0.277451 0.140449 1.064510 
192837465
14
-0.889030 -0.363039 -0.231344 0.245432 -0.237287 -0.521311 -0.695438 -0.498434 -0.425963 0.499059 2.102551 2.548480 2.410873 1.447047 1.723736 2.367494 1.567152 0.808203 1.129286 0.494356 0.717524 -0.271593 -1.098585 -0.218716 -0.829649 -0.622373 -0.494971 -1.288223 -1.229500 -0.285000 -0.049003 -0.591241 -0.749300 -1.230434 -1.977521 -2.467084 -1.983572 -0.746527 -1.438079 -1.175002 -1.362736 -0.950421 -0.644727 -0.533850 -0.157878 -0.453015 -0.287328 0.649165 0.962768 1.109363 0.589805 0.744797 1.232312 1.226985 1.851635 1.214900 1.318867 0.255162 0.239719 0.212562 -1.292571 -0.677371 -0.831381 -0.314676 -0.148248 0.558763 0.903498 0.103390 -0.164248 -0.159913 -0.710621 0.426894 -0.182732 0.243606 -0.341323 1.373442 0.942866 0.093967 0.409123 0.530083 -0.942523 -1.892612 -1.850860 -1.646651 -1.592505 -1.352944 0.460963 0.503219 0.477229 0.279972 0.146022 0.204085 1.442438 0.257937 0.579502 0.941852 0.771437 0.227536 0.519967 0.401243 0.358831 -0.097024 0.146120 0.414709 0.853765 0.186310 -0.059057 -1.524546 -1.829049 -0.970224 -1.026745 -0.388499 0.617156 0.384520 -1.042408 -0.892097 0.390117 -0.309678 0.260283 0.032084 
192837465
15
-1.135707 -0.782765 -0.966523 -1.452850 -0.930423 -0.897356 -0.315558 -0.150837 -0.021812 1.497935 1.170742 0.520282 2.261900 0.849367 0.866386 -0.002795 1.055903 -0.229433 -0.826352 -0.713726 -0.900478 -0.777860 -0.356483 0.305280 -0.934116 -1.383008 -0.520452 -1.345582 0.317505 -0.425959 -0.897932 -0.945389 -1.880694 -1.265737 -0.727062 -0.285056 -0.815925 -0.917460 -1.187683 -1.446973 -0.996313 -0.768109 -1.341017 -0.514401 -0.655464 -0.754179 -0.145949 -0.089356 1.125881 1.027470 0.872054 1.026806 0.328751 1.603048 1.950534 1.762208 1.439837 0.460775 0.828853 0.181899 -0.142774 0.135422 0.413335 -0.038628 0.577141 -0.874471 -0.462985 0.056518 -0.922248 -0.496761 0.274926 0.714597 0.484274 0.223721 1.050048 0.636940 1.176609 1.106420 1.012150 -0.092882 -0.935050 -1.469994 -1.172888 -0.842562 -0.534915 0.294136 -0.054011 0.092572 0.959007 0.500291 0.611855 0.157898 0.040004 0.857131 0.773705 0.769541 0.669446 1.797922 1.441244 1.382609 1.458133 0.759578 1.758712 0.720463 1.861173 0.838910 0.379685 0.459835 -0.672300 -0.093088 -0.418967 1.107787 0.850831 1.693269 1.218887 0.098100 -0.474383 -0.320650 0.375002 -0.296091 
192837465
