1200.000000
160.000000
120
16
1
0.500000
2
2
0
-0.837754 -0.741045 -0.655111 -0.319579 0.600825 -0.495363 -0.296684 -0.542936 -0.333114 -0.198249 -0.646516 -0.698172 -0.323115 -0.435939 0.322571 0.034580 0.683818 0.837836 1.172157 1.407545 0.673499 1.144362 1.990125 2.194852 1.788192 1.399571 1.833717 1.641131 1.126523 1.231981 1.208161 1.477285 0.542499 1.369587 0.635973 0.863944 0.228626 0.502473 0.973767 0.965623 1.261032 1.188050 -0.008073 -0.411198 0.352918 -0.312723 0.146442 0.557275 0.224294 -0.567625 -0.903890 -0.248188 -0.619326 -0.815907 -1.076761 -0.978993 -0.576993 -0.956284 0.104522 0.037934 0.424305 0.708849 0.723418 0.950865 0.142223 0.930193 0.372759 0.361573 0.345479 -0.162635 0.076516 1.048502 1.349800 0.726602 0.553804 0.417668 0.173675 0.292160 0.297645 -0.545276 -0.419338 -0.767572 -1.029095 -0.284594 -0.131855 0.826912 0.825918 0.438421 -0.069271 -0.124027 -0.211061 0.469313 0.218419 -0.020383 1.151638 0.715966 0.982560 0.512162 0.340152 0.544872 -0.103721 -0.103184 0.400788 -0.186106 0.142245 0.217295 0.761043 0.586836 0.418937 0.374001 0.666606 -0.267076 -0.033213 0.894105 0.773281 0.589219 0.687451 0.235383 -0.310512 0.785787 
192837465
1
0.487866 -0.560874 -1.381147 -0.623578 -0.689314 -1.144314 -0.535702 -1.635187 -1.324682 -0.727312 -1.441028 -1.415410 -1.250171 -0.286174 -0.440894 -0.373165 0.021199 -0.287314 -0.040164 -0.215060 -0.562933 0.211427 0.550965 1.190129 1.001094 0.597645 1.579345 1.693936 1.850154 1.256385 1.063912 0.433357 1.098330 1.119588 1.470814 2.137069 1.887824 1.381076 1.211990 0.979452 0.882113 1.341508 1.526530 0.311242 0.173289 0.210861 -0.004904 0.465954 0.631423 0.649241 0.427072 -0.107688 0.430319 0.192603 -0.126086 0.286174 -0.006503 0.070331 0.284411 0.120954 -0.039096 1.090149 0.615024 1.219942 -0.047086 0.657269 0.007984 1.213190 0.520940 -0.092454 -0.101656 0.230515 1.354193 0.101207 0.118182 -0.106853 0.608623 0.360725 0.399795 0.142315 0.687825 0.184532 0.156020 0.828954 0.183930 0.174916 -0.041995 -0.474999 -1.206789 -1.272310 -1.195958 -1.245458 -0.586193 0.273052 -0.425320 0.555644 0.029200 -0.610115 0.502233 0.793266 0.024321 0.314995 0.528078 0.109986 -0.029831 -0.268955 -0.510589 -0.157771 -0.150836 -0.643800 -1.253926 -0.769128 -0.916971 -0.109866 -0.773597 -0.475129 -0.535802 -0.586659 -1.225717 0.085191 
192837465
2
0.280360 -0.698384 0.194565 -0.481851 -0.816742 -0.927528 -1.626422 -1.670673 -1.709393 -1.914194 -0.979914 -0.211319 -0.510648 -0.774351 -0.464577 -0.962029 -1.499593 -1.495363 -1.102067 -0.751205 -0.934718 -1.048862 -0.718181 0.025703 0.190038 -0.699880 0.303103 -0.464229 -0.760075 0.321148 0.328182 1.673509 1.689638 1.691176 2.440632 1.536393 2.262777 2.278358 2.271553 1.188239 0.948383 0.736867 1.426961 0.724422 0.432635 -0.237725 0.806721 1.348663 0.399056 0.876478 0.421808 0.911222 0.523418 0.046871 0.862820 1.399952 1.441768 1.270239 1.680753 1.766818 1.932985 1.654133 1.580501 1.428330 0.981571 1.596241 0.452650 -0.184268 -0.253172 0.005726 0.268230 0.080025 0.307325 1.045417 0.280221 0.489660 -0.509946 -0.096811 -0.011628 -0.541212 -0.241641 -1.337619 -0.678961 -0.622328 -1.052630 -0.233282 -0.921005 -0.542244 -0.862606 -0.928594 -1.049005 -1.850392 -1.410170 -1.264998 -1.515760 -0.509713 -0.696143 -0.315141 -0.202593 0.286750 -0.080299 0.251321 0.824944 0.429947 -0.181234 0.085318 0.869010 -0.076719 -0.253023 -0.444081 -0.754024 -0.079843 -1.093402 -1.015827 -0.649506 -0.481280 -0.854424 -1.119359 -0.486547 -0.802307 
192837465
3
-1.025246 0.704443 -0.271490 -0.436262 -0.034483 -0.401615 -0.653795 -0.837041 -1.480935 -1.912314 -0.537391 -0.121191 -0.572360 -0.737695 -0.888146 -0.445603 -1.577775 -1.067263 -1.103299 -1.486689 -1.203829 -0.304157 -2.005593 -1.444013 -0.769604 -0.763630 -0.650766 -1.147214 -0.730897 -0.782556 0.550910 0.766939 1.216046 2.644705 2.123873 1.084750 0.929812 0.948429 1.523729 1.006324 0.443457 0.813520 1.455060 1.830023 2.376047 2.187370 1.823468 1.543357 0.708916 0.470464 0.000997 -0.269450 -0.102954 0.617083 1.093108 1.573827 1.489332 1.325650 1.346894 1.825580 2.119023 2.169667 2.316082 2.380658 2.548780 0.914622 0.818191 0.386063 0.325320 0.616454 0.568176 0.367953 -0.269588 -0.310307 -0.355949 -0.884841 -1.057950 -0.837908 -1.506081 -1.293942 -0.503773 0.218324 -0.387419 -0.018136 -0.158592 0.398536 -0.194399 -0.695889 -0.149917 -1.052891 -1.645450 -1.727608 -1.807341 -1.546505 -1.677371 -0.293434 0.123594 -0.766815 -0.859266 -0.085943 0.690959 1.020851 1.052068 0.922449 1.038190 -0.240686 -0.289234 0.253227 0.381127 -0.295545 -0.592264 -0.507453 -1.475846 -1.310327 -1.248329 -1.208062 -0.626701 -0.794965 0.217830 0.481657 
192837465
4
-0.622739 0.286040 -0.387987 0.238171 0.494941 1.341570 -0.131037 0.620840 -0.123322 -0.639902 0.517947 1.012078 -0.121679 -0.823113 -1.436529 -2.541996 -1.713689 -1.521693 -1.255174 -1.522709 -1.281723 -1.054594 -1.369676 -0.744212 -1.383035 -0.840030 -0.312988 -0.312467 0.001916 -0.053560 -0.269320 0.615425 0.454841 -0.301575 0.415290 -0.510862 0.264108 1.288024 1.485296 1.073265 1.108253 1.428555 2.156103 1.395411 1.723620 1.687469 2.019735 1.254375 0.547916 -0.308323 -1.234402 -1.116602 -1.029594 -0.509646 -0.071256 0.458209 0.534247 0.454301 -0.529336 0.286871 0.685432 1.413892 1.758654 1.654844 2.403464 1.820121 2.306370 1.538221 1.349410 0.580512 0.856145 0.096854 -0.781049 -0.627354 -0.754682 -0.952573 -0.491932 -0.835811 -1.122317 -1.272514 -0.523543 -1.176824 -0.636402 0.041941 -0.475439 -0.269983 -0.882386 -1.482875 -1.330217 -1.006501 -1.013647 -1.720534 -2.137373 -1.327021 -1.137433 -0.380255 -0.464637 -1.359625 -0.998343 -0.199252 0.533273 0.926168 0.588620 0.560873 0.475942 0.885318 -0.558168 0.061060 -0.147220 0.262837 0.137957 -0.465421 -0.249262 -0.039360 -0.209458 -0.938608 -0.443017 -0.156516 0.719941 0.623505 
192837465
5
-0.348736 0.092594 0.081851 -0.698508 -0.039859 0.442744 0.942584 0.782135 -0.571538 -0.333794 -0.109786 0.236470 0.039311 -0.857598 -1.843890 -1.363533 -1.609587 -0.891810 -1.812253 -2.098342 -1.797266 -2.208487 -1.418297 -1.228172 -0.696735 -0.757880 0.014777 0.132259 0.644175 0.063926 -0.359975 -0.200032 0.494246 0.038579 -0.250620 -0.594115 -0.649130 0.317118 1.241666 1.437572 0.749301 0.860802 1.103657 1.695154 1.621360 0.808991 1.548084 0.402259 -0.015159 -1.038476 -1.406444 -0.793282 -0.975552 -0.442105 -0.915995 0.168295 0.503249 0.123689 0.542232 0.471831 1.121820 1.186181 0.317987 1.162308 1.509797 1.937097 1.894377 2.533039 1.638102 1.195638 0.983934 0.165216 -0.542410 -0.568020 -0.642263 -1.247154 -0.648580 -1.036241 -1.272932 -0.723460 -1.634932 -1.461681 -1.596234 -1.493861 -0.545603 -0.996111 -0.394421 -0.243484 -0.681171 -0.861726 -0.879720 -0.421470 -1.043485 -0.181999 -0.415796 -0.747839 0.069960 -0.696755 0.353534 0.672962 0.469087 -0.379852 -0.248297 -0.142614 0.723575 0.159899 0.140995 -0.006183 -0.048879 0.373127 0.142375 0.166087 -0.128553 -0.018799 -0.012907 0.473711 1.182923 0.959957 0.437106 1.353573 
192837465
6
-0.126756 -0.000537 -0.078756 0.572098 0.995359 1.177298 0.926493 0.309083 0.415636 -0.305894 -0.039546 0.057223 0.214375 -1.183628 -0.973109 -0.904187 -1.755563 -1.864328 -1.553162 -1.824037 -1.633735 -1.587241 -1.739732 -1.446436 -1.045461 -0.358272 0.604382 0.324556 0.381372 -0.300378 -0.478209 -0.767343 0.052876 0.710138 0.351551 -0.348506 -0.273653 -0.761809 -0.453905 0.171589 0.706447 0.220658 0.041062 1.473607 1.367299 1.074321 0.420117 0.831648 -0.111720 -0.194731 -0.133072 -0.382392 -0.181499 -0.214468 0.195936 1.046863 -0.315691 -0.115473 0.185255 0.241175 0.313485 0.147754 0.244819 0.090279 -0.015921 0.976043 1.910068 1.491384 1.121392 0.778766 0.989688 -0.508017 -0.801392 -0.702015 -1.040364 -0.903554 -0.790035 -1.143506 -1.563791 -1.821464 -1.930661 -1.144014 -1.063133 -1.234014 -1.210699 -0.945618 -0.500221 -0.500504 -0.510058 0.884382 0.697566 -0.230630 -0.185994 -0.102118 0.158820 0.126782 0.630752 0.455660 0.541628 0.429262 -0.040256 0.644833 -0.213362 0.320521 -0.248930 0.556262 -0.761713 -0.070237 0.536771 0.134879 0.279431 0.055895 -0.089942 -0.035515 0.118709 0.420466 1.378203 1.885411 1.993372 1.848548 
192837465
7
1.949119 0.342718 -0.391007 -1.230429 0.006635 0.440738 -0.286448 0.937356 -0.051906 -0.350125 0.056581 0.426933 -0.805005 0.174758 -0.501463 -0.453706 -1.081448 -1.603731 -1.237679 -0.697822 -1.277339 -0.918705 -1.019480 -0.588676 -0.496763 -0.722029 -0.285347 0.072147 -0.297927 -0.459364 -1.265497 -1.465271 -0.998048 -0.615465 -0.871771 -0.410680 -1.121592 -0.999883 -1.116908 -0.103330 -0.199054 0.219999 0.169516 0.919905 0.449531 0.649095 0.673999 -0.049798 0.115410 -1.038761 -0.476763 -1.131877 -0.840990 -0.403145 0.436166 0.947857 1.019647 0.936777 0.076549 -0.252301 -0.835496 0.622613 0.260548 0.190903 0.073203 0.631969 0.535102 0.208879 0.654536 0.281610 -0.414632 -0.098596 -0.896979 -1.892670 -0.958669 -1.354913 -1.612695 -1.110021 -0.322464 -0.085421 -0.191083 -0.983225 -1.156983 -0.529165 -0.484303 -0.476731 -0.359659 -0.630134 -0.627498 0.109610 0.288009 -0.086638 -0.044416 -0.283933 0.520582 0.288988 -0.518388 -0.511171 0.097359 -0.098209 -0.543455 0.003374 0.319882 -0.086970 0.142316 0.763337 -0.126275 -0.757771 -0.605883 -0.300431 -0.348016 0.261961 0.055455 -0.365834 0.575622 1.396800 1.274281 1.666613 1.625227 1.773926 
192837465
8
0.044170 0.327685 -0.249664 0.941055 0.732245 1.531113 0.879671 0.571156 -0.483204 -0.304023 -0.030836 -0.934658 -0.118916 -0.118627 -0.139200 -0.416575 -0.796751 -0.597948 -0.688458 -1.100713 -0.284034 -0.647671 -1.215426 -1.095261 -0.531672 0.507657 0.396556 0.094606 -0.362365 -1.413948 -1.456922 -0.721753 -0.834478 -0.304897 0.237014 -0.153848 -0.991626 -1.201929 -1.358232 -1.066910 -2.052759 -1.005537 -0.809258 -0.850212 -0.357430 -0.046288 0.437059 0.023350 -1.156244 -1.157414 -2.670843 -1.577968 -0.586939 0.277053 0.523262 -0.344613 -0.615027 -0.312692 -0.711201 0.299978 0.149276 1.319027 0.391437 -0.075935 -0.319323 0.044859 -0.115021 -0.441818 -0.170731 -0.020986 -0.347331 -0.637463 -0.949224 -1.379435 -1.453259 -0.960054 -1.580618 -1.909050 -0.719069 -0.908506 -1.070314 -0.815167 -0.404232 -1.581036 -0.938987 -1.060214 -1.148620 -0.216708 -0.467895 -1.014415 -0.682956 -0.710245 -1.878371 -0.998443 -0.748305 -0.690180 -0.099748 -0.785690 -1.115726 0.131346 -0.950043 -0.855759 -1.183766 -0.643130 -0.684893 0.278178 -0.199268 -0.380181 0.096974 -0.162035 0.526220 0.999071 0.417791 0.789451 0.545931 0.653491 0.104876 0.441357 1.084295 1.821460 
192837465
9
1.722086 1.104045 -0.142117 -0.130733 1.002593 0.702931 0.298457 0.563278 0.227535 0.261626 0.786658 0.483392 -0.453992 -0.452542 -0.873356 -1.020596 -0.605400 -0.608999 -0.537746 -0.849556 -0.004240 0.418582 -0.036353 0.140675 0.647641 1.632750 1.102240 0.803700 0.706328 0.507992 -0.836085 -0.296322 -0.229272 -0.661577 -0.015963 -0.586691 -0.288776 -0.496157 -1.526346 -1.742533 -1.938642 -2.530253 -1.132149 -1.358206 -1.312715 -0.785519 -0.493191 -0.037070 -0.746347 -0.475747 -1.042744 -2.257112 -2.591925 -1.640327 -1.157932 -0.414088 0.019293 0.416166 0.862367 0.222150 1.016376 0.364714 0.775993 0.600252 -0.019496 0.242665 -0.496850 -0.465598 0.012222 -0.194490 -0.050869 0.080965 -0.449697 -0.208343 -0.426622 0.286616 -0.340281 -1.860952 -1.927130 -1.723456 -1.165399 -0.750756 -0.481781 -2.075249 -1.463863 -2.024003 -1.494506 -1.161703 -1.754822 -1.860159 -1.352258 -1.956599 -1.731171 -1.967217 -1.448305 -0.600812 -1.333174 -1.304555 -0.674623 -1.133825 -0.595780 -1.433297 -0.974941 0.114960 -0.077992 0.032755 -0.669682 -0.822893 0.745539 0.190820 0.082839 0.699407 -0.339375 0.264160 0.688578 -0.094052 -0.051811 -0.083851 0.470893 0.439970 
192837465
10
1.299924 1.113986 0.325018 0.034678 -0.573277 -0.087735 -0.227146 0.162038 -0.957175 -0.486314 -0.114937 0.119873 0.634659 -0.686717 -0.373270 -0.427728 -0.441824 -0.845002 -0.777513 0.527692 0.881042 1.011214 1.104975 0.436584 0.480020 1.034186 1.404571 1.304405 1.634386 1.313353 0.832387 0.201292 0.063018 -0.015655 -0.031289 0.407640 0.866574 0.020899 -0.371315 -1.448555 -1.153427 -1.777784 -0.091869 -0.263053 -0.797045 -0.491509 -1.190740 -0.842650 -0.974514 -1.621591 -0.627017 -1.067516 -1.196874 -0.585038 0.013217 -0.238393 0.684446 0.826496 1.151572 0.299766 1.064047 0.527494 0.371317 0.104948 0.326824 -0.360176 -0.796393 -0.120899 -0.342465 -0.451663 -1.065160 -0.527005 -0.893814 0.244826 0.239552 -0.250964 -0.605955 -0.888528 -0.747599 -0.502794 -0.258673 0.863058 0.421394 -1.313689 -1.308275 -1.309932 -0.435844 -1.065064 -1.212156 -2.089704 -2.768138 -2.307871 -2.369278 -1.892859 -1.798793 -1.258517 -1.212735 -1.776070 -1.651977 -1.790791 -1.201595 -1.318344 -1.304255 -0.707571 -0.686834 -0.414067 -0.497571 -0.329813 0.657946 0.447349 0.182966 -0.087645 -0.296501 -0.869445 -0.929213 -1.154365 -1.125273 -0.073714 -0.195101 -0.456464 
192837465
11
2.202706 1.314490 0.793820 0.473347 0.168756 -0.589526 -0.326956 0.194031 -0.950657 -0.084999 0.102308 -0.245335 0.124279 -0.421062 -0.389783 0.047639 0.680961 -0.076993 -0.116655 1.099697 1.196108 1.564924 1.095732 -0.013553 0.208536 0.818541 1.073678 0.921325 0.519248 0.562853 0.862924 0.824169 0.607076 0.551534 0.495903 0.924307 0.708560 0.187002 -0.345375 -0.438877 -0.362887 0.152008 0.576554 0.492316 -0.069933 -0.467826 -0.681582 -0.536515 -1.338511 -1.099096 -0.048130 -0.130133 -0.085130 -1.325306 -0.667555 -1.257828 0.050537 1.243754 1.292740 1.003056 1.547203 1.120054 0.463591 0.208649 0.373565 -0.275321 0.605215 0.189678 0.024269 -0.889029 -0.513474 -0.139068 -0.768164 0.308612 -0.152636 -0.093209 -0.042490 -0.098806 -0.167208 -0.070730 0.410509 0.359428 -0.505353 -1.515233 -1.272926 -1.404379 -1.133508 -1.833661 -1.988835 -1.721105 -2.050433 -2.533669 -2.289641 -1.682884 -1.887337 -1.650256 -1.135364 -1.510104 -0.973646 -1.403371 -1.072511 -0.529128 0.089275 -0.470723 -0.016582 0.503754 0.152606 0.926243 0.972382 0.347892 0.680398 0.600023 0.112777 -0.616720 -0.830544 -1.555860 -1.827048 -1.364434 -1.017501 -0.369373 
192837465
12
0.791052 1.095493 1.081838 0.702519 -0.265137 -0.713006 -0.400722 1.230658 1.325767 1.166284 0.831548 -0.133491 -0.275227 0.206745 0.607292 0.971396 0.876777 1.023565 0.592589 1.118146 2.241687 1.722917 2.212097 1.859742 0.751937 1.198942 1.290058 1.296718 1.448376 2.376133 1.932060 1.058974 0.494218 1.007389 0.924881 1.267839 0.513086 0.094699 0.531751 0.977836 0.228450 1.375731 1.069307 0.790818 0.635620 -0.680517 -0.486154 -0.618422 -0.184702 0.689495 -0.168917 -0.500423 -0.076957 -0.509092 -0.760995 -0.334302 0.414140 1.648482 1.880099 1.754713 2.049646 2.270775 1.697447 0.667584 -0.523415 -0.854055 -0.480906 -0.206483 0.122732 0.276964 0.028985 -0.319451 -0.006953 -0.066955 -0.008302 0.285306 0.222177 0.240564 -0.033272 0.287447 0.112812 0.377043 -0.455124 -1.609450 -1.580573 -1.229650 -0.545198 -0.830951 -1.570555 -1.332079 -1.719963 -1.469874 -1.190959 -2.151103 -1.650886 -1.292480 -1.175442 0.209788 0.262480 0.796532 1.238422 0.490619 0.036809 -0.098428 -0.008368 -0.279575 0.932772 1.521101 1.253975 1.455351 1.559516 1.051665 0.121213 -0.653952 -0.812094 -1.473919 -1.290523 -1.171944 -1.000115 -1.121007 
192837465
13
0.603002 1.121140 1.542323 0.783653 0.534430 -0.015070 0.528137 1.597760 1.805114 1.429818 1.492444 1.125865 0.790992 0.881727 0.765366 0.149591 0.584557 1.019975 0.227881 0.653006 1.156344 0.854135 0.691139 0.857063 0.703563 1.195664 1.359773 1.379328 1.920900 1.357963 1.446056 0.541824 0.260959 0.374131 0.151432 -0.154707 0.247583 0.170580 0.090494 0.926378 0.177944 0.672433 1.121665 0.245097 0.257988 -0.146804 0.082050 -0.270625 -0.371800 -0.173120 -0.122136 -0.173177 -0.322279 -0.898208 -0.453796 0.070893 0.070596 0.875390 0.660247 1.451401 1.555915 0.594117 0.289388 0.972538 0.463287 0.811974 0.853336 0.646593 0.630402 0.627048 0.363842 0.637501 1.116754 0.970965 0.371491 -0.148150 0.781726 0.886115 0.553348 -0.759223 -0.084883 0.948165 0.153566 -0.585194 -0.523277 -0.494180 -1.335663 -0.849485 -0.967183 -1.478525 -1.912887 -1.756568 -1.885843 -1.833921 -1.528334 -0.484751 -0.877696 -1.266075 -0.075843 -0.071267 0.342128 0.979649 1.211886 0.813338 1.857980 2.246903 2.725011 2.131953 2.027968 0.791856 0.583282 0.487060 0.178573 0.031552 0.174021 -0.524650 -0.553595 -0.369507 -0.220926 0.052157 
192837465
14
0.832978 1.021924 1.740121 2.319593 1.412797 0.846545 1.040892 1.567713 1.421641 1.600052 1.249975 1.233546 0.814864 0.306262 0.499689 0.514390 0.856300 1.450194 1.475472 1.087714 1.569311 1.123101 1.498285 0.405015 -0.186807 0.253699 0.613475 0.070274 0.869050 0.133316 -0.006565 -1.197625 -1.722157 -1.345930 -0.978629 -0.637418 -0.518346 -0.918076 -0.362559 -0.267105 -0.223992 -0.553035 -0.542386 -0.322989 0.675117 0.415230 0.817579 0.612925 0.488887 0.766716 1.257321 1.105214 0.911338 0.355750 -0.069274 -0.054024 0.144132 0.424716 -0.119414 -0.451297 0.594853 -0.209772 0.673836 -0.142459 0.048695 0.318568 0.777742 1.054434 1.350864 0.710635 1.056528 1.623546 1.412057 0.850725 0.353706 1.007181 0.984175 1.011240 0.575745 -0.070688 -0.300830 -0.373975 -1.189802 -0.969388 -1.398715 -1.356002 -1.319800 -1.447068 -1.865886 -1.292827 -1.161866 -1.188780 -0.724231 -1.839482 -0.950351 -1.265845 -0.030078 -0.293512 -0.343939 -0.148209 0.530954 0.677220 1.481999 1.383942 1.908247 3.252801 3.362874 3.148810 3.099861 2.848290 2.322040 0.881722 0.450416 0.711880 0.667212 -0.029959 -0.477377 -0.599275 0.193067 1.157048 
192837465
15
1.641173 1.098228 1.507280 2.588757 1.181101 1.353990 1.865656 1.997084 0.493965 1.526620 2.251979 1.512462 1.108697 1.583051 0.898479 0.337875 0.198220 0.637782 1.202135 1.274299 1.432823 0.370329 0.771882 1.045477 -0.509897 -0.608274 -0.857102 -0.715242 -0.084807 -0.379305 0.142091 -0.328605 -1.241281 -1.642973 -1.890491 -1.163205 -0.326328 -0.107213 -1.062148 -1.258063 0.158896 -0.170942 -0.287088 -0.951508 0.249542 1.399967 0.786243 0.593463 0.485218 1.143333 0.893281 0.652007 -0.286479 0.074770 -0.014148 -0.147080 -1.040775 -1.014382 -0.144059 -0.608052 -0.243284 0.141196 -0.567325 -0.427507 -0.494240 0.356474 0.362536 0.790086 0.560459 0.926361 1.877969 0.770373 1.659340 1.254725 1.744592 1.374119 0.550598 0.080626 -0.621721 -0.632019 0.237665 0.619446 -0.772646 -1.697284 -1.458392 -1.022370 -1.068962 -0.365192 -0.951405 -1.147101 -0.955172 -0.447819 -0.585592 0.069892 -0.833959 -1.468529 -1.153285 0.126015 -0.384910 -0.358453 0.662016 1.609491 2.060898 1.196884 2.014611 1.526241 1.834135 1.904677 2.025438 2.456007 2.585108 1.657435 1.190817 1.059807 -0.006491 -0.743192 -1.054315 -1.002892 0.023929 -0.035732 
192837465
