1200.000000
160.000000
120
16
1
0.500000
2
2
0
0.535502 0.289730 0.601640 0.803031 1.141967 0.668107 0.857306 0.142286 -0.008031 0.120247 -0.006051 -0.205313 0.196861 0.483681 -0.126527 -0.332845 -1.292733 -1.282173 -0.931337 -1.617201 -0.884228 -0.614845 -1.017836 -0.302456 0.513199 0.104921 -0.510705 0.502716 1.089314 1.101327 0.588681 -0.066302 -0.600106 0.414605 1.427830 0.954674 0.852201 -0.391557 -0.003861 0.049139 -0.207312 0.357734 -0.311193 0.196251 -0.034870 -0.023527 -0.324425 0.756742 0.315281 0.934136 0.811063 0.485204 0.619551 0.335849 0.757313 1.275084 1.177809 0.770273 0.212267 0.410557 0.135340 0.183754 0.183479 0.285207 1.080491 0.202050 0.379869 -0.430013 0.023565 0.111002 0.486838 -0.686265 -0.456397 -0.679472 0.193251 0.858945 1.160943 1.145518 1.467116 0.329585 0.206528 0.423956 -0.849327 -1.403893 -1.102931 -1.390611 -0.243065 -1.784468 -1.025422 -1.102783 -0.124663 -0.476895 -0.253818 -0.125985 -0.562661 0.724156 0.575129 0.401851 0.505181 -0.952138 -0.865199 -1.016435 -1.461676 -0.651385 -0.435029 -0.773267 -1.781840 -2.510648 -1.160351 -0.439264 -0.293948 -0.906313 -0.335273 -0.953824 -1.811930 -1.300266 -1.413002 -0.350055 -0.626710 0.549525 
192837465
1
-0.083725 -0.038441 0.218610 -0.070649 0.162301 0.414135 1.203910 0.739101 0.056809 -0.427789 -0.552128 -1.066529 -0.055331 0.720100 0.419529 -0.752085 -0.479794 -0.416011 -1.012358 -1.535596 -0.829150 -1.422668 -0.454083 -0.550236 -0.363712 0.720682 1.109076 1.006540 0.539686 0.714736 0.345858 -0.487575 0.069244 0.598523 0.269192 0.716144 0.366751 0.773245 0.404822 0.514745 0.227542 0.619589 0.188118 1.137653 0.837471 0.946587 0.509296 0.644400 0.277407 0.369043 0.196530 0.284216 -0.290550 -0.615956 -0.994620 0.025045 -0.860826 -0.230918 -0.232632 0.246337 0.102635 -0.016462 0.654884 1.331482 1.277438 0.697519 0.543512 -0.279829 -0.181188 -0.084971 0.569481 0.079417 -1.106388 -0.316266 0.742243 0.637957 1.411615 1.560747 1.540965 -0.126039 -0.121615 -0.006164 -1.109673 -0.515244 -0.651198 -1.033929 -0.683720 -0.609846 -0.971423 -0.088735 -0.138330 -0.245957 -1.555282 -1.579536 -1.148495 0.313471 -0.165104 -0.422770 -0.630927 -0.768051 -2.072432 -1.486356 -0.294562 -0.452385 -1.269227 -0.668292 -1.117056 -1.629239 -1.321830 -0.713102 0.272547 0.076309 0.454875 1.064285 0.240209 0.611221 -0.446723 -0.675622 -0.047939 -0.932699 
192837465
2
-0.266725 -0.526253 -0.536403 -0.759977 -0.812675 -0.046590 0.095091 0.095882 -0.916257 -0.534334 0.062531 -0.980456 -0.815849 -0.322416 -0.326349 -0.086503 -0.545171 -0.421261 0.452059 -0.018131 0.976874 0.762585 -0.291793 0.137989 -0.057039 1.093875 1.925859 1.262932 0.386667 -0.331720 -0.620756 -0.042193 1.276429 1.454774 2.445376 1.730084 2.005472 1.936914 1.007829 0.680749 1.110552 0.350383 0.053153 0.757087 0.858439 0.926390 1.139613 1.420342 1.350188 1.404159 0.329087 0.643705 0.177454 -0.405043 -0.681714 -1.122487 -1.534298 -1.283691 -1.646042 -1.718467 -0.978436 0.316642 -0.346611 0.900929 -0.604259 -0.924998 -0.595830 -0.382547 -0.207087 0.399587 0.348822 0.685587 -0.072012 -1.466811 -0.811869 0.094132 1.716245 1.476189 0.707350 0.984953 1.201472 -0.075214 -1.101052 -0.534635 -0.037668 -0.421742 -0.334095 0.110542 0.858789 -0.064640 -0.383408 -0.775314 -1.248985 -1.119866 -1.580080 -0.925476 -1.147781 -2.334072 -0.975430 -0.736918 -0.378287 -0.086905 0.499167 -0.499750 -1.502791 -0.883638 0.171304 0.605682 1.347580 2.260691 1.741110 1.469373 1.200763 1.504392 1.341195 0.599785 0.092737 -0.226224 -0.738426 0.006979 
192837465
3
0.171791 -0.958186 -0.868894 -1.097322 -1.590017 -1.314831 -0.019262 -0.640981 -1.114699 -1.456457 -0.937050 -0.131623 0.233968 -0.503268 -0.817384 -0.757759 -0.020584 -0.114889 -0.110465 1.282937 0.891175 1.340476 1.612682 0.269155 -0.011105 0.846590 0.363054 0.584419 -0.122526 -1.106485 0.001956 -0.354277 -0.058442 0.305695 1.700344 1.584303 1.126465 1.781700 1.064001 0.024354 -0.206015 0.299947 0.411576 0.133238 1.033519 0.711640 1.370559 0.891514 1.599386 1.021259 2.504435 1.225584 1.198311 0.201177 -0.025550 0.077425 -0.655913 -0.867274 -1.067572 -0.761703 -0.536247 -0.365837 -0.689376 -0.417248 -0.614910 -0.756273 -0.243135 -0.285827 0.125586 0.831747 -0.104966 0.261050 1.224229 1.093478 1.847171 2.437324 1.456582 1.537101 0.500572 0.895732 0.390696 0.596021 -0.100499 -0.346020 0.133936 0.509320 0.517802 0.086397 0.621470 0.935342 -0.099012 -0.574580 -1.412771 -0.834719 -0.769838 -0.174736 0.514887 -1.279126 -1.252050 -0.494512 -0.456467 -0.096824 -0.249669 0.518941 0.812247 0.447892 0.044579 1.581930 2.115601 2.235094 1.915255 1.412334 1.246434 1.067213 1.191366 0.792133 0.154996 0.189951 -0.983363 0.236984 
192837465
4
0.416717 -0.511568 -0.898068 -0.373191 -1.351482 -1.440373 -0.629338 -1.282538 -1.652748 -1.625807 -0.833699 -1.272295 -0.518041 -1.036100 -1.836848 -2.131555 -0.907273 -0.639482 0.493771 0.788768 1.032229 0.600757 -0.072870 -0.099942 0.386111 0.277066 -0.353977 -1.404560 -1.268691 -1.270643 -1.743402 -1.029550 0.156814 0.567266 0.356247 -0.505220 0.486160 0.095853 1.256283 1.210082 0.992886 -0.323836 -0.785004 0.005186 0.557053 0.315479 1.144963 1.255983 0.831184 2.246768 1.463107 1.160198 0.381302 -0.356093 -0.285248 -0.609975 -0.544743 -0.208400 -0.808334 -0.713689 0.097149 -0.189323 -0.122750 -0.377423 -0.755091 -0.520661 -0.122432 0.374778 -0.077702 0.387095 0.408886 0.326254 1.126912 1.171177 1.584050 1.728690 1.971052 1.828821 1.963573 0.994680 0.505649 -0.290002 -0.763878 -0.824391 -0.889420 -0.645359 -0.848866 -0.676682 0.071010 -0.018139 -0.216430 -0.512552 -1.819179 -1.494278 -1.822674 -0.914103 -0.128681 -0.976768 -1.418356 -1.255869 -0.734991 0.400424 0.724696 0.553686 -0.168384 0.985837 2.311038 1.686512 0.797000 0.426270 0.531654 1.472403 0.966577 1.051497 0.650530 0.307054 0.887720 0.391616 0.992631 0.402765 
192837465
5
-0.476279 -1.610180 -1.201500 -0.983933 -1.595717 -1.486963 -0.643674 -1.558977 -2.243811 -2.114018 -2.276061 -2.553347 -1.273534 0.015313 -1.262870 -1.543807 -0.966773 -1.322509 -0.154448 -1.285567 -1.220145 -1.739274 -0.861551 -0.485419 0.301256 -1.039732 -1.720745 -1.199968 -1.832945 -2.049118 -2.059258 -1.207032 -2.128687 -1.906956 -1.264356 -1.491038 -0.527483 0.189490 -0.062731 -0.293531 -0.180741 -0.573840 0.415123 0.450163 0.347115 0.985467 0.444184 0.860667 0.244002 0.703507 1.132760 0.554476 -0.126841 0.590192 1.131936 1.322142 0.689777 0.470789 -0.688614 -1.339490 -0.042443 -0.033673 -0.319064 0.026157 -0.270574 0.223315 -0.072597 0.570418 0.382047 0.638701 0.920926 0.860743 0.896455 2.012635 1.406055 1.614220 1.210815 1.317669 0.593933 0.529833 -0.093535 -1.200278 -0.553819 -0.859844 -0.974206 -1.676225 -1.406910 -1.427972 -1.901489 -2.596091 -2.745172 -2.140403 -1.956770 -1.435290 -1.632564 -1.290258 -0.924810 -1.306344 -1.660393 -2.058590 -1.505678 -0.168432 0.703468 0.067716 0.678105 0.901365 0.856989 0.908535 0.850065 0.532193 0.410055 0.302576 0.731147 0.658392 -0.824925 -1.332491 -0.259683 -0.139815 0.388622 0.384035 
192837465
6
-0.379749 -0.032928 0.329077 0.036422 -0.994585 -1.248244 -1.962934 -2.697950 -2.587968 -2.483132 -2.439691 -1.923159 -1.230569 -0.458442 -0.537076 -0.425415 -0.430803 1.092771 -0.125272 0.806201 0.855859 -1.345225 -1.398058 -0.948314 -1.308420 -1.439651 -2.511802 -1.644029 -2.201788 -1.787300 -1.282026 -2.418545 -2.261895 -2.098107 -1.962328 -1.514679 -0.885719 -1.394335 -0.576241 -0.459510 -1.225912 -0.748124 -0.673451 0.804773 0.493709 1.026497 0.917106 0.773369 0.283798 0.445894 0.030575 -1.003310 -0.124378 0.548211 -0.388263 -0.225616 0.012502 0.085673 -0.519427 0.289222 0.833292 0.916478 0.521036 0.861953 0.978996 2.426985 2.334040 2.329197 1.904766 1.594514 1.391122 1.973712 2.260080 1.530231 0.407789 0.874651 0.976594 0.819079 1.347183 0.506650 0.674899 0.833798 0.528883 0.545692 -0.177651 -0.564931 -1.137399 -1.238828 -2.772135 -2.599424 -2.648633 -2.513416 -1.870480 -1.461359 -0.787224 -1.049189 -1.572800 -2.431974 -1.975051 -1.610758 -1.243821 0.721308 -0.411887 0.463799 0.860115 0.025695 -0.287818 0.133172 0.454113 0.956769 1.181902 0.523230 -0.834502 -0.412592 -1.205146 -0.929816 -1.476995 -1.872129 -0.372785 0.063482 
192837465
7
0.017523 -0.646703 -0.481965 -0.653055 -1.162329 -0.327292 -0.309373 -1.052578 -1.021271 -0.456406 -1.034688 -0.102153 -0.700236 -0.808564 -0.447846 -0.166739 -0.759737 -0.117680 0.247856 0.087997 -0.501455 -0.896786 -0.614011 -0.650034 -1.475660 -0.843821 -0.956273 -1.123143 -1.298531 -1.153484 -1.619614 -0.904648 -0.745736 -0.723889 -0.763453 -1.117224 -0.562147 -0.240821 -0.723906 -0.905054 -0.848196 -0.832646 -0.974141 0.293136 0.735169 1.710443 2.090086 0.867393 -0.079251 0.279533 -1.350424 -1.318857 -0.650729 -0.376521 -0.275182 1.054844 0.800238 1.385827 0.380422 1.114480 0.581501 1.194619 0.703666 1.109956 0.790505 0.921013 1.953363 2.020604 2.098381 1.754788 1.751438 0.957351 1.653832 0.177167 1.586964 1.708142 1.151841 1.231731 1.287169 1.486450 0.811140 0.691255 0.925554 0.885762 -0.198227 -1.091530 -1.830332 -1.772084 -2.652074 -2.732384 -1.981203 -1.554147 -0.880367 -1.311763 -0.757541 -0.376042 -0.208727 -1.556242 -2.124190 -1.636459 -1.299400 -0.015957 -0.190200 0.370238 0.948766 0.321835 -0.421401 0.806392 0.311551 -0.219104 0.488111 0.001918 -0.113941 -0.596785 -0.534065 -0.396073 -0.416103 -0.254834 -0.576194 -1.309585 
192837465
8
-0.186310 0.012370 0.687936 0.534213 0.067817 -0.513983 0.473100 0.045514 0.339832 -0.901249 -1.350935 -1.038082 -1.477317 -0.036128 -1.062850 -1.428801 -1.054272 -0.134716 0.664845 0.340086 -0.171426 -0.359577 -0.439246 -0.029152 -0.235364 -1.388338 -0.793698 -0.904691 -0.964937 -1.207632 -0.767124 -0.551822 -1.509027 -0.880425 -0.725528 -0.975880 -2.170656 -0.427647 -0.310726 -0.371998 -0.132651 0.735500 1.056262 0.851722 0.906302 1.088473 0.217970 0.757394 0.257082 0.652975 0.248619 -0.125304 0.700044 0.750817 0.504784 0.891372 0.935679 0.845638 0.416211 0.786381 0.775868 0.649612 1.156575 1.952092 2.025223 2.314482 1.890541 1.358638 1.184883 1.856154 2.367379 1.679249 1.896187 3.230733 2.614830 2.390737 1.859185 1.238428 1.290593 1.761639 2.390669 1.912052 1.416518 0.712641 -0.242629 -0.573184 -0.674921 -1.981436 -1.630185 -2.029032 -0.941836 -0.537466 -0.649495 -0.147587 0.591528 0.111049 -0.250652 -0.419016 -1.118161 -1.447258 -1.820735 -1.440004 -0.519691 -0.239491 -0.340971 0.412956 0.173871 0.469567 0.768902 -0.422482 0.101305 0.686643 0.746349 0.239386 0.020535 -0.063558 -1.012690 -0.732045 -0.260656 0.811166 
192837465
9
-0.472844 0.495115 0.088450 -0.800360 -0.073172 0.386648 -0.077816 -0.122768 0.080839 -0.686028 -1.037022 -1.112768 -1.950116 -1.282736 -0.740735 -0.155506 -0.797325 0.112240 0.209557 -0.296155 -0.031207 0.174645 0.530329 0.444457 0.178445 0.479016 -0.859705 -0.280371 -0.947784 -0.799586 0.109569 -0.087232 -1.136907 -0.874154 -0.211633 -0.987884 -1.072488 -0.444641 -0.385056 -0.757913 0.412604 0.413000 0.581608 0.605107 0.313496 -0.626333 -0.440482 -0.540854 -0.263137 -0.620459 -0.313348 0.875099 0.591746 1.014439 0.445004 0.423275 0.370975 0.912274 1.521223 1.343297 1.715564 1.503402 2.172017 1.687771 1.454354 2.240861 1.633195 1.523661 1.790209 1.800748 2.068845 1.984738 2.206409 2.991546 2.669378 2.399888 2.407693 2.378171 1.966037 1.601443 0.755701 1.119864 1.424552 0.921640 0.001047 -0.572483 -0.083427 -0.321836 -1.048843 -1.154499 -1.324134 -1.602372 -0.864953 -0.479805 0.709581 0.513943 0.595536 -0.317837 -0.958236 -1.369054 -1.725136 -1.687099 -2.057305 -1.373537 -0.527247 -0.629956 -0.382697 -0.166832 -0.453379 -1.003432 0.103796 0.352102 1.503737 1.018834 1.274745 0.755590 1.559604 1.483992 1.129137 0.505360 
192837465
10
0.008186 0.346247 -0.536133 -0.902578 -0.238278 0.625828 1.684319 1.455868 1.339987 0.919982 -0.128962 -0.314639 0.779861 0.855616 0.600366 0.010734 0.374386 0.988599 0.592443 -0.074698 -0.922747 -0.141583 -0.334593 0.602733 0.735233 0.710073 0.506562 0.578478 -0.206073 0.556655 0.332572 -0.122905 0.327165 0.067294 -0.095762 -0.296944 -0.756398 -1.815663 -0.835422 -1.304462 -0.282143 0.112370 0.093429 -0.292488 0.134609 -0.415847 -0.676118 -1.197505 0.438295 -0.477616 -0.281762 -0.011648 -0.218280 0.722549 0.051604 -0.026551 0.406092 1.162419 1.925311 1.690602 1.855023 2.570124 1.534397 1.720050 2.082974 2.615176 1.629418 1.437189 1.148601 1.322353 1.500714 1.731043 1.637810 2.742333 2.468599 2.597565 2.164890 1.232091 1.121433 -0.081442 0.306932 -0.293439 -0.425414 0.103267 -0.675802 0.189625 -0.373107 -0.609603 -0.415625 -0.677534 -1.414719 -1.059180 -0.820713 -0.241826 -0.422888 -0.545783 -0.277652 -0.169310 -0.351159 -1.760323 -2.307312 -2.898787 -2.634381 -1.977611 -1.142985 -1.718899 -0.528485 -0.513175 0.372690 0.748387 0.882736 2.381743 1.910383 2.781805 2.235446 1.818852 1.820132 1.644797 1.301247 0.360586 
192837465
11
-0.550258 -1.090213 -1.188580 -1.134932 0.376401 0.331125 1.589289 2.095789 1.736915 0.789177 0.101138 0.330150 1.407635 1.510443 1.353239 1.724855 1.342053 0.743912 -0.109188 -0.849709 -0.837054 -0.218430 -0.894947 -0.024961 0.422347 0.390528 0.838832 1.610652 1.737068 1.094937 0.062918 0.453132 1.219932 -0.128090 -0.377624 -1.350578 -1.374564 -1.304320 -1.153404 -0.858427 -1.181029 -1.264083 0.045983 -0.038024 0.873417 0.084802 -0.692253 -0.099144 0.071678 -0.102232 0.306140 -1.059066 -0.045808 -0.188222 0.199118 0.891776 0.433869 0.190035 0.029092 1.397440 1.576158 1.447510 0.922658 0.831808 0.437931 0.191184 0.143792 -0.159568 -0.284717 0.392342 1.182544 0.801313 0.856158 1.553739 1.858230 1.238296 0.366897 -0.050663 0.030465 -0.321156 0.709147 0.261312 -0.175591 -0.456262 -0.882051 -0.165477 0.783786 0.020331 0.015053 -0.764212 -1.732448 -1.215212 -0.739695 -0.600874 0.117876 -1.270769 -2.319249 -1.561327 -0.942943 -0.725887 -1.774929 -1.553664 -0.691077 -0.578107 -0.807575 -0.256114 -0.664849 -0.475473 0.351984 0.231012 0.528308 1.477620 2.044504 1.563262 1.489852 1.612936 0.924883 0.079240 0.314016 0.421678 
192837465
12
-0.403887 -1.144525 -1.349063 -1.042667 0.335069 1.497688 1.766661 1.228398 1.690581 1.135895 0.654501 1.462623 1.187487 1.330018 1.605485 1.819829 0.460926 0.016884 -0.226880 -0.295892 -1.111665 -0.096697 -1.083118 -0.244751 0.475780 0.277981 1.146406 0.846463 1.797968 1.314601 0.768855 1.164787 -0.432189 -0.300695 -0.105221 -1.029786 -1.089887 -1.256096 -1.119622 -1.751849 -1.925256 -1.197526 0.109076 -0.267339 -0.287097 -1.322477 0.092735 0.211112 -0.246928 0.010020 -0.899736 -1.220872 0.491466 -0.253064 -0.165786 0.631593 0.780022 0.697476 0.569411 0.523843 0.917702 0.849370 0.234885 0.655728 0.174580 0.454228 -0.219000 -0.376960 -1.244346 -0.575208 0.580302 0.994943 1.094162 1.854173 1.772554 0.937533 -0.844808 -0.050822 -0.426884 -0.157224 -0.140011 -0.676151 -0.508403 0.188239 0.121543 1.438044 0.518087 1.215420 -0.046682 0.960828 -0.265406 0.486750 0.510891 0.003042 -0.387252 -0.822957 -1.048285 -0.952324 -0.481432 -0.358828 -0.725384 -1.729515 -0.742310 -0.790122 -0.048465 -0.585684 -0.645973 -0.268252 0.341860 0.041599 0.613588 1.081255 1.334580 0.470723 -0.056073 0.518209 0.605257 0.251625 -1.012233 0.877296 
192837465
13
-0.833389 -0.978835 -0.918781 -0.141029 0.850026 0.418684 0.979106 0.217085 -0.656471 -0.966703 0.127698 0.971285 0.890943 0.128148 0.886943 0.391295 -0.280462 -0.018051 -0.556020 -0.496107 -1.496344 -0.434727 0.857675 0.890312 0.595437 0.786953 -0.577639 0.269783 0.085150 -0.157213 0.217047 -0.354906 0.197834 0.579476 -0.287449 -0.633651 -0.467742 -1.692838 -1.066444 -1.282128 -0.406925 -0.901911 0.626007 -0.631874 -0.475416 -0.467403 -0.480337 -1.236587 -0.935166 -0.851669 -0.687729 -0.031427 -0.294038 -0.534176 1.077273 0.697453 0.584236 0.644142 0.660622 0.600064 0.197131 0.051710 0.240222 0.387568 0.144381 0.283167 0.248662 0.550424 -0.391065 -0.402041 0.761618 0.701248 0.555461 1.519249 1.576421 0.464427 -0.091473 -0.149926 -0.636343 -0.414464 -0.278571 -0.290259 0.397859 0.629160 1.092598 0.204658 0.140633 0.745789 0.485228 -0.187836 0.421967 0.948637 2.080282 0.142698 0.818008 -0.384978 -0.764669 -1.061427 -1.430070 -1.202265 -1.863961 -1.597503 -2.140262 -1.190964 -0.810526 -1.335477 -2.412328 -0.818293 -0.493444 0.134481 -0.293460 0.515266 0.738352 1.088839 0.467333 -0.967858 0.331358 -0.010663 -0.396763 0.364465 
192837465
14
-0.388635 -0.416879 -0.471064 -0.267829 -0.380344 -0.387389 -0.025134 -0.488194 -0.195507 0.294712 0.636149 0.364491 1.108382 1.049464 1.715459 0.097233 0.313322 0.462199 0.377684 0.074704 -0.509348 -0.278653 0.520973 0.701843 1.148442 0.299415 -0.594244 -0.886831 -0.730319 -0.615320 -0.230504 -0.561368 -0.714958 -1.124247 -0.753884 -0.967372 -1.092508 -0.084654 0.340341 1.012157 0.669364 1.213651 0.537246 0.392985 0.218887 0.150594 -0.086768 -0.582195 -0.837795 -0.683522 -0.762847 0.037843 -0.787439 -0.918358 -0.340692 -0.125270 -0.065707 -0.176802 1.319486 1.365583 1.125121 0.549813 0.513311 -0.792209 -0.058504 -0.074524 1.004718 1.337979 1.207819 1.088385 1.770714 1.609074 0.018827 -0.108218 0.557466 1.321120 -0.148220 -0.428031 0.174740 -0.017943 0.430499 -0.812456 -0.720260 -0.090344 -1.075555 0.162648 -0.258825 -0.209984 -0.362106 -0.327162 -0.313427 0.019908 0.387611 0.574741 0.340596 0.242154 0.199338 -0.506500 -0.794708 -1.508425 -1.954763 -2.601895 -1.888753 -1.548737 -2.180844 -1.484959 -1.120199 -0.581806 -0.384212 -0.216553 -0.459617 -0.627898 0.636905 0.203838 0.347035 0.614942 0.002469 0.315926 -0.808414 -0.359613 
192837465
15
-0.147469 1.266037 1.200835 0.907901 0.543458 0.532540 -0.245478 -1.233901 -0.523726 0.062107 0.234713 -0.269826 -0.265525 -0.010637 0.078495 0.411034 0.138948 0.600081 0.990398 1.555092 1.237502 0.643097 -0.245414 0.298290 -0.324207 -1.302948 -0.893113 -1.125277 -0.633840 0.131111 0.546888 0.911825 0.402074 0.074579 -0.518928 -1.274801 -0.179784 1.042160 1.063926 1.488095 0.483623 1.210143 1.179742 1.631140 1.301101 -0.034890 -0.104536 -0.652130 -0.923322 -1.071853 -1.327534 -2.119340 -0.460285 -1.014356 -1.487426 -0.512701 -1.027727 0.163147 0.059222 -0.144354 -0.006430 0.066429 0.548472 0.137124 0.143605 0.661427 0.470560 1.055777 1.929286 1.302470 1.742030 1.653250 1.211178 1.453102 0.855346 0.441674 -0.301030 -0.802151 0.166307 0.360070 0.004501 -0.224930 -0.065256 0.039747 -0.236710 0.611962 -0.073001 -0.003943 -1.044977 -0.999944 -0.236827 -0.158552 -0.858654 0.211453 -0.607918 0.158618 -0.193016 -0.328203 -1.152961 -1.368989 -1.272800 -1.429484 -1.653043 -1.910479 -2.521532 -2.164496 -1.320652 -0.229506 -0.406339 -0.092633 0.094908 0.166048 0.793181 -0.231889 -0.889380 -1.104159 -0.612808 -0.012452 -0.330112 0.343295 
192837465
