1200.000000
160.000000
120
16
1
0.500000
2
2
0
-0.024716 -0.505604 -0.976260 -1.226307 -0.749476 -1.524804 -1.456239 -1.116044 -1.115702 -1.101600 -0.580673 -1.530940 -1.059946 -2.112561 -1.577410 -1.287217 -1.509882 -2.564236 -2.029805 -2.060543 -2.406586 -1.597715 -1.392997 -1.007317 -1.063663 -0.397886 0.278797 0.355208 0.958464 1.141404 2.128046 2.047091 2.713507 2.942933 2.449024 2.129488 2.421971 2.377773 2.012725 0.935342 1.377496 1.536450 0.980755 0.960512 1.131142 1.186380 1.088083 0.502890 -0.477329 -0.747949 -0.262061 0.626373 0.123940 -0.277944 -0.853624 -0.324278 -0.729402 -0.581080 -0.318847 0.281288 0.447997 1.677447 1.323373 0.571626 0.938442 1.071346 0.626814 0.883827 0.113276 0.565479 0.833256 0.827021 0.571551 -0.161574 0.039284 0.232116 0.602532 0.112687 0.035388 -0.594465 0.014237 0.448199 0.690628 2.475083 1.986621 1.893927 0.954298 0.237325 0.187259 -0.505980 -0.103066 -0.091881 1.600128 1.074055 1.203470 1.456470 1.012748 1.427851 2.099588 1.762524 1.058276 0.246349 0.016602 -0.443978 -0.837912 -0.735522 0.397335 0.098145 -0.387613 -0.447944 -0.662844 0.136011 0.378183 0.965390 2.035032 1.700528 1.211864 1.731210 2.448608 2.306819 
192837465
1
0.466985 0.093397 0.412808 0.294270 -0.142788 -0.173244 -0.523151 -0.300473 -0.430563 -0.333019 -0.480457 -0.451254 -0.644902 -0.840794 -1.166052 -1.225017 -0.930952 -1.276020 -1.486094 -1.403929 -1.884180 -0.948301 -0.754458 -0.436684 -0.038458 1.223094 0.450096 0.731267 0.872430 1.114869 2.512188 2.591725 2.993036 2.806070 2.320417 2.307816 2.056830 2.726419 2.114185 1.977515 0.931398 0.274859 0.007886 0.085825 0.691703 1.145723 0.582248 0.217619 0.084018 -0.418148 -0.002545 0.271534 -0.163563 -0.132272 0.240003 0.309675 0.289017 -0.251026 -0.276382 0.792131 0.796486 0.574821 0.320294 0.631986 0.602905 1.183628 0.394628 1.006504 0.292447 1.179326 0.362427 1.667687 0.993292 1.204510 1.014585 1.794432 1.462739 1.225632 1.101492 0.802082 0.698851 1.105439 0.133254 0.598285 0.828478 0.956390 1.735781 0.679424 -0.355724 1.058077 0.857805 1.608655 1.677312 1.342640 2.199090 2.692854 1.511541 0.775699 1.215208 1.602551 1.211074 0.084361 -0.681264 -0.535998 -0.556539 -0.313650 -0.242788 -0.058782 -0.584967 -0.283909 -1.172797 -1.826307 -1.073126 0.467153 0.491297 1.117695 1.448228 1.435745 1.002868 0.820032 
192837465
2
1.181030 1.550273 0.691177 0.349234 0.734356 0.764035 0.912963 1.093989 0.565496 -0.495011 -0.260644 -0.761816 -0.227130 -0.682368 -0.560869 -0.947512 -0.766139 -1.971796 -2.131996 -2.145108 -2.250068 -1.589859 -1.269062 0.015096 0.565152 1.344764 1.254626 0.970324 1.337287 1.251776 1.810623 2.316578 1.987152 2.705610 1.889864 1.421770 1.602863 0.456325 -0.068514 0.111478 0.518288 -0.205351 0.295621 0.604916 0.073247 0.202060 0.117718 0.445929 0.646080 -0.145029 0.329313 0.007509 -0.050764 0.477194 0.022892 -0.197061 -0.242283 -0.475970 -0.516123 -0.391866 -0.494215 -0.211517 -0.771861 -0.739473 -0.503082 0.086116 0.030616 0.533294 0.444100 -0.766418 0.073581 -0.066104 0.144971 0.011513 0.328935 1.220596 0.599637 0.843780 0.755238 0.739430 1.232251 1.285187 1.237193 1.209648 1.683714 1.477957 1.206596 0.656259 1.292138 1.520664 1.658717 1.159243 0.808914 0.807842 1.044095 1.277779 1.997351 1.517321 1.148766 1.086200 1.432118 0.482187 -0.082564 -0.030093 -1.086294 -0.790598 -0.323113 -0.877586 0.129883 -0.149905 -1.145868 -1.894231 -1.775743 -1.179752 -1.261730 0.080792 1.394206 0.891938 1.011964 0.684956 
192837465
3
0.208887 1.845798 0.446943 -0.418470 0.156273 0.815114 -0.287153 0.029072 0.143983 -0.018984 -0.308014 -0.671991 0.095939 0.013590 -1.094198 -0.847501 -0.925395 -1.816454 -2.002453 -1.953196 -1.464171 -0.901331 -1.175962 -0.689537 -0.143764 0.541197 0.995993 1.191574 1.439182 1.475312 1.411856 1.201585 1.127675 0.697233 1.542209 1.513019 0.831005 0.937731 1.406013 -0.067311 0.262785 -0.522404 0.037846 -0.184597 0.280171 0.677857 0.879051 0.144372 1.048247 0.798181 0.017388 0.437449 0.209790 -0.381597 -0.108163 0.179150 -0.123175 -0.718829 -0.269588 -0.345656 -0.401446 -0.480808 -1.144293 -0.566478 -0.528265 -0.776868 -1.064162 -0.397244 -0.811541 -0.275013 -0.264311 -0.543254 0.186198 -0.062716 0.323860 0.995747 1.352492 1.732751 2.008033 0.919618 1.525762 2.160190 2.351005 1.837659 1.149298 1.557266 1.824715 1.365047 1.108231 1.015884 0.604009 0.741527 0.515625 0.791018 1.254258 1.288876 1.281813 1.670449 1.263264 1.287270 0.872757 -0.384258 -0.316856 -1.088229 -0.593416 -1.380495 -1.112059 -1.248962 -0.877287 -0.375130 -1.079836 -0.952360 -0.835966 -0.608758 -0.047464 0.200886 0.360038 -0.075968 -0.162432 0.185201 
192837465
4
0.929850 0.140035 0.185612 0.272300 -0.201060 -0.176663 -0.330465 -0.052147 -0.340559 -0.702048 0.220274 0.216160 0.244587 -0.377273 0.601294 0.513950 0.109891 -0.548371 -0.976505 -0.901295 -1.139126 -1.262308 -0.266089 -0.210409 -0.020687 -0.297807 0.174092 0.816350 1.112061 0.066090 0.041336 1.261813 0.752802 0.988172 0.764335 0.998870 0.296276 0.589161 -0.027311 -0.205499 -0.951857 -1.388636 -0.633307 0.142403 0.827937 0.762192 0.438348 1.121426 1.324170 1.281276 1.897659 1.253298 1.315564 0.514603 0.586700 0.484181 -0.026033 -0.125775 -1.028566 -1.172076 -0.733833 -0.621576 -0.656044 -0.960168 -1.225270 -1.439216 -0.970557 -0.655102 -0.970214 -0.051489 0.130162 0.413600 0.268356 0.120523 0.080168 0.434918 -0.205382 0.194114 1.586793 1.393342 1.392268 1.309507 2.043455 2.499245 1.938777 1.019200 0.761844 1.312436 1.591911 1.725416 0.750366 0.913108 0.571773 0.376951 0.706629 0.521860 -0.071575 0.591000 0.549569 1.323528 0.803540 0.763654 0.048614 -0.299494 -0.351568 0.059990 0.030353 -0.046180 -0.377009 -0.398078 -0.233274 0.095787 -0.364773 0.246800 -0.060968 0.091964 0.521824 0.407753 0.151392 -0.062269 
192837465
5
0.399237 -0.161667 -1.065318 -0.591062 -0.505690 -0.309154 -0.873753 -0.133693 0.060564 0.403423 0.414025 1.454713 0.947518 0.595214 0.612462 0.081664 0.083677 -0.146672 -0.383572 -0.665044 -1.124242 -1.755303 -1.344929 0.027446 -0.110159 -0.273456 0.778764 0.170509 -0.401060 0.259348 0.151409 1.679389 1.152168 0.760755 0.646896 0.729598 1.239052 0.770212 0.635007 0.141924 -0.186892 0.005336 -0.044947 0.776597 1.977859 1.940559 1.546553 1.965829 1.188250 1.216480 0.961974 1.049645 1.327603 1.583850 1.446524 1.678091 0.797552 0.038121 -0.272380 -0.755831 -0.553883 -1.227281 -0.905243 -1.343281 -0.989310 -0.723874 -1.736921 -1.218255 -0.470557 -0.606479 -0.325242 -0.309733 -0.398641 -0.188533 0.355924 0.332865 0.409934 0.381269 -0.373119 0.273377 1.725660 1.220641 1.520845 2.130483 1.639450 1.122685 0.993299 0.419906 1.183543 0.184561 -0.051303 0.292623 0.313549 -0.436496 -0.200803 0.137065 -0.077339 0.714496 0.500974 0.274627 0.643738 0.335579 0.322944 -0.034209 0.207831 0.363533 0.754454 -0.109969 0.158320 -0.141923 0.055132 0.801400 0.907201 -0.162856 -0.425454 -0.518647 -0.401681 -0.315589 0.926445 0.834412 
192837465
6
0.169893 0.059498 0.263092 -0.640095 0.179414 0.088107 0.218823 -0.648251 0.440482 0.904807 1.023880 1.289512 1.585459 1.657620 1.386411 1.191831 0.052473 -0.270412 0.531183 0.003103 -0.403952 -1.905692 -1.701273 -1.281016 -1.336357 -0.994392 -0.284244 -0.525749 0.172493 -0.001114 0.491525 0.445044 0.635028 0.517868 0.597724 0.587600 1.432823 2.778917 2.576332 1.552498 1.849255 1.392224 1.050038 1.570500 1.573646 0.860982 0.943100 1.336338 0.347078 0.554675 1.283086 1.943197 1.927602 1.716708 1.818700 0.339041 0.021100 0.269184 -0.883000 -0.149020 -0.296923 -0.489816 -0.702107 -0.998252 -0.724762 -1.097007 -0.679344 0.241552 0.137083 -0.036573 0.615007 0.177411 0.035735 0.121736 0.862364 0.523594 0.405561 -0.512429 0.265935 -0.820537 0.193007 0.455594 1.974772 2.080585 0.743131 0.174588 0.302094 -0.245561 0.450232 0.440368 0.070866 -0.211965 -0.757250 -0.571962 -0.596266 -0.568953 -0.038973 -0.542069 -0.144404 -0.506618 -0.295387 -0.704718 -0.131229 -0.410098 -0.441257 0.177706 0.865092 0.999496 0.831073 0.784001 0.532285 1.803657 1.360344 0.912102 0.644530 0.004836 0.612189 0.710155 1.413974 0.813655 
192837465
7
-0.042184 -0.456455 -0.762672 0.019149 -0.182318 0.307011 0.532389 -0.426463 -1.075909 0.376991 0.189186 1.076336 0.084126 0.420038 1.096826 0.682309 0.443359 0.323167 0.729242 1.534576 0.024383 -0.769011 -0.539578 -0.492519 -0.594110 -0.718282 -0.316487 0.316287 0.451178 0.189958 -0.411884 -0.601566 0.227719 0.418503 -0.184653 0.048690 1.383062 2.583876 2.907459 2.080108 1.304773 1.811481 1.556446 0.787825 0.891241 0.398357 0.887162 0.302425 0.863498 0.139606 -0.228698 1.022689 0.577191 0.279650 -0.009169 0.112861 0.197916 -0.947927 -0.824366 -1.252130 -1.073776 -1.509802 -1.796822 -0.857041 -1.235010 -1.541255 -1.147348 0.046335 0.434262 1.264881 1.086492 1.601498 1.537960 1.468317 1.453290 1.337565 0.168892 0.320895 1.211897 0.898283 1.344287 0.882571 1.058713 1.821935 0.324698 -1.115115 -1.341401 -1.960204 0.032593 -0.341367 -1.534503 -0.808202 -0.385499 -0.557267 -0.265657 -0.687554 -1.113530 -0.695070 -0.477902 -0.377838 -0.271858 0.342503 -0.847895 -0.910290 0.282073 -0.658702 0.022484 0.276330 0.916505 1.041965 0.102533 0.499803 0.897718 0.716601 0.429128 0.537092 0.446448 0.406088 0.968473 0.673676 
192837465
8
-0.103377 -0.017533 -0.397168 -0.107868 0.509321 1.073720 0.804834 0.138456 -0.061938 -0.145197 0.143217 0.383397 -0.615579 0.012754 0.191697 1.252923 1.226376 0.701923 0.433586 1.439625 1.219388 0.385869 0.109322 0.268622 -0.303568 -1.123894 -0.682693 -0.080641 0.325453 -0.254512 0.224478 0.164251 -0.201543 -0.186613 -0.342225 0.161684 0.645699 1.146270 1.083417 1.225222 1.283002 0.528099 0.477834 0.487150 0.241612 0.013463 0.958219 0.977295 1.109048 0.791798 0.874494 0.487098 0.425339 0.095472 -1.114024 -1.193109 -1.055186 -1.067088 -1.156496 -1.984879 -1.716712 -1.278465 -0.583636 0.015093 -0.998466 -0.888566 0.071862 0.262178 1.174690 1.567499 1.821434 1.914252 2.595026 2.107218 1.859885 1.590545 2.618547 2.099469 1.601285 0.409293 0.050709 0.219384 0.839771 0.187518 -0.550972 -0.809845 -0.879443 -0.829627 -1.661471 -1.006208 -0.296286 -0.245762 -0.188125 0.303221 0.419739 0.353690 -0.489905 -0.537404 -0.435156 -0.025014 -0.447910 -0.781409 -1.212918 -0.858938 -1.088558 -0.113621 -0.034536 0.297323 1.068914 1.317999 0.883635 1.027788 1.647215 1.954570 0.815769 0.857779 0.710990 0.305976 0.387054 0.599222 
192837465
9
-0.012644 -0.095574 -0.207269 -0.085306 -0.087198 0.617844 0.014267 0.422727 0.190867 -0.469566 0.061498 0.437948 -0.725670 0.595459 0.375699 1.523565 2.536757 2.035179 0.784045 -0.004448 -0.063131 -0.589193 -0.452019 -0.208885 0.025174 -0.311163 -0.665541 0.121048 -0.376723 0.136010 0.520948 0.099188 0.220134 -0.323487 -0.073255 -0.333033 -0.207853 0.782765 0.853982 0.813954 0.981240 0.017592 0.729718 -0.118036 -0.456201 -0.240840 0.101662 0.902401 0.691295 0.665944 0.059006 -0.228648 -0.432920 -0.257262 -0.902506 -1.876099 -1.554500 -1.573228 -1.432799 -1.740212 -0.845668 -0.746245 -1.492340 -1.074090 -0.929111 0.394609 0.776394 0.920744 1.605472 1.515965 1.641764 1.151361 1.301135 0.792179 1.482265 1.301613 1.943681 1.616173 1.086172 0.792603 0.377188 0.553459 0.120285 -0.035624 0.367755 0.153080 -0.024164 -0.192248 -1.387557 -1.097442 -0.745936 0.006593 -0.022175 -0.029216 -0.679633 -0.387511 -0.180406 0.274847 -0.394568 -0.956330 -0.876664 -0.944409 -1.106297 -1.533626 -0.846965 -0.636723 -0.373967 1.224632 1.283548 1.352729 0.872470 0.816637 1.483774 0.765785 1.400632 1.475222 1.041374 0.337030 -0.015811 0.271162 
192837465
10
-0.566684 -0.415928 -0.030442 -0.926453 -1.023377 -0.167936 -0.512167 0.326143 -0.137931 -0.442047 -1.088386 -0.567610 -1.053573 -0.431170 0.178125 0.434384 0.654444 0.058461 -0.004514 -0.075590 -0.161598 -0.349727 0.295110 -0.611740 0.589000 0.349622 1.102227 0.338434 -0.599046 -0.617653 -0.404665 -0.100871 -0.598817 -0.865683 -0.314732 -0.420818 0.085657 0.238380 -0.012615 -0.367893 0.144064 0.768716 0.745701 0.607175 0.512072 0.602376 0.414834 0.954402 0.869016 0.251219 0.533843 0.313209 0.278508 -0.927876 -1.517694 -1.445800 -0.779904 -1.887814 -2.000477 -1.615319 -1.379792 -0.949869 -0.977454 -0.485500 -0.451041 -0.175675 -0.214261 0.075081 0.396594 0.621163 0.489659 0.692071 0.404335 0.641154 0.681550 1.630320 1.552824 0.596356 0.811353 0.549812 0.458051 0.730862 0.030645 0.217567 -0.186518 -1.202715 -1.132531 -1.473718 -1.552398 -1.252562 -1.130043 -1.537350 -1.454384 -0.898924 -0.921961 -1.020932 -0.117575 -0.836940 -0.955687 -0.888772 -0.844566 -1.235816 -0.763853 -0.258918 -0.484112 -0.550760 0.542562 1.188820 1.025873 1.014935 0.333187 0.360938 0.936008 0.760419 0.877587 0.984140 0.058636 0.295192 0.395616 -0.265410 
192837465
11
-0.477340 -0.310258 -0.156195 -0.456762 -0.300355 -0.748504 -1.585433 -0.820639 0.159555 0.149822 -0.444640 -0.123036 -0.575105 -0.442222 0.388107 -0.685435 -0.233730 0.488183 0.086126 -0.373609 -0.398034 -0.184243 0.330220 -0.465630 -0.212506 0.148089 0.138391 0.353004 -0.120767 0.298515 -0.562868 -0.871535 -1.188055 -1.945586 -1.574163 -0.638367 0.173523 0.277889 0.132341 0.373179 0.313090 0.809443 0.499027 0.289548 1.179187 1.167089 0.178617 0.588703 1.018465 0.763105 1.133964 1.042654 0.023934 -0.086479 0.066873 -1.445684 -1.273221 -1.678312 -1.970860 -0.663008 -1.585418 -1.648489 -1.240703 -0.446882 -0.944363 -0.533550 -1.207082 -0.508939 -0.501723 0.086064 0.889278 0.100794 0.607925 1.902178 1.345841 1.057129 0.508474 1.231943 0.510224 -0.051252 -0.434536 -0.075058 0.003269 0.274720 0.005001 -0.524126 -0.921486 -1.676524 -2.018391 -1.801015 -1.979408 -1.977457 -1.669073 -1.685638 0.030822 -0.344032 -0.931462 -0.464530 -1.426843 -1.476121 -1.888812 -1.513894 -0.748844 -0.766325 -0.828149 -0.637677 0.267573 0.193489 0.480857 -0.919954 -1.090234 -0.328122 -0.261787 -0.213675 -0.052397 -0.025998 0.673666 0.579016 0.325544 -0.622887 
192837465
12
0.378032 -0.115789 -0.269960 -0.404802 -0.805603 -0.668362 -1.030721 -0.642354 -1.215109 -0.186368 0.362756 0.800159 0.264903 0.842357 1.291018 0.943311 1.258444 0.732292 0.460624 0.600534 0.309101 0.040958 -0.016255 0.174729 0.505904 0.044469 0.385870 1.111485 0.760334 0.834454 0.536446 -0.146358 -0.993136 -0.818474 -0.697367 -0.491691 -0.011039 -0.490840 0.277182 0.376311 0.861693 0.407748 0.196589 0.853413 0.475055 0.887580 0.466372 0.572473 0.629463 0.277052 0.272187 -0.197453 -0.716379 -0.148990 -0.399842 -1.085207 -0.240992 -1.175206 -0.554565 -1.236850 -0.507873 -0.319934 -0.300224 -0.979354 -1.526952 -1.254763 -1.856074 -1.814239 -1.034762 -0.387638 -0.242441 0.024937 -0.789697 0.268484 1.250560 0.816629 0.623804 0.571438 0.279115 -0.440553 -0.508962 -0.150076 -0.062328 -0.687630 0.159147 0.032814 -0.276070 -1.296657 -1.651836 -2.806642 -3.320973 -2.883347 -1.260824 -0.644087 -0.752224 -0.847466 0.072555 -0.478097 -0.447718 -1.435729 -1.480196 -0.923575 -0.620056 -0.573168 -0.364215 -0.634398 -0.417988 0.042574 0.297322 -0.394048 -0.005251 -1.012409 -1.331553 -1.323411 -0.228390 0.317408 0.241504 0.228263 0.681545 -0.903959 
192837465
13
-1.431069 -1.626087 -1.100175 -0.631382 -1.030844 -0.504154 -1.442221 -2.137485 -1.309982 -1.955513 -1.114296 0.407661 -0.431273 -0.292101 -0.193678 0.507371 0.937920 1.826773 0.615671 0.528999 0.335817 -0.412236 -0.300922 0.266022 0.605459 0.512010 0.354028 0.703818 0.259821 -0.440989 -0.408086 -0.213014 -1.519899 -1.259934 -1.670555 -0.854625 -2.412378 -1.943965 -1.330646 -0.305192 -0.684274 1.273063 0.952160 0.568779 0.223955 0.988060 0.435296 0.642819 -0.218608 0.358098 -0.175738 -0.825910 -1.023201 -1.509983 -1.175658 -0.555996 -1.414335 -0.831170 -1.209950 0.060076 -0.356125 -0.381581 -0.330299 -0.687801 -0.296147 -0.258385 -0.301490 -0.231347 -1.551347 -0.661382 -0.418847 -0.926491 -0.610854 -0.178847 0.357160 0.634212 0.749468 0.882558 -0.281769 0.588999 -0.727322 -0.886061 -0.632205 -1.158464 -1.789247 -1.346699 -1.264060 -0.871394 -1.228091 -0.782569 -0.684056 -1.198775 -0.708450 0.194605 -0.985910 -0.954670 -1.209733 -1.149420 -1.127381 -1.052434 -1.068085 -1.810035 -2.501736 -2.263144 -0.766046 -0.888809 -0.278441 -1.070412 -1.318801 -1.239217 -0.934042 -1.692960 -1.697374 -1.786857 -1.875690 -1.997052 -1.433375 -1.572010 -1.381993 -1.146285 
192837465
14
-2.084173 -2.005442 -2.502720 -1.095404 -1.347722 -0.807179 -0.830966 -0.695238 -1.752164 -2.498127 -1.301940 -0.374292 -0.699457 -1.038573 -0.441761 -0.809260 0.190195 0.686254 0.981254 0.066775 -0.155963 -0.163459 -1.293419 -0.483088 -0.557525 -0.792433 -1.475972 -0.908524 -0.440334 -0.736566 -0.176560 -0.608713 -0.077153 -0.097624 -1.003826 -1.016575 -0.350527 -0.503926 -1.653745 -0.209957 -0.572874 -0.558468 0.094511 0.569599 0.490571 -0.207336 0.142699 1.090792 0.863102 0.713924 -0.377712 -0.590298 0.019500 -0.783869 -0.991081 -1.007347 -1.400389 -0.661721 -0.901695 -0.670592 -0.406871 -0.669815 0.427653 0.413638 0.814440 0.551386 0.219537 0.291984 0.487502 0.146848 0.419793 0.049226 -0.416186 0.582991 0.222582 1.313176 1.410138 0.783852 -0.284891 0.327761 -0.823494 -0.936871 -1.196763 -1.388860 -1.441445 -2.168297 -2.350894 -1.332331 -1.298876 -0.750856 -1.159992 -1.382380 -1.381995 -1.254786 -1.749110 -1.328331 -1.714843 -1.425671 -1.877127 -2.068648 -2.172464 -1.852506 -1.180239 -1.555957 -0.679483 -0.754255 -0.864183 -0.852686 -1.038912 -1.787193 -2.693064 -2.808540 -2.639566 -2.827041 -2.943333 -3.730382 -2.851474 -2.210224 -2.359769 -1.825775 
192837465
15
-0.816965 -1.303501 -0.846280 -1.496632 -1.182203 -0.550962 -1.266939 -1.753090 -1.818764 -1.567478 -1.560619 -1.616410 -0.387696 -0.296500 -0.843103 0.323465 0.330848 -0.671702 0.117323 -0.145634 0.596627 0.197996 -0.373866 -0.162386 -0.965287 -1.235291 -1.140250 -0.975685 -0.561786 0.237842 0.330239 0.285549 0.474786 0.748834 0.668683 1.359917 0.781945 -0.073785 -0.351769 -0.971357 -0.319337 -0.780743 0.021475 0.472562 0.713061 0.117052 0.223530 0.430577 0.148356 -0.447192 -0.776178 -0.676392 -1.085334 -0.939300 -1.227519 -0.425771 -0.696700 -1.015943 -1.103780 0.251909 0.781889 0.118744 0.707106 0.791912 0.514073 1.143376 0.469798 0.634324 0.100849 0.517702 0.410584 0.052817 -0.038211 0.205260 0.664294 1.010970 1.257917 1.173064 0.341868 -0.015219 -0.169100 -1.609448 -1.319045 -1.860735 -2.057313 -2.168300 -1.881139 -0.676350 -1.294245 -0.997859 -1.160997 -2.358747 -2.041245 -1.766802 -1.618339 -1.921625 -2.317041 -1.648837 -2.283823 -2.219167 -2.586509 -2.108551 -1.189065 -1.133396 -1.351703 -0.878559 -1.755587 -1.883634 -1.724601 -2.981239 -2.609419 -2.420832 -2.757270 -2.431656 -2.850976 -2.827917 -2.600430 -3.024229 -1.805674 -1.461571 
192837465
