1200.000000
160.000000
120
16
1
0.500000
2
2
0
-1.340924 -1.806356 -1.662474 -2.256251 -1.488382 -1.485577 -1.519097 -0.350727 -0.665416 -0.664574 0.080986 0.237485 0.369304 0.570564 0.608340 1.152713 1.426155 1.768098 1.725766 1.704509 1.281949 1.053256 0.064463 -0.151636 -0.125430 0.043835 0.354370 1.057359 1.040678 1.101029 0.226666 0.133087 -0.232301 -0.052512 -0.433609 -0.702505 0.366182 0.609509 0.455746 -1.148444 -0.657814 -0.357525 0.140525 0.297984 0.696187 0.863031 1.815122 1.259476 1.177608 1.448385 0.162763 0.278542 0.298421 1.181943 1.805111 2.165549 1.619059 1.584008 1.214796 0.473196 0.515696 0.823783 0.337602 0.430921 0.698677 1.786424 2.143716 1.480613 0.751633 0.680674 0.965791 1.422359 2.100073 2.366499 1.817775 1.219662 1.047963 0.402190 -0.312655 0.403077 -0.343059 0.483668 0.470603 1.224786 0.108065 1.068233 1.133384 1.307356 0.844230 1.385822 0.916983 0.145756 0.844230 1.223501 0.591461 0.436434 0.510715 -0.959053 -1.432276 -2.127777 -1.368043 -1.791624 -1.509986 -2.013361 -1.799490 -2.044396 -1.617464 -1.886015 -1.574720 -0.795112 -1.391947 -0.984221 -1.319917 -1.824421 -1.655064 -0.309655 -0.283696 -0.464216 -0.735394 -0.439382 
192837465
1
-1.356036 -1.296443 -1.149839 -1.918660 -1.697324 -1.139510 -0.641311 -1.255092 -0.255315 1.187561 0.282091 0.893966 1.199102 0.745789 1.139760 1.618940 1.909229 2.331830 2.219290 2.043605 2.115123 0.525962 0.712194 0.800484 0.879025 0.164309 0.780290 0.199447 0.725140 0.307581 -0.066941 -0.288157 -0.658683 -0.642141 -0.318656 -0.578161 -0.868756 -1.633019 -1.399169 -1.882126 -1.934070 -0.730165 -0.027484 0.828310 0.416682 0.697037 1.365628 1.503345 0.552716 1.194027 0.697659 1.355577 0.784854 1.248145 1.657632 2.046804 1.048146 1.809023 1.605823 1.250240 1.072744 1.384675 1.939633 0.379427 1.039490 1.019372 1.078975 1.377186 0.647848 1.048837 0.768759 1.190717 1.740799 2.165961 0.574525 0.597753 -0.462747 -1.188525 -0.694677 -0.364823 -0.163033 0.232024 1.050540 1.113986 0.628753 0.059730 0.151971 0.475617 0.688449 0.860421 0.020012 -0.121517 -0.117495 0.215038 1.038988 -0.140522 -0.469577 -0.542870 -0.854643 -0.777687 -1.858168 -1.433904 -1.300882 -1.390349 -1.411999 -1.121370 -0.721538 -0.099925 -0.419836 -0.855996 -1.081996 -1.525466 -1.533787 -0.722445 -0.918737 -0.172429 -0.428600 -0.748441 -0.839006 -0.434957 
192837465
2
-1.158007 -0.655460 -0.636631 -1.222395 -1.637498 -1.508728 -0.550563 0.528087 0.534758 0.181534 0.662239 0.864270 1.076893 0.752730 2.354994 2.192442 1.390280 0.688557 1.501744 0.520873 0.757296 0.486732 0.488717 0.757334 0.800775 0.667053 1.431423 0.508941 0.556058 -0.414001 -0.088960 -0.488116 0.066339 -0.980244 -1.835487 -1.443988 -2.262581 -2.681905 -2.427973 -1.906126 -2.422679 -1.960742 -1.591670 -0.663194 -0.781102 -0.270172 0.442288 1.248015 1.639106 1.515430 0.545845 0.619223 0.766414 2.210086 1.931683 1.734153 2.590041 2.421985 1.816095 1.393916 0.861176 1.182993 0.847495 0.778675 0.116202 0.348640 0.934529 1.529798 1.155844 2.040306 1.485722 1.698193 1.239163 1.652802 1.056149 0.367251 0.771489 -0.060538 -0.685311 -0.483027 -0.701915 -1.315674 -1.073267 -0.536517 -1.159119 -0.698534 -0.712082 0.062389 0.172002 -0.441507 -0.618663 -0.855378 -0.640615 -0.382773 -0.373637 -0.346156 -0.221296 -0.012941 -0.495316 -0.371281 -1.367801 -1.819763 -1.493003 -1.262658 -0.919181 -1.067751 -1.184706 -1.040712 -0.766329 -0.704500 -0.612145 -1.165542 -1.626280 -0.988650 -0.709136 -1.013700 -0.738902 -1.292505 -0.348835 0.390558 
192837465
3
-1.750219 -0.728661 -1.069425 -1.192415 -1.681814 -0.850284 -1.056188 -0.420405 -0.065837 0.190854 0.753231 -0.108894 0.986517 0.593626 0.667608 0.620843 1.335704 1.497278 1.920701 1.114632 0.536671 0.504096 0.091639 0.335875 0.174041 0.319851 -0.279147 -0.989116 0.178981 -0.905739 -0.353185 -1.309040 -1.074504 -1.136387 -2.239245 -2.183813 -2.206533 -2.235872 -2.250290 -2.094950 -2.169024 -1.793726 -1.797744 -2.276493 -2.389020 -1.044736 0.034378 0.669148 1.225311 1.400731 0.681234 1.184620 0.910368 1.327821 1.807665 1.171450 1.539801 0.942298 1.114079 0.488024 1.407642 0.822833 0.701836 0.550291 0.895172 1.430509 0.987389 1.341132 1.168346 1.951947 2.349226 2.122790 1.504819 1.286249 0.983029 0.593621 0.379990 0.387602 -0.262573 -0.714695 -0.137158 -1.015547 -1.225497 -2.194931 -1.356773 -1.613266 -1.007039 0.109331 0.542189 -0.023386 -0.570748 -0.395388 -0.260105 0.202640 -0.525228 -0.999375 -0.062028 -0.004037 -0.694780 -0.692743 -1.278283 -1.143212 -1.033499 -0.257589 -0.277969 0.049776 -0.873599 -0.592612 -0.355573 -0.457049 -0.893634 -1.369588 -1.168327 -0.740517 -0.516454 -1.094772 -1.417074 -0.744359 -1.388583 -1.337147 
192837465
4
-1.230677 -0.477081 -0.165526 -0.150686 -0.654500 -0.204678 -0.940504 -0.993589 -0.239579 -0.368716 -0.792598 0.104539 -0.072992 -0.348919 -0.299500 -0.356600 0.256298 0.194006 -0.185337 0.012972 -0.808611 -1.087331 -1.299494 -0.685810 -1.176777 -2.048354 -1.224908 -2.300515 -1.721273 -1.681356 -2.350656 -2.201666 -2.462621 -2.181197 -1.388982 -1.515179 -1.678480 -1.597426 -2.429647 -2.718584 -1.863996 -2.156490 -2.337814 -2.070059 -2.615165 -2.282903 -1.827041 -0.254854 -0.014939 0.040243 0.223725 0.086460 0.732286 0.283110 0.140909 0.072375 0.873039 -0.035934 -0.181218 -0.346715 -0.447233 -0.358598 0.220654 0.739703 0.927696 1.428431 1.634295 1.118574 0.906002 1.712905 1.478175 1.140211 0.570544 0.096344 0.331212 0.728020 -0.326416 -0.647681 -0.273465 -0.504331 -0.021848 -0.237932 -1.171618 -0.922262 -1.423405 -0.570733 -0.245737 -0.380145 0.338939 -0.246163 -0.512304 -0.821978 -0.833640 -0.123916 -0.458267 -0.474235 -0.203180 -0.365576 -0.022722 -1.190385 -0.819758 -1.054506 -1.048444 -1.514140 -0.960836 -0.845872 -0.650797 -0.730543 -1.120499 -0.604164 0.045003 0.969953 0.543546 0.193921 -1.286682 -0.286391 -1.215968 -1.094745 -1.960269 -1.546090 
192837465
5
-0.149172 -0.243783 -0.530996 0.144720 0.029316 -1.130641 -1.314999 -0.719239 -0.471493 -0.749380 -0.108314 -0.150230 -0.324455 -0.544300 -0.381798 0.212387 0.549582 1.116839 0.812789 -0.147256 -0.602660 0.129481 -1.190419 -1.761521 -1.669632 -1.489133 -1.826486 -2.541517 -2.671435 -2.281038 -1.746233 -2.664296 -2.024677 -2.396826 -2.413822 -3.032115 -2.743648 -3.016833 -2.898717 -2.458474 -2.265784 -1.867832 -1.871818 -2.181807 -2.276620 -2.243998 -2.197057 -0.961859 -0.484609 -1.007019 -0.866033 -0.797758 -0.305741 -0.251523 -0.408954 -0.303134 0.187758 0.236920 -0.523329 -0.589530 0.285510 0.396227 0.916881 1.631277 1.105535 0.937770 0.988122 0.784367 0.088233 0.291220 0.721986 0.579501 1.283323 0.619364 -0.204861 -0.085502 0.033562 0.095675 0.063036 -0.370308 -1.056794 -0.923428 -1.199239 -1.221877 -0.665790 -0.849353 -0.527785 0.393215 0.352519 -0.291800 -0.086417 -0.107066 -0.275776 -0.369735 -0.613700 0.238232 0.031291 -0.208551 0.761144 0.272302 -0.856594 -0.899893 -0.450941 -0.499110 -0.600857 -1.379260 -1.220119 -0.932869 -0.967106 -0.376179 -0.498192 -0.066632 -0.564644 -1.079493 -0.224304 -1.600251 -1.595618 -1.632519 -1.881796 -0.901138 
192837465
6
0.047454 0.273203 -0.139883 -0.105058 -0.229898 -1.314719 -1.512569 -1.616142 -1.491706 -0.870511 -0.758667 -0.179762 0.550721 1.306204 1.670371 0.545819 0.408003 0.913113 1.360606 0.755730 -0.191323 -0.159628 -0.104122 -1.026336 -1.036034 -1.889926 -1.937661 -1.980604 -1.533262 -1.819776 -1.774380 -2.497773 -2.446708 -2.358548 -1.638695 -2.617680 -2.106587 -2.267299 -1.784895 -1.946478 -0.999120 -0.443398 -0.024080 0.922338 -0.158928 -1.085556 -0.571286 -0.086775 -0.539218 0.094191 1.168951 1.274109 1.173119 0.694501 0.359626 0.661532 0.538805 -0.233062 0.029966 -0.281659 -0.766580 0.286372 0.684132 -0.024250 0.314657 -0.117575 0.223942 -0.042739 0.708803 0.664576 0.169784 0.487414 1.047291 0.485210 0.277196 -0.023342 0.108509 0.558322 0.172002 0.187582 -0.229396 -0.290074 -0.519688 0.705219 0.505549 0.655725 -0.538450 -0.136949 -0.017686 -0.028432 -0.198777 -0.296739 -0.573063 0.388546 0.774858 1.413116 1.475791 1.622862 0.702585 -0.051337 -0.099086 -0.355599 -0.042005 -0.253256 -0.714966 -0.744592 -0.255563 -1.256717 -0.840472 -1.386091 -1.629107 -0.956411 -0.745136 -1.118092 -1.531307 -1.504168 -0.647715 -1.746124 -1.087896 -1.321021 
192837465
7
0.194232 0.121933 0.369079 0.477705 -1.547496 -1.432396 -1.017378 -0.812339 -0.344239 0.012990 -0.159583 0.746359 0.894286 0.816916 0.365390 1.144405 0.734789 1.420837 2.116085 0.922919 0.148338 -1.048279 -0.585121 -0.917616 -1.148200 -1.754716 -1.941682 -2.023146 -1.305436 -0.694489 -1.226421 -0.582137 -0.717865 -1.110461 -1.189511 -1.526645 -1.125970 -0.242979 0.067397 0.324944 0.918631 0.460747 0.677635 0.906859 1.342047 1.573092 0.939349 0.895607 0.717904 1.049635 1.965593 2.180000 1.933331 1.468288 1.037054 0.919610 0.213575 0.316118 -0.397022 0.247978 -0.263242 -0.047527 0.124203 -0.084515 0.182966 -0.570465 -0.737642 -1.192605 -0.505406 -0.160274 0.369172 0.425305 0.242060 0.628758 0.217315 -0.775019 0.080578 0.055839 -0.267771 0.179414 0.400548 -0.224694 -1.185394 -0.801275 -0.388665 -0.423198 0.273213 -0.097409 0.243889 -0.444238 -0.673832 -0.927849 -0.278513 0.279247 0.595664 1.758117 1.682756 1.024646 1.327071 0.730218 0.984738 0.522316 0.247277 0.134703 -0.431856 -0.531284 -0.571999 -0.837623 -0.208285 -0.210567 -0.461664 -1.403095 -0.751320 -1.791869 -1.297757 -0.961271 -1.053681 -0.876589 -0.881050 -0.831542 
192837465
8
0.366867 -0.084580 -0.903162 -0.404050 0.049082 -0.391944 -0.556081 -0.453141 -0.511506 -0.299460 0.228348 1.296171 0.901097 1.855903 1.340529 1.665975 0.957850 1.128543 0.834033 1.250215 -0.155673 -0.333188 -1.179509 -0.806560 -0.759454 -1.500948 -1.149135 -1.457397 -0.781874 -0.864734 -0.888504 -0.221392 0.208025 -0.006784 0.013158 0.741244 0.605855 0.470101 -0.228319 0.237954 0.745473 1.305883 0.919048 1.273115 1.195250 2.317389 1.975537 0.751035 1.394574 2.060151 2.271024 2.415055 1.763441 1.545577 1.682613 0.703882 0.431319 0.192948 -0.143850 0.094736 -0.740710 -0.843453 -1.634502 -0.811077 -0.349106 -0.523233 -0.449593 -0.571686 -0.466714 -1.334607 -0.270527 0.607703 1.319577 0.207744 -0.024944 -0.450965 -1.173641 -1.314801 -0.357759 -0.691494 -0.058592 -0.460039 -0.758483 -0.824385 0.336952 0.727608 0.715771 0.559476 0.396838 0.602901 0.466250 0.368102 -0.258215 0.462618 -0.099921 0.253291 0.627439 1.521716 2.264097 1.422569 1.200032 0.722625 1.112754 0.742397 0.237017 -0.319937 -0.238263 -0.099957 0.283779 -0.331148 -0.602690 -0.334942 -1.152302 -1.075315 -1.263037 -1.139844 -1.018093 -0.241478 -1.022950 -1.183622 
192837465
9
-0.708443 -0.212341 -0.287386 -0.238598 -0.297316 -0.617518 -1.638630 -0.587815 0.192145 -0.229906 0.281559 0.895633 1.555323 1.368377 0.784801 1.407796 1.140831 1.270824 1.011754 0.423106 -0.013629 -0.226504 -0.395631 0.122386 -0.498485 -0.760756 -1.718433 -1.181595 -1.221532 -0.734518 -0.063830 -0.109406 -0.500593 -0.345194 -0.002035 -0.741440 -0.808429 -0.559910 -0.684102 -0.038717 0.625829 0.864893 0.679824 0.102317 0.589229 1.269749 1.744429 1.608076 1.649197 1.194808 1.564576 1.238707 2.290743 1.417084 0.842255 0.569006 -0.070748 0.693349 0.533188 0.387276 0.288023 -1.176813 -1.422558 -0.975120 -0.313984 -0.813913 -0.723197 -0.729210 -0.187716 -1.149645 -1.090003 0.429548 0.427136 0.331268 -0.547090 -0.474666 -1.429756 -1.556267 -2.019262 -1.273305 -1.062719 -0.857504 -0.466272 0.863382 0.886267 1.322564 1.445185 0.756248 0.590703 0.635442 1.221006 0.037756 -0.019889 -1.268903 -0.525928 0.391830 0.760469 1.389410 1.522932 1.889673 1.605831 0.535488 0.152069 0.206963 0.019996 -0.146751 -0.285827 0.078071 -0.360815 -0.170556 -0.485463 0.452712 -0.785904 -0.033828 -0.633334 -0.890630 -1.033319 -0.677463 -0.214488 -0.446127 
192837465
10
0.462796 -0.284825 0.559248 -0.028917 -0.861069 -0.407208 -0.262846 -0.425628 0.269900 0.260575 0.380542 0.050052 0.379507 0.533647 0.530635 0.795260 0.514329 0.299111 0.290623 0.529814 0.035341 -0.055074 -0.145785 -0.017765 0.398831 -0.455139 -1.675946 -1.437445 -1.591146 -1.050665 -0.557746 -0.663580 -0.331775 0.085491 0.096599 -0.906920 -0.781659 -0.117333 0.484184 0.386810 0.674468 0.594356 0.527587 0.206797 0.917585 0.496730 0.727824 2.451165 1.464175 0.776287 0.945839 1.378731 1.501847 0.429792 1.119407 1.342374 2.126067 1.399333 1.359528 0.133306 -0.141017 -0.196456 -0.426521 -0.984747 -1.781121 -1.290888 -1.650119 -0.545902 -0.797485 -1.111919 -1.018765 -0.411427 0.085352 0.232293 0.339531 -0.332220 -0.626506 -1.233923 -1.683635 -1.864451 -0.770154 -0.009679 1.019216 1.235243 0.184697 0.560856 -0.363543 0.780028 0.309290 -0.165076 -0.170968 0.346597 0.544793 -0.052396 0.141989 0.984982 1.166094 1.123702 1.691331 0.563658 0.736136 -0.397246 -1.038481 -0.449096 -0.009856 0.169269 -0.452964 -0.355716 -0.121424 -0.121789 0.138275 -0.100561 -0.304438 0.011723 -0.038091 -0.136081 -0.203558 -0.081761 -0.090616 0.522458 
192837465
11
0.235391 0.489009 0.370430 0.187764 0.261589 1.017347 1.413388 1.084903 0.507741 0.133462 0.348441 -0.037601 0.213139 -0.032461 0.287449 -0.038246 0.165979 0.444406 0.082952 -0.156834 -0.795983 -0.553913 -0.240047 -0.648385 -0.445515 -0.291011 -0.902304 -1.592584 -1.182828 -1.319463 -0.894845 -0.819889 -0.390660 -0.821410 -0.722068 -0.264329 -0.309181 0.290457 1.099411 0.367777 0.548258 0.486228 1.334661 1.447874 0.388499 0.608614 1.362267 1.966618 1.517584 1.361403 0.915890 1.873677 1.782084 1.647626 1.962397 1.964138 1.648106 2.028099 1.322139 0.672512 0.213518 0.041217 -0.663274 -1.207165 -0.886312 -1.403236 -1.092837 -1.017463 -1.586667 -0.969993 -0.647239 -1.020364 0.240128 -0.789492 -1.177498 -1.696624 -2.207577 -1.752572 -1.145685 -0.810040 0.491408 0.840500 0.608219 0.040111 -0.004205 -0.356803 -0.029437 -0.205847 0.124489 0.174592 0.434147 0.823571 0.390671 -0.460811 0.277041 0.918199 1.484591 1.401507 0.162429 1.301507 0.933797 0.559128 -0.246767 0.052680 0.306485 -0.393699 -0.177472 -0.798224 -0.346174 -0.139315 0.017597 0.164521 -0.516678 -0.061612 -0.349723 0.218473 0.516621 0.319084 0.212692 -0.374257 
192837465
12
0.578207 0.015207 0.951313 1.348030 1.121411 1.534927 1.604556 1.085105 0.379537 0.270289 -0.676367 -0.623905 0.368338 1.315739 0.564947 -0.573644 -0.203770 -0.500883 -0.714790 -0.816143 -1.174514 -1.058200 -1.372033 -0.795309 -0.354944 -0.898336 -0.603794 -1.122560 -0.759253 -0.724916 -0.754355 -0.676508 -0.354338 -0.113504 0.014176 0.070343 0.260567 0.665273 0.242830 1.042882 1.160167 1.113601 0.510232 0.972091 0.943089 1.122325 1.340716 1.356886 1.533306 1.699693 1.602160 1.572061 2.191663 2.333641 2.239064 2.344240 1.284097 2.035962 1.235170 -0.022659 0.081448 -0.473551 -0.571206 -1.245460 -2.184649 -1.737511 -1.336878 -1.437311 -0.570717 -0.699568 -1.009424 -1.381952 -1.624304 -1.579337 -2.243078 -2.668702 -2.775456 -1.554695 -1.548014 -1.123920 -0.365571 0.589417 0.059777 0.279576 0.041731 0.541450 0.382022 -0.356875 0.514081 1.081802 1.460639 0.976876 -0.240332 -0.111642 -0.261721 1.086623 1.415362 0.598478 1.098236 1.356625 0.930592 0.244115 1.092422 1.595025 0.761974 0.718417 0.312371 -0.051651 -0.704358 0.338560 0.641998 0.558897 0.338534 0.227795 0.739355 0.619804 0.672259 0.911684 1.006861 0.588120 
192837465
13
0.824938 0.920973 1.638605 1.743887 1.044470 1.101190 1.593444 1.207468 0.976297 0.005652 0.353644 0.225368 0.113868 0.499128 0.858222 0.165355 -0.352065 0.502948 -0.677750 -0.587770 -0.950130 -0.916056 -0.934447 -0.676078 -0.942798 -1.320665 -0.937579 -1.087482 -0.504005 -0.738158 -1.491632 -0.571829 -0.926969 -0.874392 -0.687395 -0.039582 -0.209051 -0.135937 0.141240 0.988514 1.775946 1.069436 0.709348 1.243739 1.003152 1.535882 0.608529 0.835449 0.873435 0.591283 0.282406 1.639212 3.435164 2.499580 2.533674 1.784992 1.523747 0.837594 0.906488 0.297720 0.514110 0.181391 -0.807838 -0.870792 -0.184749 -1.007374 -0.645649 -0.896645 -0.513792 -1.054026 -1.210470 -1.363058 -1.681433 -2.125999 -1.721938 -2.001533 -1.395844 -1.444404 -1.205212 -0.929789 -0.521398 0.031355 0.732701 0.630058 0.134592 0.200335 -0.026990 0.484212 0.810275 1.130146 0.728760 1.481801 0.468711 0.675516 0.807234 0.871273 1.138528 0.865297 0.948210 0.970362 1.510402 0.891537 1.040127 0.539279 0.477196 0.723644 -0.251692 0.152648 -0.371874 -0.330909 0.052494 -0.732850 -1.280493 0.244114 0.432749 1.489859 1.411178 1.261522 1.280393 0.838270 
192837465
14
0.269478 1.885587 2.080482 2.082052 2.159466 1.922190 0.750768 0.880377 0.327901 -0.012075 -0.053058 -0.295017 -0.224771 -0.163795 -0.237577 -0.183999 -0.685041 -0.597371 -0.434708 -0.943900 -0.912565 -0.701596 -0.574430 -1.006666 -1.096610 -1.371308 -1.145518 -0.819731 -1.124736 -1.567095 -1.660821 -1.237468 -0.822500 -0.347277 -0.275338 -0.297647 -0.270755 0.321525 0.611046 0.690436 1.263570 1.247842 1.085426 0.675116 0.478294 0.479601 0.498078 0.783785 0.826012 1.568514 1.769733 1.614597 2.159017 2.386115 2.390924 1.797731 1.011349 0.147835 1.002398 0.317943 0.619166 0.123932 0.896372 0.109597 0.361141 -0.041824 0.204099 -0.092449 0.007532 -1.148254 -1.609473 -1.678223 -1.891114 -2.506164 -1.858820 -2.182880 -1.941643 -1.443257 -1.836531 -0.718975 -0.081339 0.534310 0.571636 0.908646 -0.441460 0.330143 -0.242731 0.211713 -0.012560 0.026941 -0.099489 -0.432716 -0.121398 0.158397 0.401407 0.350490 0.404419 0.285908 1.143978 1.748808 1.080831 1.326505 0.902488 1.679660 2.421398 1.427978 1.264739 0.695059 0.209891 -0.298915 -0.875136 -0.580617 0.316203 0.134600 0.371025 0.091912 0.730523 0.889904 1.096254 1.121184 
192837465
15
1.268705 1.305390 1.589383 0.824657 0.759423 0.824723 0.232493 0.372115 0.956989 0.494281 0.090470 -0.082687 0.679463 0.602752 0.877980 0.591036 -0.628604 -0.634651 -1.782654 -1.028823 -0.862476 -0.617630 -0.387554 -0.955368 -1.392076 -1.003829 -1.062089 -1.683008 -2.188516 -1.974498 -1.886689 -1.097984 -0.958307 -0.634601 -0.302819 0.293864 -0.171558 -0.478054 -0.071054 -0.201588 -0.252493 0.619028 0.480014 0.696801 0.515798 0.232617 0.146796 0.115774 0.112623 0.763947 1.422771 1.675999 1.605943 2.351956 1.450697 1.156025 0.467602 0.232345 0.430018 0.687455 0.110013 1.173094 1.168845 1.216551 1.649777 0.836564 0.272657 1.113943 0.777138 -0.076028 -0.678988 -0.978642 -1.371982 -0.770605 -1.026373 -1.454341 -0.880456 -0.410887 -0.677855 -0.313100 -0.700808 -0.176342 0.393805 -0.045603 0.192653 0.891923 1.152314 0.869612 -0.001766 -0.593023 -0.292151 -0.816995 -1.827233 -0.285402 -0.124809 0.304565 0.263854 0.970966 1.441106 2.385732 2.354479 1.526100 1.021650 0.682655 1.053748 0.224120 0.465988 0.577140 0.587671 0.060767 -0.659820 -0.728576 -0.431700 -0.352797 -0.306540 -0.079558 -0.177470 -0.024077 0.589608 0.703617 
192837465
