1200.000000
160.000000
120
16
1
0.500000
2
2
0
-0.239555 0.032066 1.375786 1.100700 1.131789 0.473041 0.187290 0.367609 0.519202 1.283483 0.378352 0.461450 0.829083 0.020509 -0.330521 -0.113220 0.385782 1.130774 0.412872 0.440992 0.472775 1.097898 1.132134 1.288059 0.380775 0.388104 0.471536 0.080670 -0.457713 -0.162971 -0.828397 -1.104667 -0.643445 -0.162398 -1.048969 -0.428282 -1.573660 -1.233196 -1.088917 -1.162090 -1.167502 -1.073457 0.425517 0.603171 1.157753 0.371854 0.284161 1.104689 1.029278 1.104060 -0.023812 -0.220138 -0.266759 0.406626 -0.052600 0.089075 -0.280072 0.023071 0.015537 -0.572926 -0.342736 0.108429 0.295407 -0.113710 -0.650177 -0.588291 -0.503123 -0.915162 -0.415353 0.307065 1.895568 1.946958 2.031122 1.178134 1.135497 0.468264 0.503658 0.561355 0.860406 -0.206789 0.248908 0.852302 1.217564 1.412613 1.576990 0.941265 0.942262 0.613496 0.631332 0.241812 -0.566311 -0.691600 -0.363713 -0.611501 -0.379836 -0.434946 -0.440195 -1.160096 -0.737765 0.182365 -0.356731 0.222647 0.635820 1.240044 0.864433 1.845320 1.720815 1.739995 1.359677 1.816233 2.593142 2.432043 2.583508 2.335920 2.089865 1.464632 1.691228 1.670241 1.888876 1.191800 
192837465
1
-0.905530 0.095086 -0.496326 -0.405773 -0.327989 0.330561 0.003122 -0.116561 -0.033618 0.664212 0.649673 -0.154923 0.427468 0.569378 -0.061613 0.540649 0.424224 1.320149 0.938949 0.680041 0.254600 0.999104 1.440843 0.678412 0.231150 -0.123680 0.366586 -0.080281 0.402420 -0.243629 -0.684640 -0.348841 -0.414477 0.147661 -0.448339 -0.371622 -0.456514 -0.907122 -0.814402 -0.450737 -0.958222 0.080837 0.047549 -0.885763 -0.154880 -0.621149 -0.302543 -0.622985 0.513626 -0.030644 -0.916715 -1.813812 -1.494306 -1.139724 -0.413938 0.558863 0.161532 -0.108555 0.691669 -0.108846 -0.421854 0.246679 0.778638 1.380974 1.237285 0.707212 0.891203 0.361747 -0.281250 1.411714 0.927883 0.818913 1.539424 1.392291 1.634332 1.210389 0.510692 0.240928 -0.016961 -0.186006 -0.224729 -0.571153 0.581778 0.777836 0.763846 0.412167 0.101836 0.104862 0.052864 -0.059890 -0.211135 0.327095 -0.338533 -0.728070 -0.987419 -1.438546 -1.603631 -0.617272 -0.417991 -0.416383 -0.881440 0.434251 0.958057 1.066142 1.661451 1.668383 1.117936 0.822400 1.010708 0.268025 1.554168 1.155692 1.002932 1.296452 1.031747 0.933689 0.149427 0.331273 0.411660 0.185246 
192837465
2
-0.077952 -0.384240 -1.434454 -1.070549 -0.154151 -0.639462 -0.635681 -0.297946 0.146636 -0.418117 0.025166 0.223414 -0.437689 0.664805 1.151848 0.647373 0.423038 0.390708 0.879048 0.422462 1.409921 1.289271 1.471796 1.363496 0.881307 0.632173 -0.165380 0.303267 -0.140112 -0.085232 -0.340497 -0.528921 0.303924 -0.203496 0.122066 0.519642 0.279572 0.291115 -1.020702 -0.413622 1.097315 0.980046 0.818681 -0.289960 -0.601255 -1.168359 -0.831081 -1.230509 -0.841051 0.358672 0.545240 -0.780262 -1.463322 -0.890654 -0.137260 -0.175551 0.512790 0.781425 -0.030108 0.095164 0.345245 1.127297 1.217703 2.298684 1.742095 1.510747 1.295393 1.797765 1.528802 0.589159 -0.071491 -0.009377 0.688477 1.523381 1.212029 1.656458 0.082255 -0.422151 -1.516439 -1.242623 -0.997661 0.377991 0.372378 -0.286228 -0.348218 -0.362651 -0.004356 -0.093137 -0.225345 -0.915885 -0.295101 0.336074 0.104714 -0.137685 0.316311 -0.314331 0.213165 0.990393 0.778758 1.270099 1.547756 1.366288 1.837122 1.553051 1.461588 2.536960 1.581968 0.797246 0.187309 1.079540 0.543258 0.870420 0.663886 0.143407 -0.029249 -0.377488 -0.907758 -0.384260 0.091101 0.014742 
192837465
3
0.915817 1.252469 0.158082 0.072160 -1.076941 -0.490201 -0.700909 -0.365880 -0.395210 0.251030 -0.228335 -0.612567 -0.506045 0.158409 0.388265 1.119706 1.374719 0.867633 0.580623 0.579711 0.950105 0.847495 0.770653 0.772022 1.375874 0.920717 0.699234 0.678393 0.496273 0.234510 0.126096 0.612005 -0.096760 -0.746816 0.889580 0.307923 0.464852 -0.099025 0.604146 -0.256364 0.569093 -0.069082 0.476833 0.191434 1.355648 1.454149 0.927027 -0.177743 -1.570072 -0.795726 -1.104547 -1.135966 -1.184375 -1.170149 -0.669854 0.005348 0.188204 0.581351 -0.324072 -1.157944 -0.877076 -0.293450 0.422231 0.999553 1.149768 1.448451 0.967391 1.369204 1.357238 0.839108 0.072303 0.462607 -0.005130 0.287059 0.497140 -0.197318 -0.015211 -0.689173 -0.797155 -1.099774 -0.552510 0.886198 0.557777 0.705091 0.576105 0.285743 -0.100172 -0.721480 -0.182811 -0.419270 0.458692 0.491552 0.078938 -0.123758 0.416776 0.843262 0.439434 0.491544 0.173904 1.491165 1.853103 1.107183 0.698265 0.266033 0.794122 1.034085 1.110304 0.461220 0.069216 0.155497 -0.335622 -1.011722 0.240256 0.840828 0.037469 0.100806 -0.228967 -0.111008 0.355189 0.479894 
192837465
4
1.349350 1.284738 0.181316 0.711070 0.001858 0.113706 -0.308180 -0.403450 -0.076842 -0.509339 -0.335287 0.582989 0.426901 0.475182 0.180445 -0.278012 0.789900 1.357133 1.421953 0.889812 1.522943 0.258905 -0.262677 -0.264050 0.015459 0.238401 -0.267715 -0.661557 -0.014024 -0.250187 0.769130 0.138975 0.911496 0.914517 1.834502 1.652986 1.002198 0.070773 0.003439 -0.334979 0.707521 0.180785 0.883283 -0.005592 1.177095 1.166864 0.933153 -0.072459 -0.825869 -1.039921 -1.093439 -1.567699 -1.017394 -0.520765 -0.820228 -0.309616 -0.183064 -0.329308 -0.908758 -0.425382 -0.620000 0.293815 -0.332849 -0.660410 0.059028 1.197859 0.410233 0.500570 0.657387 0.012723 -0.414097 -0.825141 -0.167606 -0.346072 0.465550 0.172805 0.072335 0.556217 -0.142583 -0.054817 -0.119629 -0.633267 -0.318883 0.135051 -0.732340 -0.108271 0.360074 0.675752 0.410947 0.948120 0.790470 0.409333 0.696782 0.751510 1.523330 1.422406 1.463099 0.836522 0.873607 -0.041781 1.188580 1.296019 1.386886 1.019341 0.585182 -0.165832 1.006918 -0.487916 -1.136045 -1.012717 -1.364111 -0.767331 -0.764385 -0.490137 -0.895851 -0.490561 -1.361371 -1.173105 0.011257 0.492522 
192837465
5
1.536502 0.876052 0.585966 0.207238 0.382586 0.408687 0.783875 0.207104 0.670542 0.073577 -0.075318 0.913495 -0.346252 0.015932 0.899355 0.729873 1.627207 1.838556 1.996318 1.683359 0.537317 0.152560 0.146854 0.223086 0.393665 -0.254387 -0.423449 -0.423207 -0.170296 0.186325 1.139007 1.030490 1.568712 1.604701 1.442642 0.258883 0.428540 0.349163 0.110478 0.469664 0.429239 0.996659 0.851747 0.370972 0.476785 1.185189 1.766919 1.748946 0.176878 -0.456059 -1.088269 -0.846052 -0.659934 0.577671 0.672326 0.160565 -0.396918 -1.222948 -0.176170 -0.433178 -0.644611 -0.592400 -0.766087 -0.964865 -0.855147 -0.846586 -0.832346 0.296688 0.601762 0.065189 -0.571919 -0.221587 -0.823645 -0.941349 -0.808787 0.030434 -0.286114 -0.093415 -0.751643 -1.352392 -1.359874 -1.493009 -1.240560 -0.551818 -1.076287 -1.090271 -0.325551 0.483241 0.782252 0.424217 0.164464 1.142117 1.020347 1.263820 1.493904 1.187889 1.270842 0.483231 0.318689 0.506155 0.521856 1.565973 1.692076 1.100154 0.617767 0.450353 0.275431 -0.261947 0.219769 -0.312910 -0.836515 -0.684193 -0.898780 -0.645412 -0.557609 -0.784554 -1.024835 -0.530259 -0.762019 -0.140333 
192837465
6
0.476371 0.815529 0.971350 0.325038 0.141521 0.284606 1.040021 1.102999 0.716019 1.225726 0.352032 0.765708 0.609074 1.278661 1.107122 0.349299 0.573728 0.643828 0.036188 0.279871 0.021441 -0.249662 0.086278 0.078583 -0.040498 -0.989650 -1.645460 -0.835629 0.621674 0.329080 0.937500 0.244994 1.112395 0.507033 0.697197 0.445873 -0.003478 0.552209 0.449573 0.443973 1.443587 1.638534 1.242058 0.889949 0.670106 1.294559 1.234091 0.749262 -0.290728 0.027154 0.194543 -0.506268 -0.626152 0.484798 0.361934 -0.250482 0.570258 -0.003121 -0.210588 -0.586788 -0.722811 -0.918066 -0.715569 -0.853688 -0.234006 -0.113327 0.621029 0.337897 0.264645 -0.053676 -0.795320 -0.955481 -1.127375 -0.918167 -1.364706 -0.561693 -0.374516 -1.090859 -1.775582 -0.889707 -1.346302 -1.379101 -2.434670 -2.282608 -2.023820 -1.892523 -0.733196 0.636922 -0.408738 -0.545620 0.748204 0.365869 1.011202 1.759590 1.328342 1.874090 1.548648 0.433482 -0.015959 -0.239111 -0.102252 0.008427 -0.676549 0.444455 1.029763 0.750618 0.441827 1.095191 0.762697 1.403709 0.578587 -0.254300 -0.178620 -0.271062 -0.397864 -0.974372 -1.648964 -0.679829 -0.703597 -0.511216 
192837465
7
0.013216 0.667460 0.871398 1.039917 1.318070 1.378279 0.887596 1.367862 0.980988 0.609668 0.797911 0.906006 0.764056 1.171317 0.461582 -0.464196 -0.340284 -0.982013 -0.031632 -0.336961 -0.098215 -0.217802 -0.431547 -0.547748 -0.691863 -1.097884 -1.675668 -2.287850 -1.180769 -0.113443 0.569518 -0.130797 0.688915 0.719328 0.531661 0.707017 0.422879 0.799953 0.652881 0.952881 1.247711 1.045532 0.232988 0.079811 -0.329142 1.339789 0.452825 0.793408 0.437328 -0.167813 -0.065187 0.262514 0.243362 -0.707401 -0.257506 0.058958 0.479550 -0.063495 -0.252962 -0.008138 -0.153899 0.315458 -0.944104 -0.954052 -1.004436 -0.385471 0.002287 0.003154 -0.210863 -0.087393 0.096719 -0.244083 -0.442289 -1.035841 -0.828194 -1.737256 -1.998820 -0.694431 -0.642270 -0.561895 -0.706710 -1.636761 -1.645400 -1.580242 -0.494049 -0.428544 -0.699837 -0.830401 -1.281150 -0.213234 -0.852452 -0.847437 0.110276 0.291735 0.112036 0.242864 -0.903620 -0.821992 0.287364 0.211473 -0.448993 -0.588890 -0.514166 -0.333473 -0.276313 0.147219 0.836771 1.227461 0.434502 0.724766 1.424422 0.479811 -0.007417 -0.128562 -1.048537 -1.910409 -0.645823 -1.222749 -1.270910 -0.657816 
192837465
8
0.877233 0.307956 1.732263 2.013975 1.416607 1.823229 2.246176 1.626865 2.035679 1.001320 2.010810 1.153803 1.872841 0.101348 0.018432 -0.033985 -0.250522 -0.655216 -0.175907 -0.541973 -0.869072 -1.122775 -0.902985 -0.981512 -2.275926 -2.352751 -2.734859 -2.135819 -1.776942 -0.582159 -0.338392 -0.031063 0.472554 0.636178 0.208679 -0.036229 0.832456 0.942005 1.311969 1.051543 1.558036 0.962193 -0.041354 0.082211 -0.375986 0.300562 0.698945 0.095744 -0.080356 0.770038 0.268908 0.697972 0.448911 0.409242 0.630195 0.497833 -1.323915 -0.659386 -0.314413 -0.626787 -0.191774 -0.137183 -1.240513 -0.744738 -0.585116 -0.979788 -0.728857 -1.055966 -1.577068 -1.540977 -0.982241 -0.624490 -0.528558 -0.517501 -0.625896 -1.399851 0.107750 -0.264701 -0.060770 -0.988484 -0.419999 -0.553194 -1.323109 -2.055275 -0.984986 -1.327983 -0.589557 -0.445134 -0.346609 -0.277713 -0.267436 -0.812200 -1.037811 -1.254771 -1.567802 -1.737908 -1.942659 -1.705889 -1.026888 -0.277794 -0.693471 -1.091251 -0.660350 0.186210 0.077665 0.676212 0.593204 0.560270 0.820218 1.468202 1.171192 0.385485 -0.048241 0.822286 1.147793 0.111774 -0.619729 -1.353208 -0.728614 0.179908 
192837465
9
0.644433 1.533692 1.467042 2.150269 1.698343 1.224202 1.536302 2.035196 1.579092 2.098983 2.040220 2.221597 2.335542 1.949715 1.536286 0.424571 0.600617 1.019789 0.326582 -0.155202 -0.674131 -0.516233 -0.954885 -1.070834 -1.032042 -1.346117 -2.051605 -2.144007 -2.439686 -1.284839 -0.485570 0.202353 0.227225 -0.110206 0.063184 0.029784 -0.214004 0.138786 1.104393 0.916661 0.955260 0.453268 -0.153683 -0.162894 -1.153872 -1.457402 -1.502490 -0.952598 -0.471299 -0.383649 0.230494 0.046195 0.161367 -0.465310 0.018526 -0.079333 -0.902042 -0.885302 -1.351922 0.140448 -0.101366 -0.539258 -0.650894 -1.596907 -1.615202 -2.035077 -1.795653 -2.267477 -1.375529 -0.253837 -0.906321 -0.169928 0.510974 -0.211202 -0.313343 -0.705780 -0.961941 -0.893978 -0.949003 0.206356 -0.095099 -0.057291 -0.265944 -1.364461 -2.078789 -1.667664 -1.299573 -0.428950 -0.763735 -1.305956 -0.099222 -0.266771 -0.922800 -1.149879 -1.831278 -1.871721 -1.616377 -2.086310 -1.604976 -0.748561 -0.348373 -0.309426 -0.728902 -0.548189 -0.426437 -0.245886 -0.280561 -0.269567 -0.274864 0.232178 0.199255 0.583023 0.597828 0.260838 -0.327169 0.419719 -0.026461 -0.278250 -0.362319 -1.259961 
192837465
10
0.522549 1.144206 1.998140 1.771524 2.230738 1.857737 2.284236 2.023950 1.514604 1.555021 2.026991 2.294359 2.148783 1.422545 1.639948 1.329881 1.119393 0.897241 0.456941 0.337532 0.126258 -1.157844 -1.158475 -1.091748 -0.552996 -0.816727 -0.995241 -1.101654 -1.354271 -1.406615 -0.568554 0.073423 -0.499764 0.073724 0.756694 0.361464 0.233665 0.124068 -0.046144 -0.237005 0.442387 0.031852 -0.697019 -1.289512 -1.341834 -0.697576 -0.215707 -0.607398 -0.741061 -0.587885 -0.225363 -0.622804 -0.403732 -0.244504 0.382967 0.308099 -0.117864 -1.143170 -1.657246 -0.547755 -0.525758 -0.711347 -0.557832 -0.404994 -1.079519 -0.440307 -1.225776 -1.341417 -1.017282 -0.404224 -0.455733 -0.193676 -0.315682 -0.888230 -0.718137 -0.800451 -0.503323 -1.408363 -0.814229 -0.605889 -0.689810 -1.210921 -1.262336 -0.887398 -1.012928 -1.523223 -0.799067 -1.090126 -1.273800 -2.010637 -1.228953 -0.915346 -0.625189 0.063031 0.799529 0.783045 0.484030 -0.047970 0.262137 0.242766 0.329672 -0.330913 -0.882873 -0.789768 -0.628614 -0.598975 -0.286437 0.139809 -0.759345 0.439888 0.297282 0.402419 0.330364 -0.005953 -0.983274 -0.728413 -0.283656 0.158416 0.055051 -1.039313 
192837465
11
1.462307 1.772730 1.910945 1.775732 1.789733 1.843529 2.577556 1.997350 2.217497 2.110286 1.574138 2.358644 2.523650 1.580572 1.109367 1.763464 0.871304 0.226882 -0.926145 -0.597555 0.116198 0.478930 -0.165288 -0.015646 -0.593822 -0.394314 0.716938 -0.029904 -0.777287 -0.861240 -0.457305 -0.423446 -0.634397 -0.985255 -0.010868 0.147862 -0.564160 -0.740808 0.357557 0.014108 -0.921799 -0.343720 -0.011104 -0.262682 0.446793 -0.300987 -0.153148 -0.990565 -1.191361 -0.930765 -0.577075 0.968174 0.549307 0.326322 -0.007774 -0.350723 0.421244 0.160856 -0.329363 -0.156988 -0.016215 -0.302860 0.138440 -0.152913 0.147027 0.066172 -0.435916 -0.415587 -0.151867 -0.498967 -0.781413 -0.974654 -0.863744 -1.199765 -0.882048 -1.105402 -1.275746 -1.423585 -0.877969 -1.269292 -1.410001 -2.186776 -2.104947 -1.491764 -1.050353 -0.919025 -1.549825 -1.948270 -1.689421 -1.115800 -1.266760 -0.704363 0.445856 1.042663 1.408125 1.127107 1.088934 0.889023 0.585042 0.452137 0.553429 0.484376 -0.097452 -0.822877 -0.459700 0.095425 -0.180319 -0.154832 -0.210079 0.045364 0.350117 -0.060884 -0.030900 0.282535 -0.102510 -0.085279 0.953024 0.113203 -0.600504 -0.687341 
192837465
12
1.445808 1.018228 0.952405 1.698269 1.844462 2.055564 2.078944 2.271593 2.341705 1.886746 0.407614 0.374121 1.605050 1.597198 1.552027 1.266420 0.710065 0.713074 -0.296252 0.417960 0.526967 -0.012593 0.840457 0.094886 0.340032 0.632654 -0.045499 -0.015789 0.148478 -0.948190 -1.450529 -0.838303 -1.256301 -0.791847 -0.960473 -0.113370 -1.264225 -0.443589 0.641799 0.397194 0.069499 0.254515 -0.166564 -0.206059 0.493714 0.404845 0.313608 -0.051375 -0.319637 -0.258346 -0.778227 -0.180799 0.165437 0.905352 0.981242 0.601327 -0.128070 0.299769 -0.044554 -0.422237 -0.398166 -1.044232 -1.453861 -2.026570 -0.773153 -0.265812 -0.281705 0.434583 -0.541958 -1.041368 -1.125949 -1.719229 -0.753501 -0.881129 -1.545345 -1.225314 -0.115825 0.704974 -0.324605 -0.744367 -1.358632 -2.006727 -2.381031 -2.285880 -1.422959 -0.654837 -1.177218 -1.048412 -0.643329 -0.336649 0.159197 0.254842 0.140064 -0.325512 0.371130 0.771121 -0.322880 0.232672 -0.345373 -0.360617 0.012248 0.229739 0.075717 -0.411367 0.184781 -0.316396 -0.683170 0.269733 -0.181835 -0.236118 -0.003173 -0.179896 0.937145 0.173045 -0.254404 0.354771 0.904440 0.778650 0.075252 -0.274946 
192837465
13
1.127381 1.023006 1.612770 2.432673 2.584897 1.849569 3.229772 2.940791 2.136007 0.862786 0.308761 0.155469 -0.063807 0.339778 0.747298 0.994653 1.625966 1.585309 0.405275 -0.398132 0.507714 0.730193 1.395921 0.920289 1.191092 0.782114 -0.495254 -1.487958 -1.273651 -1.279947 -1.319537 -1.093537 -1.701520 -1.545105 -1.802897 -1.544615 -1.357321 -0.783031 0.288876 -0.068979 -0.346500 -0.639647 -1.268684 -0.654810 0.228854 0.258350 0.149515 0.647178 -0.652312 -0.629847 -0.696185 0.326277 0.928725 0.921864 0.546346 0.347156 0.624401 0.669551 -0.167947 -0.328004 0.262165 -0.384113 -1.002356 -1.031573 -0.472838 -1.394796 -0.429989 -0.931591 -0.756320 -1.332505 -1.848403 -1.903133 -1.346794 -1.424016 -1.264357 -0.974064 -0.878324 -0.523346 -0.925630 -2.183746 -1.127464 -0.787057 -1.568361 -1.167201 -0.729495 -1.027451 -0.693130 -1.538054 -1.137493 0.297140 -0.040576 -0.276299 -0.712599 -0.461744 -0.359964 0.348085 -0.711650 0.183868 -0.106591 -0.985330 -0.481532 -0.780906 -0.483441 -0.450383 -0.652365 -1.483874 -1.184504 0.268074 0.676378 -0.074450 -0.614792 -0.784976 -0.860709 -1.035793 -0.975530 -0.175195 -0.217727 0.005874 -0.473427 -0.944340 
192837465
14
0.001812 0.676295 1.314424 2.033123 1.825063 1.954196 2.335394 2.506574 2.501005 2.327514 1.170944 0.394147 0.672155 0.195353 0.451129 1.062977 1.544667 2.041354 1.499050 0.866524 1.507908 2.008360 1.620144 2.080381 2.077675 1.530430 0.434164 -0.484634 -0.938946 -0.882828 -2.142317 -1.867476 -2.521239 -2.943929 -2.616553 -2.401202 -2.953146 -2.130753 -1.252964 -0.776100 -0.723837 -0.551255 -0.340872 0.304985 0.305367 0.084929 0.969254 0.796521 0.530686 -0.531612 -0.634308 -0.681641 0.117299 -0.175875 -0.541470 -0.088015 -0.363001 0.525076 0.721754 -0.269659 0.369704 0.051032 -0.674324 -1.452650 -0.606591 -1.295755 -0.893722 -0.911816 -1.669190 -0.910707 -1.583464 -1.235211 -2.034842 -0.930903 -1.024199 -1.029995 -1.380841 -1.755018 -1.547385 -1.585642 -1.720800 -1.553956 -1.855508 -1.494743 -0.682427 -0.998417 -0.817225 -0.707404 -1.805328 -1.876305 -1.698399 -1.496814 -1.066452 -0.784019 0.005685 -0.493023 -1.078212 -0.594769 -0.920983 -0.239756 0.105777 -0.104714 -0.520231 0.096467 -0.285206 -0.650668 0.317714 0.704435 0.555282 0.614260 0.172826 -0.287332 -0.776390 -0.810713 -0.733487 -0.154267 -0.719678 -0.196302 0.210386 0.148573 
192837465
15
-0.530166 0.700960 0.839298 1.409054 1.958655 2.659275 2.934442 2.527038 2.391849 1.994976 2.292235 1.806027 1.141134 1.780887 1.364816 1.962059 1.663283 1.165725 1.120696 1.296078 1.340203 2.670030 1.695386 1.770237 1.319461 0.783794 -0.495220 -0.523331 -0.784331 -0.728242 -1.747244 -1.396761 -2.369364 -2.034897 -2.084701 -2.230611 -1.703790 -1.716620 -1.714578 -1.093568 -0.485848 -0.521835 0.055524 -0.311155 0.480194 0.052034 0.346030 -0.422305 -0.992648 -0.606729 -0.922442 -0.390281 -0.284065 -0.088781 -0.758854 -0.383098 -0.125628 -0.416271 -0.875101 -0.550449 -0.016836 -0.553296 -0.434511 -0.699588 0.084030 0.046477 0.451756 0.191366 -0.951916 -1.260004 -1.499955 -1.573762 -2.227724 -1.659123 -1.867237 -2.029332 -0.943463 -1.552388 -0.948590 -1.037077 -0.614852 -1.009964 -0.879026 -0.856906 0.160805 -0.292741 -0.744009 -1.535912 -0.743240 -1.827222 -1.407948 -1.322935 -1.039934 -0.335332 -0.115227 -1.275600 -1.107699 -0.270275 -0.918729 0.079403 0.071101 -1.053870 0.051298 -0.575742 -0.108207 0.192925 0.440306 0.431044 0.892747 0.546943 -0.201097 0.134854 0.223102 -0.629350 -0.310015 0.013819 -0.341173 -0.062895 0.773355 0.732582 
192837465
