1200.000000
160.000000
120
16
1
0.500000
2
2
0
-0.522430 0.375364 -0.033441 0.158906 0.756080 0.684369 1.267462 1.119822 1.040034 0.477113 0.155811 -0.340462 -0.054211 -1.145223 -0.237576 -1.055191 -1.584189 -1.557359 -2.262076 -2.780368 -2.686730 -1.466804 -2.209263 -1.879703 -1.862469 -1.685145 -2.596057 -1.874892 -2.216413 -2.044557 -2.570692 -2.086174 -2.476352 -1.895228 -1.560907 -1.915607 -1.578902 -0.910440 -1.124287 -1.155647 -0.910382 -0.752139 -0.608902 0.025059 -0.354376 -0.689906 0.229403 0.136366 -0.384080 -1.403250 -2.467022 -1.610378 -1.576892 -1.552166 -1.108668 -1.111337 -1.330880 -1.681237 -1.560575 -1.611113 -1.596120 -1.090263 -0.967854 -0.587440 -0.973840 -0.818291 0.282504 0.269216 1.030513 0.997796 0.766529 -0.051415 0.782172 0.921053 0.263176 0.443502 0.373817 1.197639 1.760843 1.998145 1.859106 1.606104 1.501244 1.393750 0.912863 -0.041268 -0.294497 0.286097 -0.148731 -0.423389 0.433908 0.045355 -0.316787 -0.746837 -0.581352 0.165999 0.486609 0.486674 0.326669 0.268964 0.448644 0.731981 0.095686 0.181087 0.134264 0.667493 1.282390 1.861030 1.815057 2.029584 1.440273 0.834969 0.261664 0.908367 1.146056 0.791448 1.474668 1.361695 0.644179 1.663912 
192837465
1
-0.464257 -0.337715 0.099165 -0.321303 0.284958 0.044613 -0.397912 1.143799 0.624225 1.182936 0.694835 0.031098 -0.852533 -0.825705 -1.065963 -2.397930 -0.770501 -1.421219 -1.383025 -2.153758 -2.079118 -1.870457 -1.791355 -2.033776 -2.341258 -2.850108 -2.843453 -2.707392 -2.016187 -1.798846 -2.124029 -2.011105 -2.067746 -1.999999 -1.118348 -1.721918 -1.485271 -1.371256 -0.714023 -0.921946 -0.369382 -0.580465 -0.313205 -1.164764 -1.348275 -1.704349 -1.194979 -1.550274 -1.214478 -1.980724 -2.619225 -2.342671 -1.750969 -2.443240 -2.059077 -1.053857 -1.379891 -1.105723 -0.630884 -0.721668 -1.079790 -0.917367 -0.782660 -0.513729 -0.439376 -0.708852 0.393166 0.327296 0.558407 0.568542 0.355821 0.060940 0.814209 1.767274 1.194084 -0.178405 0.049674 0.958804 2.221694 1.383921 1.481619 1.023001 0.910041 0.959269 1.045429 0.277841 -0.487806 -0.536584 -0.452177 -0.049898 -0.235711 -1.283066 -1.151357 -0.747260 -0.129778 0.750096 1.087017 0.458897 0.621577 0.361855 0.059866 0.044018 0.230483 0.220757 0.486452 0.899307 0.948419 2.325942 1.609114 1.430428 1.512701 0.887932 0.529361 1.083312 0.994356 -0.118024 1.668605 1.543380 1.926679 2.038536 
192837465
2
-1.351745 0.109226 0.003569 0.199878 -0.493586 -0.565265 -0.408895 0.502281 0.544168 0.987563 0.838391 -0.771006 -0.110399 -0.412098 0.404158 -1.380322 -0.870849 -0.783399 -0.826370 -1.704152 -2.155950 -1.533596 -0.478771 -1.434225 -1.932474 -2.918166 -2.845193 -2.709312 -2.543832 -1.853472 -1.654179 -1.566073 -1.194526 -1.031908 -0.544556 -1.391726 -0.621361 -0.809243 -1.421724 -1.101997 -0.276703 -0.120591 -1.002118 -1.119152 -2.104788 -2.226516 -1.916052 -1.965622 -1.636522 -1.898679 -2.492450 -2.433244 -1.404169 -0.630502 -1.212000 -0.708648 -1.048134 -0.955648 -1.231719 -0.792269 -0.021530 0.289149 0.390728 0.367510 -0.510639 -1.081265 -0.500015 -0.756118 -0.233991 0.233940 0.141248 1.289917 0.778418 0.756203 0.572509 0.225708 0.439990 0.772019 1.410126 1.629092 0.698092 0.580027 0.332890 0.585352 0.601403 -0.217762 -0.988522 -0.623125 -0.514572 0.503971 0.680900 0.224518 -0.075001 0.331557 0.340563 0.919070 -0.260829 -0.168115 0.325234 0.332685 0.479102 -0.091974 0.019733 0.213913 0.141188 0.920809 1.512136 1.624997 1.509006 1.555612 1.166047 0.880660 0.189586 0.043334 0.518539 0.039675 1.127616 1.227496 1.602681 1.187383 
192837465
3
-1.028158 -0.538932 -0.033621 -0.348662 0.579856 -0.051870 0.308551 0.930801 1.038544 0.774932 0.618623 0.387900 0.545805 0.639453 0.310478 -0.009520 -0.713980 -0.368825 -1.973878 -1.883828 -1.119783 -1.605412 -1.130167 -1.685214 -1.578347 -1.575468 -1.434767 -1.491254 -0.793952 -0.242044 -1.205051 -1.106609 -0.728702 -1.222747 -0.854270 -0.365870 -1.206760 -0.867747 -1.134717 -0.536136 -0.397787 -0.045968 0.020781 -1.099898 -0.871519 -0.966176 -1.567854 -1.420451 -1.781292 -2.165285 -2.192874 -2.782745 -2.284761 -1.350579 -0.448898 -0.395099 -0.434059 -0.446439 -0.638983 -1.020394 -0.208138 0.357015 1.110035 0.883161 0.415343 0.159250 -0.348043 -0.471177 -0.337127 0.223918 -0.345454 -0.254822 -0.196419 0.728132 -0.025607 -0.390709 -0.103276 1.163550 1.256826 1.143427 0.879639 0.325768 -0.236838 -0.390557 -0.510479 -0.042789 0.069233 0.121210 0.596967 0.296072 0.638175 0.421228 0.736112 0.873938 0.690564 0.959511 0.844983 1.275324 0.855668 0.853627 0.189577 0.069600 0.258025 1.085100 1.098629 0.693953 0.938987 0.634513 0.943614 0.567057 1.127663 0.357224 0.478987 1.121116 1.595561 1.000946 1.234698 0.877274 0.978217 0.475572 
192837465
4
-0.605657 -0.594363 -0.691040 -1.157029 -0.305935 0.130378 0.423341 1.232527 0.260531 -0.357868 0.314919 1.016168 0.506035 0.441106 0.396050 0.070573 0.036106 -0.678741 -0.223014 -0.521045 -0.502961 -0.807965 -0.419020 -1.022743 -1.460114 -1.253009 -0.888414 -1.052689 -1.083856 -1.062232 -0.629169 0.001742 -0.103481 0.324514 0.637827 -0.721612 -0.907668 -0.267034 -0.034702 0.539698 -0.510038 -0.114066 0.143303 0.301757 -0.474529 -0.903597 -1.503342 -0.721243 -2.056784 -2.388498 -2.408315 -0.739422 -0.864452 -0.733616 -0.770073 -0.183085 0.207941 -0.477141 -0.531569 -0.549551 0.021488 0.835449 1.429030 0.504060 0.366554 -0.155662 -0.512493 -0.689066 -0.600874 -0.892644 0.122339 -0.186121 -0.948299 -1.224303 -0.138414 0.281181 0.536949 1.497872 2.175677 1.462636 0.955562 0.259510 -0.331385 -0.046620 -0.612760 -1.691643 -1.207634 -0.712436 -1.092977 -0.540781 -0.857337 0.660023 0.920032 1.180560 1.303881 0.928330 1.003367 1.620986 1.481275 0.435220 0.017862 -0.118250 0.355213 0.304940 0.131123 0.422775 0.583166 0.371456 -0.241034 0.508353 0.223641 0.183515 0.581379 0.298022 0.615425 0.510411 0.955518 0.796512 0.411354 0.622531 
192837465
5
-1.235272 -1.161567 -0.557885 0.088472 0.023119 -0.323133 -0.240576 0.985242 0.479321 -0.370939 0.671869 1.460064 0.926636 0.194062 0.390001 0.307991 0.296904 0.357222 -0.155790 -0.696810 -1.105752 -0.604175 -0.671992 -1.713363 -1.335704 -0.618912 -1.011667 -0.997282 -0.675868 -1.692864 -1.446979 -0.856506 -0.130802 0.907487 0.790514 0.605734 0.299240 -0.091902 -0.608042 -0.861158 -0.871773 -0.258552 -0.987472 -0.811827 -0.495002 0.035057 -0.199118 -0.180926 -0.275699 -0.185829 -0.120936 0.560364 0.888472 -0.496813 -0.589748 0.243693 0.603972 0.313075 -0.275563 -0.189453 -0.445683 0.053630 -0.074030 0.238723 -1.027129 -0.929375 -1.154597 -1.077735 -0.693857 0.170988 -0.083293 0.163747 -0.269630 0.032590 0.537130 0.727436 1.117566 0.747674 0.950629 0.635555 1.161863 0.892289 1.312390 0.223115 -0.705576 -0.597915 -1.141962 -0.386436 -0.561164 -1.074561 -0.500073 -0.296376 0.298947 -0.094296 0.416932 0.616149 1.043299 1.382799 1.187967 0.765768 0.548537 -0.566866 0.266774 0.729696 1.653258 1.976499 2.530864 0.621005 0.614944 1.238413 0.581969 -0.861794 -0.329258 0.407195 0.412554 0.343548 0.197192 0.712956 0.166420 0.072815 
192837465
6
-0.897752 0.055785 -0.478698 0.635604 0.728869 0.290093 0.701148 0.128091 -0.116362 0.190999 -0.313910 0.503379 0.984990 0.026397 -0.394956 -0.444759 -0.381444 -0.274528 0.728053 -0.065915 -0.611679 -0.475249 -0.403935 -1.424617 -1.053110 -1.443288 -1.785649 -1.940656 -1.700310 -0.696234 -0.989795 -1.337771 -0.372262 -0.134573 -0.189750 0.221636 -0.216763 -0.875514 -1.648021 -1.649711 -1.501485 -1.582807 -0.285276 -0.508088 -1.028659 -0.650105 -0.897791 -0.770107 0.290167 0.184548 0.116824 -0.823264 -0.601823 -0.889997 -0.702648 0.026515 0.143641 -0.026829 -0.155630 0.160543 -0.550505 -0.491822 0.054117 -0.361990 -0.812465 -1.732306 -1.527978 -0.573459 0.097942 0.440074 -0.104281 -0.066832 0.301283 -0.060974 0.646034 0.473375 1.012263 0.468607 -0.552566 0.327268 0.848803 0.538559 1.000244 0.720384 0.191576 -0.026218 -0.016368 -0.156029 -0.363208 -0.248790 -0.393042 -0.763104 -0.186578 -0.110587 0.233200 0.407588 0.683544 0.706175 0.387845 0.459675 0.982636 0.891470 -0.631221 -0.019535 -0.798684 1.326156 1.316182 0.844064 1.043715 1.234742 -0.342330 -0.058904 -0.130333 0.627393 0.914637 -0.038251 0.049652 0.472884 0.450350 -0.002756 
192837465
7
-0.835711 -0.403518 0.729160 0.788769 1.174251 0.582597 0.549121 1.286029 0.862200 0.876679 0.236097 0.238018 -0.380128 -0.124278 -1.498514 -1.027621 -1.084898 -0.513466 -0.783007 -0.238054 -1.327034 -1.249131 -1.312070 -1.672661 -1.696661 -0.765134 -1.118635 -1.391952 -2.591794 -1.393258 -1.394638 -0.914032 -0.527602 -0.779746 0.397489 -0.458391 0.453758 -0.062459 -0.422547 -1.714698 -1.854087 -2.349795 -1.248441 -0.449872 -1.293880 -0.781906 -0.882730 -0.722304 -0.828146 -0.162302 -0.593438 -0.338829 -0.198116 -0.264132 -0.351551 -0.358528 -0.175586 -0.301994 -0.929935 -1.331181 -1.494578 -0.978671 -0.769930 -1.818280 -2.014553 -1.170233 -1.007857 -0.644859 -0.707236 0.120024 0.123403 -0.071248 0.074283 0.614649 1.087279 1.754443 0.902624 -0.446534 -0.620478 -0.638162 -0.028605 -0.211169 -0.327155 -0.213747 0.171651 -0.034614 -0.531417 -0.466874 -0.199376 0.079682 -0.255495 -0.053423 -0.594646 0.498881 0.100621 0.149417 0.416257 0.813815 0.687203 1.149151 0.763258 0.973577 0.004422 -0.293166 -0.102558 0.038696 0.454790 0.479930 0.840200 0.923617 -0.520396 -0.048708 0.651711 -0.022120 0.393913 0.048836 0.036159 0.344069 -0.298264 0.024707 
192837465
8
-0.182169 0.635949 0.727165 1.156390 1.706468 2.054048 2.025866 1.348032 1.618806 0.650369 0.672255 0.501595 -0.038178 -0.471701 -1.056946 -1.209554 -1.409298 -0.672384 -0.789980 -0.847864 -0.862396 -0.437196 -1.521222 -0.570198 -0.205125 -0.172715 -0.303823 -0.416241 -1.049116 -1.191401 -1.096142 -1.118217 -0.540277 -0.045906 0.485583 0.106461 -0.633440 -0.688605 0.120082 -0.639622 -0.650865 -1.041133 -1.036719 -1.399381 -0.962233 -0.936793 -1.013730 -1.626968 -0.732968 -0.727397 -0.741016 -0.589365 -0.051966 -0.117261 -0.132428 -0.373742 -0.174097 -0.093202 -0.026957 -1.050545 -2.011206 -1.256453 -1.289620 -1.322272 -2.072802 -1.629850 -1.298678 -1.201390 -0.615396 0.406861 0.467106 0.339537 -0.071425 0.491622 1.155353 1.767554 1.471110 1.406770 0.319903 -0.459317 -0.251807 -0.098844 -0.637656 -0.924968 -0.745357 -1.048758 -0.847937 0.026851 0.443345 0.651195 0.244929 -0.151819 -0.153556 0.355761 0.302178 -0.197303 -0.484627 -0.109556 0.197883 0.738402 1.462944 1.265392 0.991444 0.689933 0.542197 0.227493 -0.060170 0.506620 0.157164 -0.155915 -0.587174 -0.832225 -0.564987 -0.724411 -0.658506 0.013236 1.296091 0.425782 1.047314 0.531850 
192837465
9
0.284905 1.329407 0.579371 1.616883 0.905440 1.133299 1.331501 1.845573 1.643268 1.661690 1.375005 0.423033 0.566116 0.189824 -0.126209 -0.430445 -0.644310 -1.433684 -1.634152 -0.949968 -0.520270 -0.274587 0.162728 0.194269 0.621009 -0.538847 0.043944 -0.484804 -0.355248 0.200260 0.100576 0.790520 0.558663 0.913460 0.550345 0.875753 1.106676 0.798055 0.640663 1.038414 -0.336231 -1.381849 -2.522470 -2.204078 -2.206847 -1.053225 -0.599017 -0.821971 -1.445352 -1.631517 -1.346363 -1.661796 -1.362114 -1.061973 -0.499344 -0.407728 -0.230005 0.015826 -0.341621 -0.646911 -1.135102 -1.545383 -1.355215 -0.996129 -0.402703 -0.444763 -0.120446 0.237378 0.188698 0.314787 1.093575 0.890172 0.910768 1.084939 1.294353 1.262762 1.111659 1.243540 0.766061 0.544899 0.149353 0.036167 -0.346453 -1.448336 -0.928494 -0.278198 -0.273316 -0.206450 0.451533 -0.012175 0.028160 0.676707 0.464462 0.613287 1.383655 1.167798 1.779931 1.403966 1.620552 1.297671 1.705220 2.029449 1.631602 1.715163 1.243032 0.832411 0.554321 -0.108691 -0.036306 -1.132224 -0.851929 -0.549634 -0.509925 -0.232453 0.047196 -0.345946 -0.044254 0.217268 1.036689 1.551384 
192837465
10
0.714866 0.338299 0.219951 0.975727 1.376971 1.582339 0.896485 0.767824 1.037456 1.152030 0.804899 0.841931 0.797788 0.531232 -0.202251 -0.853117 -0.105752 -0.961058 -1.568227 -0.856525 0.289505 0.058870 0.377656 0.150028 -0.328504 -0.425737 -0.188967 0.496401 0.676218 0.502993 0.968066 1.256140 1.385853 1.288915 0.736284 1.029859 0.616331 -0.112243 0.233618 -0.354946 -1.467977 -1.808497 -2.879050 -2.146666 -1.718394 -1.340007 -2.020053 -1.612182 -1.419558 -1.363609 -1.102942 -0.525622 -1.649574 -1.479442 -1.452439 -1.297623 -0.286659 -0.074920 -0.565698 -0.153190 -0.197174 -0.449460 -0.940578 -0.815209 -0.578436 -0.114198 0.128484 0.672282 0.363916 0.313333 0.540827 0.467510 -0.190377 0.792433 1.289226 1.251969 1.152178 1.363390 1.496204 1.654339 0.580534 0.162209 -0.253844 -0.390999 -0.472696 -0.073232 -0.445818 -0.379233 0.150684 0.793373 1.283190 0.362688 0.020600 0.811550 1.264648 1.572620 1.548643 2.028045 1.489468 1.232455 1.190711 1.660363 1.602467 1.834679 1.106773 0.374945 -0.047208 -0.147675 -0.785364 -1.383613 -2.007733 -1.525727 -1.659148 -0.634000 0.241971 -0.625319 -0.674745 -0.170088 0.554685 -0.055476 
192837465
11
0.682201 0.057354 -0.392150 0.815793 1.303508 1.753987 0.870557 2.106083 0.811910 1.191952 0.324796 0.195579 0.729594 0.424533 0.445884 -0.184009 0.152936 0.040241 -0.725521 -0.260786 -0.658364 -0.722770 -0.917532 -0.163343 0.209395 1.903265 1.820729 1.206973 1.369868 1.392337 1.367369 1.427583 0.712915 1.115352 1.634217 0.782886 0.312285 -0.414712 -0.644476 -0.478437 -0.624017 -1.875654 -2.229063 -1.535246 -1.330960 -1.187950 -0.964849 -2.225674 -1.459181 -1.598323 -0.976704 -0.829425 -1.308568 -0.893820 -0.629495 -0.636310 0.191585 0.564874 0.123703 -0.837459 -1.035423 -0.876590 -1.434068 -0.688068 -0.622800 0.562057 0.979038 1.054830 1.492316 1.387228 1.620470 1.750261 1.242465 0.370634 0.343634 0.319706 0.886461 1.031906 0.711014 0.785650 -0.085022 0.406379 -0.298233 -0.502869 -0.551013 -1.483953 -0.864099 -0.528337 -0.426757 0.055053 0.434098 0.097638 0.043006 -0.075714 0.840355 0.293500 0.113537 0.611929 0.390392 0.861054 1.089697 1.771524 0.865629 1.018569 1.616333 0.749594 -0.240688 -0.388059 -1.003736 -0.716660 -1.077378 -0.914059 -0.635178 -0.595645 -0.052392 -0.122744 -0.242616 -0.768907 -1.212770 -0.899428 
192837465
12
-0.282008 -0.029869 -0.286427 -0.060809 0.763323 0.921317 1.646399 1.667243 1.659687 1.091056 0.890971 0.757383 0.120707 -0.013125 0.048345 -0.041056 0.376886 0.586118 0.034674 0.343542 -0.717900 -1.178730 -1.075025 -1.310404 -0.389961 0.499206 0.877804 0.944231 2.135864 1.612132 2.058092 2.131555 1.541465 2.276431 2.168335 1.314713 1.301749 -0.069660 -0.918281 -1.467410 -1.177825 -1.245295 -1.530625 -1.452451 -1.776319 -1.524749 -1.326258 -2.290765 -2.115793 -1.985507 -0.554663 -0.228384 -0.496572 -0.736455 0.232485 0.004473 -0.504341 -0.660816 -1.456825 -0.998691 -1.181752 -0.290535 -0.387524 0.116010 0.106713 0.505263 1.450570 1.753160 2.366172 2.036400 1.826818 2.177693 1.388937 0.823815 0.248798 0.060923 0.375404 1.009082 0.660719 0.294256 0.108946 -0.521623 -0.202119 -1.099344 -0.574757 -0.316515 -0.346056 -0.005124 -0.507820 -0.680967 0.473798 0.349928 0.084320 0.533187 1.298792 1.636470 2.197337 1.306778 1.409770 1.467252 1.283655 1.262948 1.495207 1.204975 0.923382 0.542553 -0.319622 -0.056823 -0.704138 -1.125654 -0.585435 -0.890340 -0.047581 -0.088404 -0.144748 -0.064636 0.057628 -0.357059 -0.647446 0.036553 
192837465
13
0.065934 0.014670 -0.152692 0.651282 1.491782 1.823224 2.125833 2.666774 2.940336 2.715912 2.299002 0.995508 -0.092374 -0.021072 -0.007721 -0.177940 -0.409483 -0.321176 -0.052683 0.106176 -0.275792 -0.798292 -0.203580 -0.893265 -0.838389 -0.953470 -0.466940 0.281074 0.378918 0.947218 1.061232 0.795662 2.175823 2.580877 2.150627 1.656119 1.230619 0.838425 -0.089552 -0.657804 -1.256261 -2.080536 -1.935525 -2.373842 -2.549509 -2.481823 -3.146206 -2.730715 -3.283760 -2.159693 -1.573487 -1.195140 -0.963685 -0.902780 -0.739489 -0.068537 -0.818247 -0.734073 -0.956604 -1.394245 -1.192612 -1.317330 -0.281608 0.136479 0.351175 0.917238 1.464927 1.931797 2.079041 1.359811 1.045429 1.263583 1.328022 2.127752 1.070475 0.959910 0.877490 0.666261 0.622800 0.461491 0.337166 0.168880 0.686687 0.390803 0.020911 0.032511 -0.341854 -0.524903 -0.522531 -0.098043 0.081936 0.537104 1.189475 1.794286 1.893775 3.016089 2.507806 2.766022 1.620951 0.758932 0.244216 -0.642308 -0.172969 -0.009780 -0.437152 -0.199365 -0.027400 -0.667871 0.242286 0.938004 1.102049 1.252177 0.425273 0.680932 0.607412 1.046258 0.787186 0.227384 0.491572 1.537062 
192837465
14
0.878195 0.435840 0.134498 0.931120 1.290752 1.582845 2.047148 3.272379 2.855603 2.557792 1.009111 0.997117 0.067567 0.734847 0.800807 0.286012 -0.130514 -0.137832 -0.125600 -0.550915 -0.365622 -1.101396 -0.894833 -1.336992 -1.396752 -0.642844 -0.852878 -0.523452 0.070609 0.277462 1.070948 0.951132 1.141603 1.933599 1.682710 1.873396 1.039683 0.989109 -0.154127 -0.799019 -0.222905 -1.039417 -1.596947 -1.596954 -1.973528 -2.348726 -2.610516 -2.040947 -3.050246 -2.587938 -1.910901 -1.118824 -1.123680 -0.798754 -0.334916 -0.423210 -0.861635 -0.678080 -0.978251 -1.466213 -0.802668 -0.403115 -0.168092 0.620013 1.425909 1.398101 1.041352 0.634242 0.446960 2.016424 2.099154 1.681597 1.606190 1.843163 2.169769 2.240713 1.757116 1.294628 0.972700 0.296179 0.341424 0.301443 0.495153 0.735195 0.837939 1.143014 0.718710 -0.191632 -0.382498 -1.244234 -0.638159 -0.396024 0.224909 0.616242 1.253481 1.580104 1.979555 1.122413 1.420825 1.998274 1.283176 0.269345 -0.313277 -0.180014 -0.399275 -0.079157 0.107115 0.886929 0.702211 0.873138 1.701796 1.490274 0.796352 0.001066 -0.160736 -0.184857 -0.288520 -0.462182 0.494484 0.599755 
192837465
15
1.899383 1.445746 0.837102 1.483491 1.675588 1.652371 1.388642 1.623160 1.709348 0.774016 1.391805 0.772309 0.480717 0.068590 0.099181 0.504255 -0.552935 -0.890406 0.093517 -0.058165 -0.697644 -0.682033 -0.846099 -0.579613 -0.809984 -1.612341 -1.777283 -0.778786 -0.205775 -0.063105 0.199884 1.754667 1.414834 1.365184 1.454350 1.915415 1.267695 0.937111 0.159576 -0.290820 0.280213 0.231234 -1.212181 -1.835819 -2.545013 -2.615489 -1.970966 -2.739624 -2.025744 -1.223458 -0.840105 -0.450985 -0.276382 -1.006197 0.149342 -0.099263 -0.401226 -0.057573 -0.304350 0.105480 0.603408 0.781868 1.220981 1.632334 1.122983 1.311148 1.673294 1.419183 1.544327 1.756697 1.609509 1.422854 2.147940 1.643716 1.446362 1.371661 1.092931 1.145029 0.145705 0.972551 0.579274 0.556596 0.409648 0.928197 0.698933 0.468283 0.103598 -0.281981 -0.673551 -0.687817 -0.513083 0.266111 0.195625 0.427065 1.095852 1.516790 1.583382 1.512098 0.779390 0.662963 1.351711 1.391216 0.667928 0.545927 1.267876 1.106167 1.144810 0.964125 0.977669 0.806083 1.275647 0.414058 0.612659 -0.104461 -0.268035 0.163546 -0.438383 -0.381080 -0.443936 -0.529049 
192837465
