1200.000000
160.000000
120
16
1
0.500000
2
2
0
-0.983957 -1.294854 -1.637306 -0.604944 -0.666603 -1.462630 -1.415928 -0.677435 -0.593174 -1.362765 -1.065882 -0.986356 -0.162247 0.304588 0.314961 0.596001 -0.158207 -0.551466 -0.891327 -0.545137 0.144173 -0.057551 -0.632871 -1.372721 -0.647564 -0.070658 -0.134568 0.156821 -0.059463 -0.183307 -0.411006 0.277144 0.004079 0.217101 -0.308223 -0.004326 -0.502773 -1.043254 -0.746093 -0.871284 -0.800504 -0.732580 -0.685458 -0.247889 0.006848 -0.535228 -1.204834 -0.435332 -0.236860 -0.455776 -0.084718 -1.328467 -1.022634 -0.312262 0.081528 1.171420 1.012932 1.484070 0.911046 1.076481 0.571155 0.976046 1.635256 1.495556 2.023202 2.223345 2.667068 2.184907 2.193965 2.184173 0.801605 -0.202358 -0.336754 -0.363922 0.529097 0.503643 0.059280 0.275724 1.206185 1.656985 2.228804 1.557582 2.152679 2.612604 2.579437 2.237044 1.778950 1.791683 1.658754 0.706991 1.904625 2.106481 1.437206 1.502414 0.874067 1.084899 0.531433 0.403164 0.746066 1.327389 1.600208 1.883524 2.217054 1.945640 1.909211 2.044641 1.554497 2.101433 2.022245 1.525623 0.438754 -0.132902 -0.243770 -0.602744 -0.998845 -1.713450 -2.269459 -1.770170 -2.680403 -1.877458 
192837465
1
0.438584 0.232221 0.200474 -0.295061 -0.277514 -0.940006 -1.336683 -1.186323 -0.346702 -1.293311 -1.105625 -0.714571 0.256405 -0.118398 -0.662351 -0.921024 0.213323 0.150566 0.804285 0.500094 0.318995 0.055654 -0.628769 -0.620898 -0.657527 0.230593 0.227654 -0.116187 0.393802 -0.114877 -0.293506 0.297606 -0.010723 -0.368810 -0.577617 -0.708546 0.486360 0.078217 -0.417697 -0.621637 -1.376108 -0.784242 -0.616919 -0.982617 -0.318287 -0.241895 0.007454 -0.033623 0.466521 0.553741 -0.044234 -0.964727 0.384689 0.316811 0.156207 0.859680 1.360519 1.006691 0.845768 1.459801 0.801557 1.164783 1.123514 1.205385 1.168245 1.278650 1.350879 1.692654 1.405785 0.740451 0.454150 0.612072 0.325498 0.619647 1.063017 0.948139 1.682959 2.019574 2.098263 2.338027 2.113640 1.707767 2.242767 1.943324 1.521829 1.394044 1.230167 1.064827 1.570952 0.930263 1.381655 1.450063 1.144066 0.867863 0.200081 -0.320311 0.289080 0.144905 0.361364 0.571648 1.225943 1.060236 0.787120 1.284009 1.813742 2.151672 0.697712 0.438678 0.411495 0.758558 0.625691 -0.384048 -0.738456 -0.572471 -1.534011 0.056009 -1.049328 -1.118510 -1.093441 -1.308767 
192837465
2
0.222794 1.475438 0.954725 0.755408 0.445807 1.054516 0.472225 -0.050940 -0.171368 -0.422263 -0.604349 0.111307 -0.562006 -0.271025 0.200367 0.631563 0.192945 -0.961353 -0.232508 0.368185 -0.061204 -0.275380 -0.569578 -0.239866 0.222396 0.112662 0.062210 -0.315208 -0.075561 -0.316251 0.477428 -0.371118 -0.087053 0.552211 0.088207 0.008473 0.129934 -0.021211 -0.224943 -0.666016 -1.129633 -1.237460 -0.793265 -0.094332 -0.945743 -0.914604 -0.070743 0.025696 0.334799 -0.048859 0.082529 -0.174021 -0.206114 -0.931488 -0.755145 0.133493 1.103792 0.842652 0.702554 0.371146 0.226833 0.727973 0.554038 1.307163 1.386597 1.234008 1.587689 2.072641 0.997178 1.126410 0.544905 0.369165 1.285139 0.975707 1.604271 1.512913 1.856804 1.627466 1.373147 1.731195 1.943946 1.410784 1.490279 1.466288 0.891027 1.113751 1.428249 1.855089 2.053919 1.680146 0.948802 1.398627 0.712630 1.449183 0.394403 -0.101034 -0.346279 -0.144248 0.787127 0.753312 1.784105 1.325975 0.261776 0.466905 0.630248 1.405090 1.294352 0.992943 0.797938 0.459503 0.134039 -0.779861 -0.951730 -1.735120 -1.769477 -0.677498 -0.456136 -0.250421 -0.897374 -1.322237 
192837465
3
0.691247 1.335763 2.014742 1.547302 1.190075 0.408715 0.673215 0.275953 -0.559779 -0.537632 -0.022896 -0.502876 -1.089929 -0.794080 -0.386113 -0.289916 -0.034845 -0.176421 -0.353913 0.138475 -0.095003 -0.740919 -0.688498 -1.563599 -1.134678 -0.555517 -0.798799 -1.080824 -0.905682 -0.857789 -1.111057 -1.199614 -0.651241 0.580965 -0.401233 -0.277394 -0.295907 -0.700850 -0.067866 -0.352934 0.025545 -0.832651 -0.431570 -0.386762 0.552043 0.778327 0.069432 0.751626 0.761122 0.195995 0.575582 -0.150365 0.498445 0.268572 -0.551890 0.267459 0.143422 0.084795 0.021103 0.165514 0.193039 0.735808 0.966471 1.429558 0.197664 -0.068868 0.080085 0.279466 0.123866 0.529101 0.071648 0.267783 0.986253 0.846705 0.946075 1.069678 1.436631 1.811658 1.227237 1.266263 0.828079 1.149613 0.856410 1.193815 1.305740 1.876043 1.955608 1.879939 1.870345 1.407973 0.948763 0.251069 0.354446 1.579423 0.796189 0.095656 0.121465 -0.336086 -0.046895 1.556255 0.199187 -0.162528 0.526272 0.841655 1.513846 1.256574 -0.060036 0.225708 1.034613 0.402593 -0.778008 -1.173132 -0.423141 -0.951608 -1.290448 -0.962704 -1.195784 -0.683622 -1.267112 -0.619829 
192837465
4
-0.897398 0.127824 1.579832 1.721186 0.238439 0.343186 -0.449220 -0.767796 -1.119816 -0.856402 -0.704189 -0.597716 -0.560771 -0.431046 -0.414542 -0.625940 0.305788 0.740443 1.440039 0.691712 0.870480 -0.071584 -0.999622 -0.142778 -1.052086 -1.143230 -0.869929 -1.680342 -1.906665 -1.506374 -1.499785 -2.051647 -1.603167 -0.966626 -0.183935 -0.203049 -0.290642 0.354278 0.956240 0.346209 0.528905 0.347340 0.343465 -0.445397 -0.127750 0.696324 0.854921 1.302294 1.858808 1.174443 0.110360 0.365721 0.634041 0.551183 1.027267 0.200368 1.350132 0.838027 -0.035715 -0.222574 0.777543 0.459707 -0.170762 -0.572876 -0.571380 -0.240161 0.234600 0.081574 -0.169568 0.092233 0.527924 0.978496 0.690363 1.593234 2.693119 0.869892 0.242585 0.250125 0.468392 0.883613 1.855685 1.242576 1.197831 1.657363 1.468524 1.595688 1.490448 0.764401 0.907960 1.591241 1.617911 2.414773 2.275132 1.125941 1.054890 0.653364 0.575257 0.990241 1.154572 0.689055 0.762594 -0.058947 1.089489 0.945561 0.011922 0.366181 0.121173 0.355905 -0.870087 -1.898432 -1.697985 -1.008397 -0.163890 -0.684612 0.129446 0.004910 0.178954 -0.245156 -0.546855 -0.603548 
192837465
5
0.369901 -0.268428 -0.113531 0.641374 0.590789 -0.038237 0.005640 0.195394 -1.181591 -1.733580 -1.353840 -2.030088 -0.193711 -0.554505 -0.483780 -0.843396 -0.396108 0.444808 1.013842 1.625403 0.666844 -0.363888 -0.371836 -0.280437 -0.667782 -1.818093 -1.759262 -1.758291 -2.472839 -2.743355 -2.296757 -1.159150 -1.715403 -0.589146 -0.469196 -0.646635 -0.536992 -0.192037 0.047807 1.410752 1.617524 2.049603 1.433556 1.358479 1.047042 1.091467 -0.051806 0.320075 0.923515 0.068710 0.903844 0.650355 0.437310 0.722902 0.810118 0.757883 0.693661 0.089905 0.528067 0.133424 -1.850859 -1.271309 -1.121758 -0.845181 -1.492511 -1.276259 -0.852829 -0.573167 -0.626569 -0.891139 -0.039461 0.017200 -0.481234 -0.086161 0.371878 0.477191 0.253169 -0.152179 0.223456 0.532819 0.763339 0.485625 0.449762 0.742074 0.599509 -0.136123 0.004089 0.620420 1.155608 1.899476 1.014318 1.089428 0.312311 0.161494 0.575439 0.282177 0.172382 0.622138 0.202692 -0.116530 -0.379860 -0.212296 -0.158188 0.297170 0.606181 0.063182 -0.158351 -1.166773 -0.795138 -0.369854 -0.893889 -0.524919 -0.435567 -0.236451 0.052664 -0.279176 0.251610 -0.832571 -1.283613 -1.162367 
192837465
6
-0.021237 0.174351 -0.382616 -0.399945 -0.724910 0.030665 -0.835876 -0.692317 -1.363384 -1.921419 -1.689914 -1.445238 -1.063715 -0.565936 -0.347037 -0.987420 -0.951615 -0.413951 -0.315570 -0.059892 0.609604 0.259685 -0.465239 -0.210564 -0.776661 -1.911817 -1.648033 -1.916612 -2.079195 -1.816039 -1.210611 -0.941195 -0.419674 -0.215686 -0.781557 -0.579546 -0.466296 -0.590956 0.131163 0.164686 0.437416 1.095769 1.466216 1.544846 2.031522 0.438381 -0.169500 0.300678 0.618620 0.867972 -0.236662 -0.397997 -0.533101 -0.248441 -0.411069 0.327291 -0.260137 -0.159600 0.347684 0.309911 -0.706686 -0.799513 -0.596916 -1.514236 -1.576855 -1.585230 -1.610664 -0.583470 -0.098458 -0.491621 0.171357 0.085519 0.339834 0.324626 0.142504 -0.221309 -0.814244 -0.036553 -0.311294 -0.526278 -0.717343 -0.361928 -0.204320 -0.862428 -0.785906 -0.336706 0.225683 1.135145 1.119030 0.778134 1.094058 0.518958 0.374542 -0.983918 -0.341638 -0.291035 -0.505835 -0.559932 -0.646845 0.459105 0.049689 -0.027349 -0.652355 0.142966 0.988247 0.975902 0.276121 -0.544766 0.037380 -0.293439 -0.520428 -0.920176 0.234656 0.229805 -0.482995 -0.018410 0.198200 0.093213 -0.262998 0.548192 
192837465
7
-1.396686 -0.971510 -0.669736 -0.118372 -0.487563 -0.270591 -0.246291 0.098058 -1.015371 -1.810079 -1.246231 -0.950597 0.051112 -0.609392 -1.064218 -0.316451 0.240032 0.012993 0.352851 0.871294 0.894992 -0.000986 0.663219 0.289385 -0.489784 -0.958122 -1.071575 -1.012545 -0.084608 0.176127 -0.265070 0.376686 0.044518 0.078126 0.220278 -0.312601 -0.699673 -0.046875 0.901595 1.333089 1.440221 1.866323 2.305579 1.987778 1.653805 1.517252 0.364308 1.226573 0.185114 -0.465575 -0.765435 -0.617087 -0.992235 -1.890795 -1.633009 -1.998530 -1.251715 -1.320971 -1.213844 -0.603777 -0.861101 -0.648641 -0.950415 -0.540082 -1.536570 -2.114772 -1.480799 -0.834935 -0.661549 -0.936245 0.244144 0.260103 0.210344 1.136988 0.077944 -1.220489 -1.611222 -1.874934 -1.656863 -0.986251 -1.131524 -1.097868 -0.958002 -0.786011 0.418886 0.909676 1.414883 2.137363 1.770475 0.716480 0.188565 1.127170 0.710889 -1.020570 -0.869606 -0.892637 -0.392082 -0.727024 -0.660763 -0.463558 -0.019904 0.058940 -0.336590 0.267908 0.433127 0.268444 -0.353875 -0.213515 -0.663807 -0.428184 -1.060903 -0.335356 0.273716 0.463662 0.569670 0.632122 0.571222 0.494196 0.862204 1.583134 
192837465
8
-1.596315 -0.508033 -0.189080 0.259007 -0.176184 0.195460 0.045908 -0.582140 -0.459453 -0.282370 -0.973327 -1.512852 -0.799171 -0.537297 -0.692204 -0.123173 0.157947 0.162191 0.005927 0.348968 0.995979 0.238885 0.259588 0.072917 0.056796 -0.475498 -0.052246 -0.274751 0.299282 0.692711 0.331643 0.985392 0.375833 -0.172677 -0.143273 0.230953 0.019547 0.581976 1.935794 1.872862 2.111553 2.026463 2.825502 2.639211 2.255183 2.113116 1.962421 2.250813 1.222615 0.848521 0.223788 0.263821 -1.325083 -1.689845 -2.194787 -1.875247 -1.727016 -0.291772 -1.090188 -0.926771 -1.139685 -1.135826 -1.223287 -1.362195 -1.053337 -1.918616 -0.647468 -0.179949 0.235854 0.538311 -0.155503 0.022529 -0.266786 -0.519662 -1.246880 -1.358833 -1.305405 -1.254202 -1.530440 -1.248629 -1.522006 -0.337302 -0.918386 -0.623031 0.352797 0.667065 0.657357 1.009413 1.218405 1.566058 0.680340 0.275400 -0.362404 -0.741180 -1.220359 -1.393190 -1.308923 -1.915062 -1.870926 -1.043511 -1.606699 -0.499421 -0.910922 -0.110492 -0.333418 -0.709410 -0.120005 -1.244097 -0.694850 -0.126383 0.737124 0.974566 0.599831 0.963670 1.184719 1.710800 1.637774 2.240456 1.581629 1.469054 
192837465
9
-0.783016 -0.683291 -1.155841 -0.565431 -0.282902 -0.024509 -1.008681 -0.823552 -0.767049 -0.423811 -0.987082 -0.249647 0.761672 0.458306 0.700228 0.302473 0.770623 0.814512 0.582823 0.082033 0.111994 -0.251635 0.435935 0.282011 0.323481 -0.234308 -0.355130 -0.231458 -0.421585 0.099349 -0.190912 0.364205 1.171994 0.631488 0.789210 0.753217 0.533553 0.906667 1.614241 1.664516 1.907124 2.243002 1.626687 1.937279 2.423798 2.684961 2.230832 2.126383 1.650388 1.258087 0.981804 0.647538 0.271201 0.707739 -0.308790 -1.534296 -1.495472 -1.794609 -1.160583 -1.794583 -1.184310 -1.748095 -1.685663 -1.865442 -1.079353 -1.728074 -2.021945 -0.884438 -0.180310 -1.002371 -0.435104 -0.700707 -1.609562 -1.775211 -1.829144 -1.388216 -1.673884 -1.451085 -0.890515 -1.045212 -1.625789 -1.064094 -0.629421 -0.468146 -1.237160 -0.059589 0.242908 0.235132 0.475710 0.091869 0.451046 0.415387 -0.170449 -0.106941 -0.931166 -1.936069 -1.569747 -2.076882 -1.472053 -1.823842 -2.174711 -1.241165 -1.428317 -1.015967 -1.563472 -0.703381 -0.825760 -1.376086 0.070348 0.370861 0.888710 1.610707 2.573537 2.377123 2.769041 2.070365 1.409259 1.255347 0.730212 1.191170 
192837465
10
-1.917439 -1.163068 -1.564408 -0.727611 -0.431843 -0.152812 -0.420568 -0.611431 -0.510425 -0.439235 -0.150089 0.987451 1.335573 1.453841 1.369038 0.676596 0.175633 0.339144 0.047417 0.088646 0.440835 0.761457 0.698024 0.322525 0.438133 -0.511807 -1.227642 -0.941295 -0.697797 -0.202997 0.301846 -0.085426 0.703692 0.195405 -0.143579 -0.625272 0.404545 0.116521 -0.014352 1.306530 1.532438 1.466092 2.019605 2.134722 2.149064 2.545424 1.922026 1.824525 0.867384 0.055537 0.822955 0.996828 0.559863 0.159513 -0.151924 -0.697893 -0.666446 0.110366 -0.102837 -0.796907 -0.938948 -0.973218 -1.643918 -1.792611 -2.208237 -1.735722 -1.324824 -0.874043 -0.310810 -1.034070 -0.796119 -0.645964 -1.057865 -1.109121 -1.127942 -0.941236 -0.867969 -1.349583 -1.286804 -1.262359 -1.727065 -0.788492 -0.675424 -0.658145 -0.178451 -0.127392 -0.244806 0.119391 -0.100857 -0.423169 -0.488316 -0.394329 -1.414834 -1.507382 -1.725985 -1.063723 -1.324992 -1.369460 -1.481634 -1.160477 -2.164151 -1.327121 -2.003868 -1.731268 -1.354965 -1.799076 -2.508385 -0.733408 -1.024678 0.158071 0.712223 1.145283 1.846702 1.905644 1.036200 0.604759 -0.278295 0.078525 0.129072 0.300462 
192837465
11
-0.807540 -1.060135 -0.851056 -0.662575 0.136907 0.749457 0.529873 0.140843 -0.388039 -0.544965 0.064891 0.648391 1.607042 2.138553 1.932800 1.223149 1.021197 1.052643 0.755816 0.934490 0.896995 0.563613 1.035949 0.255482 -0.190892 -0.730641 -0.700255 -0.782453 -0.038147 -0.571643 0.309442 0.691808 0.907101 1.399824 0.834823 0.999954 0.911292 1.139851 0.147181 0.256235 0.447267 1.250354 1.602805 1.954802 2.650247 1.547157 1.476241 0.900875 0.697453 1.272361 1.869901 1.397838 0.369183 0.110547 -0.424507 -0.143436 0.232816 0.453508 0.016026 0.691837 -0.614574 -0.240891 -0.590446 -2.118059 -1.938692 -2.155655 -1.987248 -1.912466 -1.314542 -1.080945 -1.185829 -2.051485 -1.549643 -0.979928 -0.668985 -0.824630 -0.625800 -0.210206 0.101822 -0.549077 -1.243307 -1.013283 -1.808238 -1.193343 -1.096935 -0.534196 -0.360902 -0.010540 0.052276 -0.294527 0.310229 0.053457 -1.089066 -1.242409 -0.950411 -1.064400 -2.063621 -1.843003 -1.466519 -1.283447 -1.524710 -0.752881 -1.047710 -2.086097 -2.769035 -2.480359 -1.800743 -1.825800 -0.988161 -0.382644 0.427517 -0.274810 0.527319 0.583646 0.001223 -0.543095 -0.972504 -1.063695 -1.050446 -1.396493 
192837465
12
0.073966 0.274329 0.263364 -0.436525 0.402785 0.140130 0.268281 -0.214422 -0.362381 0.084670 0.811973 0.936842 0.904106 0.200254 0.150733 0.451916 0.915066 0.710645 -0.176211 -0.143672 -0.355678 0.655860 0.666349 0.598731 0.122199 0.416006 0.168401 1.039267 0.379936 0.549588 0.679011 0.052654 0.583534 0.910731 0.989043 0.540547 0.234296 -0.025194 0.277357 0.111985 0.233530 0.430451 0.852453 0.696581 0.810341 0.885335 1.117356 1.065347 1.039709 1.372372 1.253717 0.911290 1.257272 0.768735 0.971784 0.470679 0.813998 0.409363 0.345630 0.081507 -0.082163 0.023140 0.401404 -0.595134 -1.134190 -1.122021 -0.985135 -1.028533 0.231824 0.749853 0.428525 0.204342 0.326142 0.170918 0.262050 0.097849 0.309947 -0.181376 -0.509840 -0.274763 -0.671233 -1.349829 -1.409094 -1.544357 -0.598562 -0.036659 0.282260 0.280098 0.339960 -0.048503 -0.566610 -0.998896 -1.125041 -1.518715 -1.093132 -1.161374 -1.210021 -1.101078 -0.647959 -1.007649 -0.373411 -0.573233 -1.417760 -2.398787 -2.771044 -1.690546 -0.862399 -0.891041 -0.620445 -0.835105 -0.770648 -1.180737 -1.888538 -1.391275 -1.825428 -0.955675 -1.088745 -2.153130 -2.030668 -1.472445 
192837465
13
-0.911907 0.315080 0.637548 0.364975 0.867998 0.399193 1.004763 0.893782 0.229167 0.526442 -0.129613 -0.170313 0.191019 -0.508886 -0.947015 -0.093007 -0.108371 0.097471 0.006159 -0.581429 -0.637785 -0.154685 -0.173240 0.394401 -0.006567 0.565044 0.615731 1.014108 1.320687 1.935278 1.708568 1.107311 0.101572 -0.624277 0.157452 -0.620128 -0.516517 0.198465 0.397509 -0.103418 -0.281444 -0.529398 -0.727246 -0.511702 0.711126 0.601511 1.005519 1.194585 1.735517 1.613257 0.919003 0.911993 0.529474 0.401589 0.576741 0.468591 1.217343 1.979070 1.053884 0.094560 0.880023 0.638678 0.357050 0.479344 0.533025 -0.070519 -0.199741 -0.252971 -0.402082 0.245853 0.468050 0.146852 0.633161 -0.220516 0.541524 0.327711 0.344890 -0.937646 -0.061749 0.183074 -0.229759 -0.402018 -0.461002 -0.878671 -0.784403 -0.301501 0.492504 -0.689996 -0.807980 -0.363687 -0.473977 -0.906262 -1.443629 -1.508196 -2.261852 -1.241887 -2.057784 -1.413568 -1.059420 -0.916363 -0.861764 -0.975779 -0.848678 -1.873544 -1.332799 -1.347994 -1.488518 -0.862713 -1.206857 -1.524753 -1.999437 -1.826467 -1.119719 -1.000607 -1.199333 -1.704538 -0.790360 -1.219878 -1.286905 -2.165790 
192837465
14
-0.449560 -0.012022 0.250766 0.310681 1.233111 1.579319 1.212948 1.012186 1.230089 1.385981 0.765531 0.073725 -0.768557 -0.707748 -1.232362 0.615489 0.677155 1.206601 0.473505 -0.084266 -0.627363 0.172225 0.272441 0.220028 0.662289 0.902216 0.630008 -0.005631 0.331306 0.767229 0.731898 -0.131480 -0.182326 0.095735 -0.089756 -0.053286 -0.832507 -0.266000 -0.504878 -0.008291 0.477055 0.108393 -0.062974 -0.345473 -0.483332 0.973649 1.124283 0.487365 0.843387 1.883988 1.720652 0.781332 0.337994 0.268831 0.485491 1.466754 1.259685 0.900509 0.708054 0.130193 -0.264200 0.255367 0.366300 -0.675906 0.329393 0.051763 0.065350 0.433886 0.008786 -0.111100 -0.420199 0.824646 0.763027 0.484579 0.487994 1.162413 -0.281116 0.121178 0.256598 0.609144 0.348857 0.691143 0.099458 -0.852511 -0.551581 -0.706480 -1.178092 -0.557646 -1.729455 -1.596090 -0.755379 -1.372945 -1.550395 -2.015431 -2.325608 -1.908332 -1.521636 -1.907506 -1.830804 -1.122029 -0.840787 -0.776919 -0.688890 -0.814973 -0.478159 -1.404965 -0.859051 -0.628735 -1.202598 -0.510516 -1.051583 -1.034187 -0.546657 -0.120076 -0.695117 -0.436919 -0.395912 -0.675527 -0.953426 -1.034355 
192837465
15
-0.201733 -0.437249 0.472074 0.561741 0.522093 1.000373 0.211378 0.050632 0.677060 1.055826 1.003741 0.053675 -0.171252 -0.359254 0.326123 0.756185 0.758343 0.164318 0.430740 0.485190 0.695354 0.319280 0.414390 0.230344 0.716061 1.065178 0.357418 -0.260436 0.441086 0.711903 0.966395 0.142380 0.350822 -0.473219 -0.885296 0.204479 0.074496 0.585245 0.829538 0.078085 1.005560 0.266162 -0.614132 0.008470 0.614831 0.808598 1.285883 0.959069 0.380081 1.431665 1.511012 1.050814 0.478775 1.813786 0.639915 -0.020676 0.762959 0.987307 0.914316 1.059364 0.891698 0.127884 0.452750 0.098568 -0.448553 0.153556 0.541142 0.905126 -0.184756 -0.571297 -0.035447 0.666816 0.861608 -0.063221 0.139010 0.080817 0.300934 0.418407 0.241008 0.549402 0.135375 -0.537443 -0.402232 -0.877406 -1.173785 -1.226364 -0.747792 -1.087125 -1.367559 -2.164553 -1.209204 -1.430884 -2.033716 -2.466121 -2.143876 -1.685679 -1.042638 -1.569262 -1.867461 -1.822405 -0.962867 -0.656576 -1.137907 -0.912776 -1.250071 -0.626840 -1.527291 -1.275575 -1.156419 -0.904270 -0.825236 -1.526349 -0.834043 -0.192237 -0.359744 -1.146383 -0.479607 0.071299 0.199480 -0.066697 
192837465
