1200.000000
160.000000
120
16
1
0.500000
2
2
0
-1.620898 -2.439358 -1.768518 -1.263848 -0.374207 -1.308628 -1.757728 -0.544502 -1.150115 -2.274737 -0.600874 -1.019868 -1.457712 -0.253945 -0.968236 -0.893671 -1.378673 -0.454646 -1.450234 -0.931197 -0.440025 -1.008259 -1.675645 -3.060159 -2.561330 -2.113183 -1.698043 -1.286559 -0.907789 -1.001225 -0.241052 -0.127807 0.643440 -0.418568 -1.108178 -1.407183 -1.245083 -0.846923 0.553611 0.228234 -0.971359 -1.932290 -2.041684 -2.137005 -1.886104 -1.479820 -0.186741 -0.181615 0.555100 -0.166221 0.934897 1.249854 0.703132 -0.000697 -0.389050 -0.967842 -0.886770 -0.454345 0.068964 -0.569293 0.513666 0.284531 -0.286073 -0.348781 -1.353183 -0.369593 0.532432 0.042821 -0.300686 -0.656117 -0.336229 -0.956452 -0.462857 0.601103 0.174101 -0.736895 -0.774894 -0.221944 -0.702079 -0.131530 -1.098633 -0.479360 -0.294471 0.064249 -1.136659 -1.942875 -1.365316 -1.946442 -1.814655 -0.838378 -0.482096 -1.112896 -1.034949 -0.857494 -1.030608 -1.963650 -1.845110 -1.083199 -0.407696 0.237567 -1.059978 -0.484807 -1.059168 0.106286 -0.221759 -0.868090 -1.355151 -1.291000 -1.538877 -0.918122 0.347563 -0.605797 -0.994867 -1.246982 -1.749935 -0.817317 -0.214587 -0.624619 -1.096059 -0.728884 
192837465
1
-0.919616 -1.726604 -1.730376 -0.809626 -1.183920 -0.651917 -0.726428 -1.370100 -0.629864 -1.018024 -0.624974 -0.328890 -0.505081 0.194064 0.407487 -0.811271 -1.172106 -1.268127 -0.782594 -1.541788 -1.275099 -1.072304 -1.493075 -1.552290 -0.613144 -1.649401 -0.483434 -0.356118 -0.856456 -0.917269 -0.622317 0.069754 -0.543889 -0.641258 -0.705948 -1.153941 -0.544468 -0.334857 -1.017076 -1.045110 -1.341166 -0.890643 -1.875156 -1.737999 -1.442035 -1.365281 -0.601669 1.366355 0.850162 0.739136 0.655647 1.289273 1.134471 0.939569 -0.138276 -0.607254 0.036580 -0.352092 0.091557 0.077391 0.432840 0.917931 1.060205 0.865148 0.171622 0.676987 0.124203 0.568788 0.516651 -0.045226 0.302961 0.004494 0.500534 0.356675 0.943731 -0.174239 -0.296771 -0.105938 -0.000749 -0.200309 -1.069137 -0.865598 -1.431031 -0.415506 -0.775671 -0.405035 -2.299288 -2.210571 -1.290613 0.155107 -0.069497 -0.011674 -0.995401 -0.700764 0.090509 -0.904544 -1.054112 0.097866 0.532082 -0.458423 -0.155479 -0.423450 -1.895184 -1.737360 -1.729187 -0.942699 -1.134398 -2.243446 -2.473782 -1.860180 -0.912432 -1.124580 -0.175208 -0.243662 0.439891 0.482240 0.750288 -0.114319 -0.191966 -0.254815 
192837465
2
-0.474271 -1.315600 -1.155473 -1.457061 -0.683358 -0.243186 -1.131181 -0.773297 -1.342602 -1.291347 -0.406307 -0.793852 0.018087 1.161616 1.222156 0.158549 -1.445074 -1.249731 -1.500519 -1.760649 -0.567367 -0.060809 0.548939 0.040524 -0.609492 -0.775372 -0.920574 -0.861376 0.112768 -0.003121 0.429658 -0.633323 0.243709 0.790653 0.071534 -0.027027 0.374078 -0.245565 -1.121881 -1.081536 -0.415985 -1.650324 -1.677814 -1.617082 -0.551257 -0.316229 0.727502 0.018249 0.972195 0.332396 0.486465 0.834584 0.738952 0.740145 0.020785 -0.906802 0.252622 0.526839 -0.059567 0.292278 0.257134 1.157524 1.145617 0.989002 0.675733 -0.002757 1.033637 1.192880 0.825691 0.995473 0.455178 0.733531 1.825134 1.936678 0.888096 1.218856 1.842223 1.407718 0.168821 1.345334 -0.185796 0.228604 0.683029 -0.056357 -0.229321 -0.580290 -0.422111 -0.637232 -0.419912 -0.188995 0.814173 0.202980 0.699998 0.045851 0.702554 0.061308 0.925381 1.422190 1.352644 0.448961 0.671732 0.403543 -1.117480 -2.620369 -1.985314 -1.996972 -1.633313 -2.536622 -0.874399 -0.780656 -0.477651 0.911098 -0.189874 0.227937 0.785175 0.083551 -0.018564 0.421375 -0.394840 0.569647 
192837465
3
-0.635642 0.848362 0.426871 -0.262673 -0.142439 -1.676099 -1.837802 -1.210054 -1.301723 -1.060670 -0.235546 -0.160695 0.207421 0.205133 -0.619473 -0.959295 -0.809741 -0.776521 -0.636980 -0.302008 0.227739 0.619789 0.928148 1.082813 -0.125717 -0.025932 0.822756 1.323436 0.537141 1.008495 0.728365 0.236926 0.806598 0.786860 -0.323392 -0.888947 0.122731 -0.349971 -0.247502 -0.635671 0.061447 0.389912 0.280304 -0.365931 -0.177335 -1.395413 -0.055312 0.038502 0.173429 0.921255 0.309233 0.440187 0.900122 0.159953 0.480601 1.142507 1.297846 1.158278 0.785133 0.709800 0.491243 0.721773 0.766489 1.611666 1.084330 0.772911 1.170388 1.286368 0.845122 1.627935 1.376202 1.646291 1.384925 1.717175 1.212231 2.243301 2.317849 1.457246 1.142216 1.293682 1.355173 0.652158 -0.318523 0.721865 0.245154 0.395333 0.174474 -0.276921 -0.432377 0.767581 0.418332 0.363828 0.885667 0.985001 1.028661 0.785075 0.682914 1.246703 0.426773 0.526982 0.289926 0.601800 -0.906513 -0.621625 -1.181278 -0.498678 -1.909085 -1.120405 -1.637480 -0.878056 0.475710 0.255372 -0.386683 0.303385 1.830675 -0.258824 0.126881 0.923816 0.453151 0.577236 
192837465
4
-0.616284 -0.064235 -0.512187 -0.737644 -1.674957 -1.089066 -1.532338 -1.607647 -1.458251 -1.166160 -0.619081 0.140677 -0.618662 -0.884690 -0.292699 -0.864728 -0.634061 -0.347163 0.586446 0.842516 0.786095 1.115665 1.812040 1.615901 1.191710 1.261995 1.609043 2.477539 2.402911 2.103980 2.351934 1.538654 1.416948 0.366539 -0.573556 -1.228434 0.338220 0.245569 -0.839447 -0.823092 -0.293016 -1.612185 -1.943932 -1.225741 -0.446143 -0.390693 -0.473101 -0.569766 -0.184335 -0.360207 -0.517321 0.455487 -0.317019 0.657153 0.650102 1.526970 1.466880 0.779557 1.343074 1.504436 0.767706 0.544578 0.701802 0.194319 -0.211195 0.890463 1.184741 1.686176 2.098156 1.720808 0.912287 1.405004 1.305964 1.191628 1.541930 1.838907 1.707232 0.606172 1.405388 1.351368 0.137900 0.523447 0.944514 0.805555 0.232228 0.501980 -0.438425 -0.860260 -0.772590 -0.908042 -0.271489 0.217257 0.262456 1.021514 1.493352 1.414868 1.098665 1.023448 0.971958 0.104203 0.626590 0.512271 -0.735909 0.077367 -2.083008 -2.053984 -1.284422 -1.528570 -1.578494 -0.768782 -0.402993 -0.514147 -0.798772 -0.737294 -0.324863 0.068074 -0.116592 0.650357 1.466180 0.967175 
192837465
5
1.035955 0.968405 0.793610 0.305098 -1.186744 0.356429 -0.350130 -0.521610 -0.965196 -0.956719 -1.029012 -0.116521 -1.271453 -0.834942 -0.873319 -0.104703 0.756315 1.372981 1.746747 1.017944 1.002876 1.459605 0.529740 1.175404 1.722363 0.896333 1.615822 2.277719 1.871914 0.919474 0.824241 0.570680 -0.036625 0.426648 -0.148775 -0.420586 -0.136712 -0.366050 -0.725319 -1.276322 -0.638858 0.573087 -0.534584 -1.781430 -0.395269 -0.571292 -1.505471 -0.464795 -0.647757 -1.050569 -1.746121 -1.086379 -0.426694 0.213362 0.491299 0.165127 0.457867 0.153556 -0.081278 0.687100 -0.161399 0.411107 -0.454060 -0.248765 -0.815301 -0.343775 0.777826 1.595331 1.782838 1.983317 2.144411 1.152145 1.745765 0.444180 0.818389 1.487761 2.391733 1.235702 0.689669 1.135046 0.803502 1.499275 0.503937 0.830398 -0.394086 -0.215383 -1.095440 0.000167 0.390380 -0.028114 0.022202 0.688547 1.505423 0.282753 0.347657 -0.359399 0.176697 0.116024 0.451260 0.097125 1.370708 0.954891 -1.257150 -0.404725 -1.183737 -0.368974 -0.758524 -0.303980 -0.279926 -0.005033 -0.695051 -0.159225 -1.721755 -0.910019 -0.914209 -0.008834 1.189039 1.920399 1.524555 0.414476 
192837465
6
-0.007855 -1.030411 -1.193304 0.563632 -0.302371 -0.792936 -0.334105 -0.800641 -1.320294 -0.962185 -0.434861 -0.665918 -0.137827 0.831302 0.161962 0.569057 1.494413 1.950785 2.844764 2.449265 2.305081 1.987475 1.212852 -0.031612 -0.037418 0.927748 0.233596 0.346056 -0.011636 -0.218349 -0.709488 -0.833813 -0.576432 -0.961508 -0.640288 0.258639 0.255333 -1.191125 -1.899747 -0.561173 0.381337 0.096281 -0.239723 -0.630887 -0.066893 -0.407708 -0.271179 -0.610943 0.188686 -0.866307 -0.484869 -0.694158 -0.642561 -1.238710 -2.121033 -1.471502 0.049111 -0.170508 -0.423086 -0.402524 -0.560107 -0.778002 -0.744131 -0.589924 -0.978463 -0.696851 0.413757 0.951559 1.998906 1.828632 0.370989 0.871214 0.278943 -0.867323 -0.018551 -0.025426 0.356005 0.747477 1.295225 1.001562 0.436192 0.284532 1.585788 0.634890 0.211736 0.851127 1.665745 1.643296 1.260306 0.148560 0.583258 0.188202 0.084367 -0.240360 -0.866407 -0.199203 -0.635227 -0.974699 0.251015 -0.348110 -0.311476 -0.509197 0.772740 1.478417 1.765031 1.234277 1.363963 0.744611 0.753379 0.056662 0.038704 -0.440018 -0.172433 -0.116143 -0.469866 -0.316316 0.950644 -0.030489 1.032423 2.316933 
192837465
7
0.156417 -0.456731 0.295290 -1.068440 -0.937642 -0.664444 -1.281836 -0.696580 -1.219583 -0.877170 -0.950073 -1.360664 -0.161298 0.269869 0.871155 0.918220 1.432284 1.564988 1.360583 1.517626 1.711858 1.958039 1.108654 0.645080 1.058747 1.169763 0.943786 1.218834 0.142143 -0.108283 -1.691503 -2.209438 -1.949101 -1.210905 0.195769 -0.502593 -0.628479 -0.244430 -1.104705 -1.700885 -0.411938 0.613968 1.521891 1.329207 0.958726 0.523418 1.005404 -0.125289 1.543907 0.992122 0.808341 -0.601291 -1.022946 -0.721763 -0.881443 -1.629523 -0.215378 0.028839 -0.684688 -1.105385 -1.297037 -1.603020 -2.776426 -1.879683 -0.679344 -0.639759 -0.104608 -0.651702 -0.427749 0.297696 -0.123662 1.098032 1.316985 -0.485738 0.223090 1.406778 0.263704 -0.090401 -0.180783 -0.246154 -0.187420 0.812572 0.881767 0.448163 -0.261266 -0.138660 0.293200 -0.029209 -0.181515 -0.774074 0.095953 0.141894 -0.493343 -0.358369 0.346101 -0.133800 -0.857511 -0.130921 -0.117981 -2.126354 -1.283598 -1.113795 -0.929528 0.649922 1.342648 1.608233 1.763131 0.379705 -0.202933 0.399781 -0.233138 -0.099420 -0.080131 1.516338 1.885753 0.927812 0.850578 0.047700 0.770050 0.989739 
192837465
8
0.572974 0.464835 0.095655 0.065866 -0.578737 -1.199171 -1.431412 -1.453046 0.547965 0.501579 0.577909 -0.456740 0.161288 1.224934 1.203669 1.724719 2.089333 2.287246 2.496339 2.216444 2.355795 2.304272 0.463281 0.927357 0.726499 1.860803 0.299488 0.613927 -0.193895 -0.944135 -1.267705 -1.734273 -1.098238 -0.461368 0.205425 -1.013740 -0.957153 -1.343670 -0.705006 -1.374425 0.184837 0.338426 0.570494 1.996735 0.709866 1.706759 1.854778 0.788733 0.533932 -0.509662 0.127315 0.197898 -0.287619 -1.259458 -1.636927 -0.432589 -0.096785 0.139443 -1.571920 -2.277864 -1.352016 -1.149995 -0.570215 -0.684161 -0.651313 -0.758758 -0.956074 -1.027244 -0.119144 -0.676345 -0.667821 -0.063716 -1.149584 -0.209579 -0.081640 -0.087759 -0.126560 -0.682842 0.256922 1.666460 1.182492 0.946530 0.622767 -0.208189 -0.071791 0.906049 0.473985 0.488940 -0.148960 0.273139 -0.550568 -0.497860 -1.122827 -1.321771 -0.715591 -0.790507 -0.010841 0.024520 -1.786851 -2.318215 -1.354318 -0.677868 -0.783870 -1.155674 -0.233869 0.631034 0.618350 0.704396 0.455257 -0.216849 -0.165356 0.560670 1.354614 2.232434 1.684389 1.407294 1.162389 1.278105 1.381742 1.096176 
192837465
9
0.920660 1.230704 0.713544 -0.695545 -1.563531 -0.980349 -0.783365 -0.380451 -0.386543 -0.208000 0.439729 0.843458 0.885062 2.035212 2.320791 2.418938 2.841556 2.196427 1.357116 1.564069 1.884632 2.094334 1.883350 0.789492 0.689679 0.010038 -0.429063 -0.400093 -0.603363 -0.485130 -0.970688 -1.377625 -0.936901 -0.425479 -0.785213 -0.604327 -1.206664 -1.443310 -1.861728 -0.693670 0.448034 0.215716 0.835433 0.927085 0.544919 0.828715 0.821814 0.530809 -1.118229 -0.608914 -1.019325 0.243497 -0.798263 -0.298595 -0.955476 0.104712 -0.593116 -0.775186 -0.911409 -1.642168 -0.717689 -1.112376 -1.389858 -0.630261 -0.015839 -0.884510 -0.321660 0.203315 -1.456255 -0.588014 -0.325251 -2.121158 -2.078025 -1.486124 -1.020221 -0.215464 -0.796846 -0.089375 0.474914 2.227987 2.334704 1.530133 -0.108114 0.002886 0.147438 0.568857 0.215212 -0.593706 -0.508920 0.095130 -0.730099 -0.319153 -0.573208 -0.977507 -1.230073 -1.534304 -1.730241 -2.642458 -3.131695 -3.191220 -2.464177 -2.154652 -1.738434 -0.689252 0.462780 -0.720662 -0.780053 -0.851682 -0.460188 1.100266 0.766357 0.412684 0.945924 1.536714 0.963728 0.512698 -0.050189 0.699159 0.402344 0.994095 
192837465
10
-0.696976 -0.532876 -0.159647 -0.412129 -1.172660 -0.432467 0.431976 -0.121996 0.392252 0.793155 0.563023 0.083937 0.654786 1.217297 1.623788 2.767012 2.433089 2.549169 2.478031 2.111070 1.343952 0.860665 0.040342 1.143788 1.082896 0.241520 -0.293697 -0.129510 -0.687966 -0.711128 -0.413184 0.049871 -0.379046 0.272172 -1.377801 -1.145950 -1.372578 -1.112448 -0.034068 -1.021902 -0.122088 0.177406 0.675013 0.657013 0.876431 1.116853 0.498828 0.045309 0.568825 -0.136952 0.190435 -0.006667 -0.434485 -0.525366 -0.513207 1.116919 0.089181 -0.169337 -1.166254 -1.288328 -1.474769 -0.871346 -1.399377 -1.504895 -1.437801 -1.340006 -0.504542 -0.842603 0.108206 -0.574895 -1.557365 -1.828945 -2.005359 -1.459652 -0.436047 -0.399479 -0.455419 0.557961 0.214334 1.698085 1.189394 1.706902 0.637175 0.809940 -0.175736 -2.209737 -2.171639 -1.266825 -0.357108 -0.777890 -0.144537 0.155466 1.183851 0.403132 0.139991 -0.769476 -2.142216 -2.831279 -2.874007 -3.309851 -2.910620 -2.330667 -0.868828 -1.611738 -0.199382 -0.679660 -0.339386 0.652715 1.070191 0.499990 0.283399 0.032329 0.171650 0.078870 -0.029347 0.098214 -0.149764 0.581308 0.737610 0.418066 
192837465
11
0.499074 0.551187 0.677515 0.449073 0.170484 0.164442 0.427359 0.447123 0.534449 -0.001604 0.048091 0.679310 0.600169 1.796262 1.112775 2.413555 2.192450 2.236383 1.200750 0.302868 0.859494 -0.106128 0.079888 0.968797 0.915750 1.000293 0.498848 0.297086 0.782167 -0.354849 -0.176840 -0.164860 0.444104 0.081760 0.866959 0.607000 -0.384542 -0.154790 -0.282237 -0.195796 -0.003723 0.198919 0.478400 0.585927 1.227638 1.026880 0.292697 -0.356648 -0.163725 -0.273755 -0.268727 0.233876 0.250048 -0.120679 0.278852 -0.250701 -1.248687 -0.985770 -1.636877 -1.533310 -1.296951 -0.726811 -0.429601 -1.144508 -0.792041 -0.182073 -1.512337 -0.738909 -0.696723 -1.056536 -0.334363 -0.531434 -0.830336 0.522706 0.007779 0.880934 1.537024 1.187444 0.879758 1.444046 0.358149 0.119207 0.692414 -0.040459 -0.225915 -0.129116 -0.646130 -0.848832 0.114834 -0.050919 0.583026 0.353815 0.780104 0.190602 -0.283144 -0.174711 -0.454771 -1.317675 -2.935135 -2.654758 -1.972845 -1.762095 -0.364629 -0.779467 -0.125515 -0.544248 0.109321 -0.210966 0.255545 0.158211 -0.004701 -0.250376 -0.116311 -0.591116 0.292684 -0.298416 0.237357 0.109726 0.759739 0.290736 
192837465
12
0.685325 0.916552 -0.043538 2.193320 2.171591 1.207525 -0.008443 -0.390704 -0.599263 -1.098898 -1.074417 -0.612537 0.089207 0.414492 0.340047 1.226707 1.173535 0.183804 0.683839 1.074069 1.062806 0.559875 1.060376 1.792273 0.882566 0.929356 1.152834 0.712197 1.478277 1.127005 0.889680 0.842604 0.188288 -0.184789 0.939759 1.451606 0.273389 -0.622025 0.471234 0.494823 1.308396 0.205270 1.246206 0.475853 0.202151 0.054934 0.217876 -0.245816 0.361979 0.049116 -0.502676 0.539095 1.084736 0.883946 0.421958 -0.506315 -1.206030 -1.715383 -1.859013 -1.689185 -0.952592 -1.514894 -0.249250 -1.064448 -1.071418 -1.917478 -1.028555 -0.777495 -0.848178 -1.499554 -1.431380 -1.096935 -1.165798 -0.832593 -0.149607 -0.463987 -0.213325 -0.167004 -0.046669 0.104363 0.709469 0.401289 -0.335220 0.275232 1.015655 0.235567 -0.321141 -0.187792 -0.316003 0.133254 1.038115 0.348744 0.631997 1.127968 0.300429 0.617439 -1.000129 -1.779028 -0.849203 -1.183672 -0.466245 -0.735170 0.108574 0.221683 -0.507145 -0.733074 -0.335014 -0.114938 -0.221727 0.841703 0.671692 0.404846 -0.714653 -0.676176 0.279960 0.990164 -0.253029 -0.842824 -0.930445 -0.457010 
192837465
13
0.242147 0.892321 1.374885 0.766775 0.575075 0.153071 -0.928724 -0.534665 -0.979808 -0.856958 -0.999901 0.270774 -0.017836 -1.659690 -0.329770 -0.290360 0.636135 0.992226 1.604475 0.756527 0.406114 0.388096 0.688346 0.578656 0.905553 1.355308 1.535265 1.705717 1.610332 2.005937 1.713687 1.124426 0.244859 1.082187 2.163950 0.589356 -0.284457 1.442100 1.111502 1.721664 1.667465 1.510921 0.509400 -0.182217 -1.299181 0.348594 -0.240364 0.325147 0.402994 0.534039 0.802179 1.442395 1.316967 1.146804 0.161563 -0.715090 -1.654842 -1.918236 -1.775273 -1.856720 -1.403863 -0.984187 -0.687509 -0.206501 -1.381731 -2.320797 -1.966110 -1.740112 -1.540120 -1.279543 -0.731730 -0.916341 -1.267446 0.097154 -0.226883 -1.438044 -0.934572 0.220083 0.354278 0.055837 0.501906 0.415992 -0.089686 0.358604 -0.502676 0.832557 0.234570 0.102949 1.058340 1.450408 1.771496 0.770876 0.834055 0.609286 0.088039 0.071684 -0.319485 -0.336231 0.149908 0.404509 -0.001231 -0.144817 0.443233 0.704340 0.544788 0.671947 0.864947 1.277852 -0.091090 -0.682552 0.703025 1.047986 -0.177692 -0.278788 0.840930 1.785540 1.039317 0.300342 -0.024049 -0.025747 
192837465
14
0.309564 0.233596 1.629403 2.028228 1.434211 -0.371204 -0.932089 -1.633718 -0.441026 -0.752351 -1.329650 -0.554133 -0.116904 -0.498170 -0.164643 -0.253082 -1.244461 0.025791 0.269206 0.730324 0.255163 0.640309 1.438755 0.981071 0.976023 2.253385 2.335813 2.610149 2.280455 2.128038 1.841536 1.430711 0.683721 1.189146 0.449367 0.474758 0.603618 1.408258 0.816915 0.879680 1.147554 0.902927 0.701193 -1.451813 -1.706575 -0.874302 -0.314304 -0.371658 0.402150 0.725449 0.334884 1.745393 1.591868 0.541118 -0.407601 -1.877624 -1.898975 -1.726911 -2.135258 -1.793079 -1.776039 -1.328739 -0.209916 -0.224729 -0.650235 -1.023751 -1.914337 -2.394335 -1.970273 -1.889130 -0.767648 -1.801293 -0.756291 0.535776 0.797227 0.524244 0.649243 0.846906 0.049088 0.544933 0.551044 0.065415 -0.028873 0.331270 -0.377926 -0.638748 -0.679766 -0.536066 0.798694 0.627242 0.502376 0.609397 1.059024 0.363797 -0.507016 0.803497 -0.196233 0.781059 0.546276 0.690526 1.043267 0.725909 1.203542 1.686082 0.489830 0.907701 0.591390 0.967727 0.665813 -0.002443 0.775400 0.183789 -0.135919 0.493959 0.611344 0.622384 1.036520 0.431697 -0.023583 -0.355448 
192837465
15
0.445124 0.440291 -0.424672 -0.999323 -0.394374 -0.567982 -0.508926 0.432300 -0.023316 0.127673 -0.100824 -0.829285 -1.487157 -1.043149 -0.623554 -0.423439 -0.777442 0.595277 0.045206 0.012388 1.801320 1.850706 2.150604 1.138959 0.555261 1.751562 1.123301 1.722492 1.220234 1.565106 0.742952 0.068980 0.283326 -0.421169 -0.939444 0.634663 1.310619 1.823265 0.642747 -0.558642 -0.132823 -0.705543 -0.100813 0.568863 0.497149 0.143175 -0.894289 -1.171967 -0.521088 -0.327750 -0.364197 0.478210 1.196657 0.260036 -0.113024 -0.425157 -1.921659 -2.912109 -2.735273 -2.874206 -1.455598 -0.718478 -1.130177 -1.182725 -1.750592 -0.842191 -1.405103 -2.303527 -2.483073 -2.230365 -1.365522 -0.168314 -0.412411 -0.152362 1.190223 1.044366 0.913471 -0.158209 -0.234695 1.006842 0.416310 -0.520590 -0.609236 -0.424371 -0.331647 -1.582574 -1.263373 -0.581679 0.121688 0.389623 -0.474180 -0.439293 -0.449789 0.242712 -0.191255 0.125625 1.502904 1.549013 1.119706 1.120204 0.222114 0.714090 0.843289 1.030526 1.494072 1.769840 1.146237 0.397015 0.657953 0.003109 1.081941 1.402162 0.900457 0.719706 1.377282 2.862914 2.479191 0.366023 0.666267 0.809795 
192837465
