1200.000000
160.000000
120
16
1
0.500000
2
2
0
-1.034467 0.069593 0.129476 0.957536 1.704372 1.083347 1.762020 1.732254 2.149611 1.859934 0.731789 1.350795 0.801761 0.660154 0.147056 -0.076895 0.010487 0.826727 0.961184 1.778981 1.334372 1.426899 0.628853 1.008818 0.794012 1.089481 1.376814 1.973791 1.604858 2.294361 1.736481 2.106710 0.967173 0.319770 0.953654 0.355063 -0.387929 -0.284317 0.483734 0.339458 -1.163767 -1.862687 -0.996182 -0.963730 -1.101738 0.124599 -0.317533 0.896297 1.053442 1.013258 1.628164 1.195559 1.487104 0.680598 1.382899 0.720174 0.146872 0.338252 0.164017 0.076849 0.036374 -0.527410 -0.399779 -0.190028 0.172132 -1.419042 -1.538587 -0.999825 -0.996813 -0.460575 -0.630932 -0.859264 -0.827810 -0.309107 -0.329716 0.343231 0.835138 0.573744 1.132078 0.692349 0.329356 0.653938 0.360615 0.385941 -0.510744 -0.488029 -0.566895 -0.189671 0.583201 0.914409 0.921042 1.515538 1.191148 0.389133 0.605094 -0.516370 0.046674 -0.078454 0.014403 -0.271516 -1.082085 -1.638751 -1.150183 -1.468579 -1.166420 0.455838 1.383357 0.453306 0.883059 1.180908 0.870707 1.207162 1.620551 0.932146 1.351938 2.110935 1.292976 0.663307 1.085464 1.626183 
192837465
1
-0.566612 -0.241304 -0.398247 1.077756 1.080100 0.906257 2.298329 2.841137 1.737964 1.914127 1.317884 -0.160186 -0.363038 -0.732124 -0.228213 -0.313304 -0.472585 0.438248 0.894415 1.127822 0.724726 0.911413 0.840976 1.009977 0.732546 0.029781 0.299018 1.225030 1.336773 2.138100 1.207398 1.224048 0.933508 1.224430 1.058899 1.776548 0.455550 0.718554 1.223358 0.927024 0.804246 0.471690 0.070699 0.226723 0.333371 0.472081 0.239716 0.728705 0.520091 0.622224 0.713340 0.605091 0.575377 0.910471 0.441165 0.119876 0.149853 -0.296902 -0.473796 0.084998 0.228350 -0.318041 -0.320799 -0.346560 0.450728 0.148074 0.126831 -0.135501 0.032807 0.573577 0.652599 0.196409 -0.809321 0.038591 -0.876678 0.379386 1.067877 1.226059 0.485496 0.523352 0.298317 0.998022 -0.352094 0.325684 -0.313093 -0.382200 -0.660767 0.434136 0.834195 0.615134 0.844862 1.374137 1.201754 1.237742 0.294924 -0.624153 -0.927483 -1.676923 -0.023678 0.319172 -0.800942 -0.946358 -0.973036 -0.127185 -0.732821 0.388104 0.002155 -0.457945 -0.307339 -0.460080 0.136054 0.521530 0.399776 1.179367 1.949683 2.060843 1.497917 1.812569 2.075617 1.861740 
192837465
2
0.135100 0.761955 0.925611 1.443226 0.684061 0.269090 0.725887 2.058552 1.738234 0.918708 0.257785 -0.437583 -0.267895 -0.382315 -0.950186 -1.082568 -1.147273 -0.599683 -0.847419 0.563490 0.654405 0.797447 0.786405 0.478680 0.538424 -0.240214 0.160167 -0.420871 0.268490 0.432066 0.248877 -0.582226 -0.337637 -0.135997 0.706122 0.672419 1.244123 1.666780 1.356949 1.922724 1.704768 1.209954 1.630950 0.897765 0.614229 0.765808 1.443630 0.716372 0.487000 0.057786 0.203934 0.713740 0.495732 0.482063 0.994962 0.856052 1.127489 0.677292 -0.473889 0.580733 1.212004 0.973592 1.072356 1.308830 0.509929 0.562632 0.552793 0.511565 0.590956 0.039904 0.591294 -0.081483 -0.369035 -0.339136 -0.038194 -0.091729 0.532863 0.538419 0.553203 0.873755 1.600261 1.453198 1.265382 1.389520 1.232051 0.292564 0.927793 1.973130 1.672624 1.362558 1.207604 0.444560 0.299666 -0.478059 0.040069 -0.321686 0.939780 0.577475 -0.108645 0.051637 -1.051844 -0.421219 -0.020214 0.236491 -0.563423 -0.328232 -0.461747 -0.272179 -1.705000 -0.822897 -0.682714 -0.608235 -0.088924 0.887188 0.312793 1.141313 0.798385 0.394554 1.448019 1.493514 
192837465
3
0.323285 0.530999 0.966512 0.186436 0.228445 0.691507 0.730335 1.057529 1.037440 -0.147834 0.160776 0.329967 0.225376 -0.459916 -1.043848 -1.256238 -0.725867 -0.133498 0.024918 0.976871 0.824909 1.326483 0.763565 0.903822 0.972136 1.452161 0.292096 -0.196282 -0.271085 -0.603122 -1.331866 -1.023498 -0.092312 -0.238493 -0.412021 0.844445 1.092607 0.948456 1.164754 0.950339 1.322448 1.557584 0.999168 0.764878 0.952844 0.413597 0.299132 -0.020416 -0.176048 0.190744 0.723858 1.600136 0.475098 0.951406 0.196987 0.596119 -0.083162 -0.393132 0.116368 0.736138 0.814425 0.362459 0.471612 0.618749 1.422787 0.229495 0.639350 0.296594 0.373897 -0.227541 -0.077782 -0.219217 -0.674631 -0.697649 -0.082754 -0.095834 0.246362 0.967065 1.249654 0.997293 1.564872 1.673256 2.110656 2.268870 1.218691 1.793479 1.677369 1.277326 0.786196 1.016951 1.738583 1.149881 0.358666 -0.004191 -0.356066 -0.545691 -0.301355 -0.117670 -0.343283 -0.324555 -1.297834 -1.938261 -1.664090 -0.962128 -0.702162 -0.590028 -1.171430 -0.487702 -0.406582 -0.668625 -0.584445 0.185311 0.504438 0.880681 0.434018 -0.060785 0.069075 -0.649198 -0.130271 0.496203 
192837465
4
0.926261 0.543411 0.515754 -0.126123 -1.045943 -0.134785 -0.024799 -0.096094 0.119024 0.306148 -0.048118 -0.322153 -0.790057 -0.542475 -0.883436 -0.469898 -0.321529 0.403941 0.810619 0.246452 0.055551 0.029215 -0.212536 -0.357144 -0.161378 0.235560 -0.301013 -0.720072 -0.024561 -0.857739 -0.308971 -0.401986 0.169626 -0.140646 -0.159000 0.016025 -0.600074 0.432130 0.659663 0.811399 0.594102 1.186928 1.948214 1.696961 1.559714 1.089300 -0.206867 -0.527111 0.518432 0.472845 0.486265 0.614196 0.714832 0.374752 -0.047808 -0.002763 -0.581492 -0.463784 -0.839627 -0.684065 -0.026787 0.187389 0.206991 0.578458 1.240386 0.446564 -0.645275 -0.880477 -0.309167 -0.253003 -0.527383 -2.159799 -1.483072 -0.885217 -0.029959 -1.002858 -0.331646 0.862497 1.734217 2.038558 2.372918 1.921971 2.712549 2.284968 1.966077 2.625459 2.116908 2.262899 1.278592 2.101873 2.620376 1.692315 1.374660 0.813427 0.101188 -0.799443 -0.719402 -1.113193 -1.212709 -2.124299 -2.496845 -2.715069 -2.875478 -1.211408 -0.408109 -0.894610 -0.739331 0.047643 0.627390 0.018019 0.834424 0.492558 0.038477 -0.288186 0.314811 0.339056 0.362705 0.098982 -0.223737 -0.079254 
192837465
5
-0.018307 -0.287693 -0.007467 0.543568 -0.470513 -1.090214 -1.139614 -0.597926 0.066379 0.299957 -0.211911 0.361445 0.026512 -0.338430 -0.280379 0.034354 -0.086000 0.494751 1.196375 1.412341 0.401751 -0.038886 -0.272999 -1.223268 -1.509840 -1.243498 -0.124288 -1.002467 -0.743515 -1.609862 -0.257816 0.274959 0.578439 0.686204 -0.352836 0.109197 -0.007574 -0.594626 0.545584 0.588218 1.635077 1.643571 1.481728 1.874273 2.246004 1.882090 1.079015 0.270708 0.821597 0.372717 0.250558 0.280312 -0.215763 0.616342 0.386703 0.789258 0.503414 0.291113 -0.439393 -0.823301 0.144904 0.204130 0.463759 0.173155 0.558787 -0.049973 -0.497408 -0.829129 -0.305535 -0.811474 -1.242957 -2.150279 -1.792341 -0.947700 -0.349961 -0.003710 0.360251 0.013529 0.725463 0.815631 2.130369 1.787174 2.222050 2.540264 2.969010 2.821231 2.885563 1.384911 1.448344 2.890578 3.545960 2.677253 2.062922 0.918766 -0.466570 -0.029327 -1.226603 -0.941725 -1.484473 -1.424320 -1.943311 -1.856831 -1.809137 -1.668972 -1.618753 -1.793349 -1.912931 -1.026652 -0.319486 -0.489256 -0.258829 -0.419333 0.718075 0.631819 0.587719 -0.050831 -0.573218 -0.584465 -0.016404 -0.443195 
192837465
6
-0.664283 -1.386775 -0.918238 -0.428931 -1.005943 -1.411191 -0.371689 -0.954177 -1.320439 -0.611171 0.025354 0.015680 0.224116 0.472730 -0.006497 -0.359565 0.151819 0.296781 0.459290 -0.030236 -0.478220 -0.716197 -0.905525 -0.991821 -0.852884 -1.094627 -1.750306 -1.536821 -0.295540 -0.653456 0.231269 0.415981 1.200471 0.783080 -0.035956 0.617069 -0.117726 0.611132 0.360994 1.949577 1.224072 1.271932 0.795388 1.261679 1.119986 1.027501 0.865050 0.132516 0.044047 0.436667 0.069873 0.290076 -0.066426 0.361820 0.729632 0.426348 0.214172 0.315362 0.240599 0.300642 0.439077 0.725478 0.315475 0.855579 0.077689 -0.348972 -0.469711 -0.241059 -0.639241 -1.678748 -2.100287 -2.122966 -1.718964 -0.866898 -0.582117 0.343942 0.925585 -0.003124 0.360400 1.262991 1.106582 1.953291 1.098526 1.475677 1.690067 2.466837 2.838973 1.401045 1.740121 1.768491 0.686336 0.574374 0.234024 0.820314 -0.308716 0.135903 -0.840276 -1.267197 -1.801276 -1.431877 -1.806684 -1.759257 -2.161694 -2.407348 -1.345965 -1.706874 -1.784399 -1.119205 -0.552597 -0.269178 -0.446324 -0.070256 1.120530 1.565020 0.628952 0.285918 -0.085588 0.277009 0.365190 -0.762461 
192837465
7
-0.525633 -0.327783 -0.818204 -0.608038 -1.679044 -1.181672 -1.050378 -0.723395 -1.231448 -1.228926 -0.519711 0.575233 0.050652 0.527566 -0.825427 -1.458293 -2.222200 -1.467832 -0.643326 -0.426374 -0.822168 -0.618937 0.186445 -0.225027 -0.569483 -0.525616 -1.579049 -1.019721 -0.111919 -0.348375 0.110141 0.159367 0.430290 0.751064 -0.217803 -0.405855 -1.219887 -0.953946 -0.122125 -0.209712 -0.776649 0.241921 0.636392 1.275090 1.867901 0.726816 0.494970 1.128841 1.242533 0.992729 0.265337 0.541928 0.701789 0.259227 0.444721 -0.074723 -0.555236 -0.325451 -0.505877 -0.087169 0.129327 0.284148 0.050141 0.128581 0.354085 0.267906 0.381000 0.345355 -0.490562 -0.484824 -0.678465 -0.925357 -1.197233 -1.696315 -1.135975 -1.606623 -0.921877 -0.086466 0.229104 -0.160767 0.314773 0.995679 1.218665 2.224338 0.803653 0.958693 1.878794 1.025875 1.468193 0.370826 1.135659 0.900472 1.410108 0.775602 0.600922 0.657644 0.158205 -0.558633 -0.208836 -0.162775 0.171661 -0.414275 -1.444361 -1.651449 -1.534997 -0.372713 -0.780370 0.418577 0.199485 0.355725 -0.122864 0.183135 0.246066 0.644460 0.374382 0.014819 -0.393376 0.930631 0.422925 -0.351322 
192837465
8
-0.695599 0.478722 -0.108405 -0.179858 -0.382263 0.123033 -0.833455 -0.055584 -0.248295 -0.104522 -0.068913 -0.255144 0.083737 0.247377 -1.482047 -1.556858 -2.247648 -1.588300 -1.369502 -0.773309 -1.141857 -0.838895 -0.200527 -0.984845 -0.313719 -0.519068 -0.093443 -0.285356 -0.616125 -0.495968 -0.326542 -0.368661 0.001056 0.267378 0.283229 0.199349 -0.328152 0.260031 -0.263531 -0.051965 0.442005 0.319851 0.224575 0.328083 0.652611 0.338664 0.481250 1.820832 2.019723 1.796284 1.861328 0.987322 1.324192 1.165594 0.280316 -0.067786 0.055606 0.918346 -0.095506 0.643011 0.176429 0.414625 0.644582 0.242133 0.304242 0.236353 0.493288 -0.253695 -1.511448 -0.826357 0.090624 0.195391 -1.023250 -1.300113 -0.757011 -0.199319 0.158082 0.344513 -0.059145 -0.742454 -0.423876 0.865154 0.718989 0.469143 1.550008 0.647745 0.525952 0.997317 0.554699 1.723328 1.471917 1.242239 0.671466 0.030633 0.223562 0.522626 1.055439 0.181881 -0.008768 0.493552 0.567655 0.511172 0.043061 0.470165 0.066876 0.061936 -0.045540 0.539117 1.100553 1.072819 1.100065 1.288235 0.637162 0.884266 1.249655 1.105176 0.970156 0.728070 0.343314 0.076786 
192837465
9
-0.314007 -0.669326 -1.015205 -1.449903 -0.958312 -1.227592 -1.532788 -1.832985 -1.163786 -0.843897 -0.316587 0.036633 -0.203783 -0.441453 -0.859852 -0.863408 -1.666514 -0.984927 -1.453282 -0.808270 -0.899512 -0.341605 -1.467280 -1.760257 -1.429927 -1.239004 -0.274126 0.146751 -0.203517 -0.292748 -0.224738 0.316121 -0.661999 -0.244003 -0.979417 -0.341169 -0.693675 -0.712483 0.338202 0.150550 -0.356201 0.034920 -0.069725 0.469471 1.361693 1.593019 0.946088 0.571238 1.268361 1.358463 1.406840 1.559744 1.391635 0.861012 0.539630 1.068750 0.924434 0.333702 0.772314 -0.135030 -0.157657 0.922481 0.326259 0.180642 0.259276 0.439061 0.152855 -0.979954 -1.440555 -0.993600 -0.207672 0.400106 0.393397 0.096425 0.218411 0.228338 1.145726 1.355590 1.600854 1.150478 -0.351243 -0.083676 0.692379 -0.211790 -0.985891 -0.272670 -0.049507 0.226849 0.201494 0.624179 0.190233 -0.311504 -0.637131 -1.032766 -1.258808 -0.637868 -0.195209 -0.353115 -0.425674 -0.099767 0.170456 0.354724 -0.017420 0.339519 0.477691 -0.146264 0.950137 1.323361 1.533167 1.246407 1.700419 1.508307 1.250409 1.068436 2.245398 1.875444 1.471992 0.923397 0.822139 -0.451540 
192837465
10
-0.947193 -1.590551 -1.204689 -0.997054 -1.625762 -1.831532 -0.710348 -0.292655 -0.592824 -0.344450 -0.367851 -0.110599 -0.708627 -0.331062 -0.479568 -1.239141 -1.418026 -2.272410 -2.465592 -1.274134 -0.586832 -1.185984 -0.343710 -0.507302 -1.299550 -2.229404 -0.710890 -0.008796 0.538666 1.186405 0.078408 -0.844774 -1.618845 -1.669034 -0.598593 0.138968 -0.206263 -0.561461 0.100287 0.193720 -0.569366 -0.443173 -0.051751 -0.267673 0.014127 0.811047 0.790962 0.494493 0.051343 -0.366981 -0.359612 0.024804 0.381499 0.274999 0.140980 -0.009888 0.642061 0.952493 0.620026 0.477559 1.038575 0.650903 0.064753 1.290789 1.041859 0.993370 0.221095 -0.396971 -1.116669 -1.117161 -0.241383 -1.077629 -0.440795 0.587948 -0.076470 -0.307377 -0.299631 0.892007 1.281808 0.926831 0.317534 -0.427742 -0.212357 -0.845224 -1.685681 -1.293787 -0.617569 -0.244248 0.247097 -0.357937 -0.148503 -0.023901 0.002734 -0.908995 -0.855831 -0.524100 -0.276520 -0.028873 1.037007 0.162095 0.400598 0.834254 0.887034 1.112687 -0.083430 -0.019463 1.184652 1.402503 1.768596 1.463230 1.359718 2.846221 2.566205 1.831821 1.679099 1.225507 1.124319 0.994551 0.156504 0.487531 
192837465
11
-0.660171 -0.450396 -0.213153 -0.603184 -1.444550 -1.281118 -1.570187 -1.069530 -0.567135 -1.241747 -1.528703 -1.380172 -0.430511 -0.957183 -1.441340 -1.468142 -1.489363 -1.487657 -2.389358 -2.067369 -1.062745 -1.591371 -1.426168 -0.909822 -0.802556 -0.438444 0.504003 0.606722 1.106621 0.631799 0.158412 -1.038460 -1.516661 -2.193278 -1.343689 -0.447757 -1.263920 -1.457201 -1.620206 -0.818554 -1.076003 -0.459578 -0.309473 0.403837 0.717767 0.133276 0.178988 0.631762 -0.465883 -0.708801 0.131036 0.782674 0.733903 0.260477 0.013878 0.036095 0.660264 0.288054 0.126316 -0.321437 0.216606 0.163329 0.446674 0.373939 1.014698 0.441417 0.247806 -1.233744 -1.210833 -1.631529 -1.295754 -1.236031 -1.087362 -1.441437 -0.859665 -0.349237 0.428445 1.495534 1.392973 0.781341 0.395588 0.534176 0.394540 -0.558136 -0.720438 -1.247409 -1.318991 -0.858237 -1.142621 -1.168547 -1.172513 -0.958411 -0.778157 -0.905523 -1.652208 -0.805536 -0.814330 0.052405 0.580312 -0.023101 0.132009 -0.058273 -0.137688 -0.359050 -0.254700 -0.105324 0.337275 1.399595 1.387110 1.224807 1.678983 2.393832 1.835946 1.640772 1.446915 1.212907 1.742395 1.058453 -0.140649 0.694614 
192837465
12
0.239662 -0.695919 -0.262933 -0.532997 -1.177549 -1.643731 -2.450813 -1.988812 -1.719956 -1.806410 -2.080724 -2.435879 -2.159467 -1.722753 -1.502696 -2.697944 -2.406255 -2.640414 -2.731155 -2.664553 -1.899665 -1.416010 -0.434958 -0.661248 -0.006958 0.504783 0.678764 0.331356 -0.124235 -0.231362 -0.840166 -1.523130 -2.619980 -2.267051 -2.048724 -2.508323 -1.763495 -0.947123 -0.885888 -1.479537 -1.842359 -0.890267 -0.407602 -0.047360 0.358227 0.459771 -0.203404 -0.168641 -0.326145 -0.181637 -0.747993 0.677489 0.028594 -1.368525 -0.151852 0.146081 0.034801 -0.057496 -0.885407 -0.369154 -1.031525 -0.194777 0.140067 0.120874 0.465021 -0.298642 -0.346731 -0.967543 -0.210052 -1.625759 -2.149252 -2.218826 -2.531739 -2.212284 -1.361810 -0.855747 -0.090669 0.813008 0.122335 0.792384 0.906870 0.121928 0.660831 -0.052061 -0.447004 -0.688686 -0.560617 -1.137837 -1.193692 -1.593963 -1.909258 -0.790213 -1.324687 -1.156878 -0.645274 -0.337155 -0.297432 -1.144198 -0.123167 0.340344 0.402544 0.215247 -0.251510 0.778459 0.979762 0.433965 0.258909 -0.181951 0.061815 -0.138135 0.198917 1.071562 1.650822 1.039434 1.490280 1.675961 0.905951 0.387883 -0.194186 -0.372675 
192837465
13
-0.955354 -1.681710 -1.809212 -1.414065 -2.270679 -1.646727 -2.393745 -2.973191 -2.191117 -2.013821 -1.902256 -2.203649 -2.079772 -2.475427 -2.791998 -2.341266 -1.386891 -1.741495 -2.136979 -1.709104 -1.412584 -1.252063 -0.857986 -0.514809 -0.243157 -0.119124 -0.402543 -0.001484 -0.628276 -1.842460 -1.589780 -2.292004 -2.406393 -1.878543 -1.839165 -1.368555 -0.669194 -0.745302 -0.683460 -0.549410 -0.141368 -0.588200 -0.095304 0.624780 0.907716 1.399147 0.828746 0.199652 0.593028 -1.364819 -0.262835 0.012765 -0.077157 -0.576065 -0.407899 -0.352327 -0.815187 -0.769514 -1.337539 -0.499445 -0.596999 0.530589 0.473060 0.264291 0.482474 0.472633 -0.479191 -0.277356 -0.521651 -0.313351 -1.382646 -0.468553 -1.011337 -0.253824 -0.621353 0.216951 0.572829 0.338764 -0.160705 0.209308 1.141978 1.285750 0.611592 0.511909 0.684681 -0.538887 -1.102126 -1.518749 -1.315489 -2.355154 -2.414733 -2.002321 -1.435509 -1.548517 -0.741475 -0.840205 -1.336823 -0.946774 0.172424 0.305573 0.704417 0.234103 -0.129349 0.067126 0.554586 0.307048 0.371915 -0.204916 1.103808 0.654263 1.308150 1.407283 1.634024 1.278709 1.775162 1.303985 0.540914 -0.125397 -0.759565 -0.666243 
192837465
14
-1.462944 -1.986773 -2.514923 -2.621226 -2.957340 -2.871162 -3.147881 -2.180733 -2.396856 -2.040576 -1.428930 -1.552079 -2.388486 -2.574907 -2.028214 -2.734955 -1.551125 -1.328078 -0.361899 -0.232683 -0.504444 0.141653 0.761036 0.549615 -0.026530 0.187261 0.170259 0.186761 -1.310401 -2.098594 -1.984229 -1.976160 -2.432754 -1.249886 -2.081162 -1.785803 -0.959851 -0.008445 0.484400 0.491855 1.018551 1.101341 1.008025 0.921820 0.715487 0.999712 1.018436 1.096177 0.872040 0.670957 0.444181 1.390056 1.110515 0.963569 -0.721390 -1.169221 -1.493778 -1.602534 -0.860883 -0.094215 -0.179367 0.694052 1.393001 1.265665 1.801283 0.628585 0.542015 0.479740 0.369646 -0.351388 0.035015 -0.619106 -0.150863 -0.521921 -0.316370 0.551049 -0.130051 0.296358 -0.744591 -0.412043 0.176550 0.145747 1.116170 0.361145 -0.341390 0.269181 -0.725602 -2.276775 -3.308687 -2.560115 -2.313595 -1.774371 -1.199846 -1.748032 -0.958127 -0.570801 -0.305309 -0.908011 -0.857013 0.085512 -0.002727 0.233887 0.099035 -0.160125 -0.065638 -0.046123 0.626554 0.721402 0.810117 0.456782 0.641708 0.858817 0.725554 -0.196867 0.015730 0.486955 -0.044425 -0.646104 0.159638 -0.041365 
192837465
15
-1.443233 -1.557606 -1.975125 -2.154597 -2.546497 -1.408255 -1.907003 -1.848599 -2.677738 -1.841202 -2.062923 -2.476022 -2.065177 -1.494508 -1.807249 -2.103534 -1.540126 -0.752177 -0.901965 -0.073057 -0.027039 -0.821790 -0.179193 0.094267 -0.303611 -0.871054 -0.782708 -0.873561 -2.009566 -2.137425 -2.046798 -1.833492 -1.464000 -1.131514 -1.622821 -0.417010 0.327012 0.522312 0.924525 1.377018 1.435592 0.869977 1.047955 0.374735 -0.087416 0.498448 0.144568 0.291286 1.014098 1.298244 0.501389 1.148270 0.785955 0.056986 -0.523416 -0.375669 -0.973093 -0.057181 1.207335 1.031331 1.366186 1.832989 1.203940 0.474716 0.799026 1.510432 0.454673 0.503601 0.212124 1.071880 0.916784 0.440118 0.246950 -0.057612 0.107407 0.596051 0.460571 -0.199794 0.283588 -0.024730 -0.535361 0.237615 0.392150 0.947156 0.121750 -0.759068 -1.574450 -2.279930 -2.266224 -1.906056 -0.637002 -0.760773 -0.038250 -0.672261 0.022863 -0.049458 -0.593684 -1.294913 0.085322 -0.275762 -0.755445 -0.401134 -0.337490 -1.423832 -1.218008 0.255588 0.843534 -0.155617 0.050090 0.406096 0.409131 0.750037 0.687284 0.152079 0.191095 0.020187 0.258766 1.336362 0.564814 0.417879 
192837465
