1200.000000
160.000000
120
16
1
0.500000
2
2
0
1.670007 1.699813 0.718772 0.549192 0.607301 0.553850 0.351074 0.520373 -0.137916 0.639637 -0.204620 -0.477674 -0.096199 0.567386 -0.266766 0.046987 -0.160544 -0.365957 -1.427048 -0.705994 -0.291642 0.394435 0.103092 0.170688 0.577293 0.345245 0.787291 0.419217 -0.124595 -0.798508 -1.388396 -0.256830 -0.416246 -1.017518 -0.720589 -0.920691 -0.868466 -0.475692 -0.402026 -0.763250 -0.525904 -0.750041 -0.920992 -0.056308 -0.374053 -0.540963 -0.175269 0.464014 0.457519 -0.021263 -1.484203 -1.439550 -1.809830 -1.362722 -0.645500 -0.044344 -0.589952 0.220148 0.702635 0.801852 1.678809 1.467855 1.533869 1.199764 1.182116 -0.665026 -1.167903 -0.835837 0.065721 0.716529 1.174013 1.277302 0.766504 0.180425 0.231302 0.636085 0.504016 0.473440 0.996575 0.905453 0.609725 1.055904 1.472445 1.236575 0.152854 0.616206 1.334590 1.142549 0.291338 -0.027599 -0.451792 0.239591 0.336391 0.691365 -0.008271 -0.061961 -0.171130 -0.533544 -0.605098 0.182920 0.810855 1.359858 0.422905 1.133992 -0.023127 0.735376 0.278810 0.759723 0.611004 1.927513 1.632373 1.458511 1.279497 0.460164 0.459707 1.183642 0.729554 0.144202 0.118143 -0.249530 
192837465
1
1.737300 0.449773 0.745063 0.877037 0.580681 0.050267 -0.651519 -0.580088 -0.587977 -0.297287 -0.248294 -0.466275 -0.729759 0.102006 0.072169 -0.138011 -0.131633 -0.290820 -0.560786 -1.399026 -1.094613 -1.073509 0.028332 -0.228080 -0.381978 0.153083 0.233385 1.225587 1.481792 -0.345658 -0.543501 -1.095485 -1.425948 -1.942817 -1.126601 -1.291520 -1.885783 -1.455700 -0.405517 -0.500909 0.158799 -0.396913 0.140353 1.218571 1.635761 0.566628 -0.531847 -0.227535 1.056269 0.521916 -0.539350 -0.723427 -0.464328 -0.242682 0.647412 0.855747 0.238251 0.227139 0.117809 -0.107996 0.316692 0.144581 0.878471 0.775752 0.251891 -0.259119 -0.218860 0.755596 0.777435 1.026470 1.105072 1.428340 0.594698 0.420160 0.732993 0.708817 0.714019 0.488096 0.157130 0.479489 0.002763 0.477282 1.568651 2.066499 2.038976 1.566741 2.097766 1.711964 1.209432 -0.274944 -0.214443 0.533860 0.703458 0.296639 0.963448 0.423427 -0.395706 -0.087089 -0.518685 -0.305022 0.000137 -0.473868 -0.220662 -0.412350 -0.277305 -0.822055 -0.556940 0.271945 0.736205 0.267262 0.867453 1.624914 1.098516 1.449050 1.144536 0.629954 0.109141 0.505444 0.046913 -0.656020 
192837465
2
0.590718 0.383565 0.406162 -0.513884 -0.980009 -0.318971 -1.185999 -0.843357 -0.098714 -0.359255 -0.622400 -0.940114 -0.711988 -0.727211 -0.103841 -0.473132 -0.564974 -1.095572 -1.213597 -0.773065 -1.749684 -1.175716 -0.904700 -0.368506 -0.122757 0.973253 0.255900 0.063763 -0.132138 -0.363070 -0.866288 -1.702775 -1.581898 -1.154750 -1.366352 -1.835260 -1.928058 -1.418649 -0.456946 -0.402316 -0.532000 -0.526187 -1.087200 -0.557311 0.300750 0.355847 0.564417 0.704155 1.271115 0.304123 0.246144 -0.222761 -0.288500 -0.100308 -0.285078 -0.589835 0.264244 -0.342491 -0.425781 -0.358098 -0.319252 -0.317078 0.373813 -0.170511 -0.082640 0.455794 0.330046 0.291722 0.121754 0.857185 0.697443 -0.319660 0.812902 0.451703 -0.235364 0.049850 0.141393 0.442647 0.496333 0.747842 0.889914 0.807291 1.690729 2.031521 2.920350 2.518058 2.092827 1.912180 1.582271 0.579308 0.343796 -0.435000 -0.594811 0.009711 0.095108 0.970651 1.033816 0.234428 -0.107267 0.087434 0.568958 0.738069 0.351456 -0.212447 -0.140450 -0.248334 -0.639048 -0.577853 -0.105600 0.952830 0.977216 0.834226 1.110710 0.141874 -0.383468 -0.486079 -0.712977 -0.122947 -0.647999 -1.279049 
192837465
3
-0.266036 0.092085 0.982963 0.116484 -0.212086 0.137955 -0.691127 -1.165560 -0.582309 -0.614167 0.475579 0.082419 0.078690 -0.824177 -1.938127 -1.801763 -1.489200 -0.958969 -0.282649 -0.634894 -1.052156 -0.263805 -0.296103 -0.392753 -0.321423 0.376117 -0.242084 -0.063526 0.089524 -0.429023 -1.522253 -0.693568 -1.078122 -1.134234 -1.113108 -1.255580 -1.558401 -0.645779 -0.342033 -0.829288 -1.027638 -1.023538 -0.960755 -0.914958 -0.365826 -0.168915 -0.352459 -0.133560 1.036675 0.005444 -0.605512 -0.826423 -0.530263 -0.759809 -0.489965 -0.713056 -0.921023 -0.464918 -0.215262 0.023002 0.191673 0.132499 0.446504 0.562834 0.225336 0.750438 0.662084 0.613434 0.217261 0.199076 0.412892 -0.043873 -0.614854 -0.166450 -0.117851 0.093274 0.217791 0.320584 0.445182 -0.496783 1.040539 0.797153 0.319060 1.193856 1.938140 2.228435 1.949976 1.730304 1.011863 0.272071 0.396360 0.607844 0.166893 0.442783 0.251961 0.249833 0.233185 0.043722 0.124515 0.417537 0.862708 1.483065 1.792429 1.318513 0.477032 0.341563 0.081308 0.331508 0.904025 1.271079 1.157341 1.532086 1.372482 1.051821 0.014705 0.302941 -0.176952 -0.292564 -0.471087 -0.136751 
192837465
4
0.178870 0.533408 0.705712 0.593951 -0.183412 0.490165 -0.490980 -0.826992 -0.705210 0.015732 0.605788 0.282573 -0.505815 -1.161355 -1.464457 -1.886824 -1.713556 -1.549646 -0.800924 -1.300415 -0.742745 -0.367546 -0.769066 0.453181 0.270917 0.537225 0.597052 0.454215 -0.528279 -1.682280 -0.762548 -1.720385 -2.054567 -0.774143 -0.830652 -1.090303 -0.470915 -0.405752 -1.175654 -1.053502 -1.791732 -1.905722 -1.789605 -1.669761 -1.046143 -0.811671 -0.419980 -0.100586 -0.105328 -0.233167 -0.415248 -0.138071 -0.319691 -0.451243 0.108398 -0.560912 0.842443 0.202437 0.313255 0.783545 1.254505 1.072410 1.262502 0.770523 0.942787 1.147076 0.905808 1.406328 0.628106 0.418385 -0.390359 -0.247077 0.004752 -0.136019 0.064244 0.153584 -0.097699 0.577769 0.969246 0.147263 -0.319852 0.362825 0.588482 1.278434 1.205699 1.452547 1.167903 1.432799 -0.358046 0.217665 0.087082 0.188424 0.121993 -0.625370 -0.753854 -0.336107 -0.296243 0.614005 -0.102775 0.887414 1.417404 1.729461 1.472526 1.852089 0.821254 0.003709 0.122789 0.003022 -0.814927 0.113031 0.167053 0.528351 0.876510 1.387878 0.885548 0.572889 0.349082 -0.121466 -0.463677 -1.158612 
192837465
5
1.089933 1.479006 1.874702 1.902417 1.053353 0.196270 -0.255787 -0.297928 0.008099 0.467803 0.327895 0.081240 -0.842151 -0.592008 -1.231693 -2.233918 -2.230182 -1.801125 -1.241376 -1.146704 -1.333400 -2.053303 -1.810182 -0.260654 -0.474928 0.024336 0.059543 0.224022 -0.369350 -0.277287 -0.914578 -0.126034 -0.198359 -1.043335 -1.047881 -1.671260 -1.429977 -1.553376 -0.890554 -1.545161 -2.772900 -1.780085 -1.720124 -0.633855 -0.413405 -0.677261 -0.126971 -0.505764 -0.286758 -0.115334 -0.369689 -0.210818 0.282274 -0.264470 -0.589922 -0.127449 -0.040568 0.041601 0.232483 0.249839 -0.250153 0.004752 0.190147 -0.158909 -0.221671 0.982951 1.195677 0.522319 0.961095 -0.004847 -0.270823 -1.196564 -0.586680 0.092483 0.471134 -0.439335 -0.270915 0.337560 0.767803 0.629541 0.807098 0.252950 0.102372 0.485533 0.677783 0.853420 -0.009693 0.338501 0.204422 1.265665 1.046591 0.805439 0.672103 0.251425 0.503848 0.390437 0.322970 -0.048057 0.119111 0.480961 0.612575 0.378773 -0.011178 -0.261278 0.341997 0.505258 0.415512 -0.649934 -0.107063 0.460083 1.075733 1.773790 1.432944 1.010075 1.093187 0.186088 0.459926 0.133239 0.842255 0.571189 
192837465
6
0.679685 0.842274 0.934703 0.696007 -0.129442 -1.171666 -0.836657 -1.014552 -0.730918 -0.331821 -0.392630 -1.193351 -0.781300 -0.088213 -0.367900 -0.641139 -1.423051 -2.042110 -1.781752 -2.049130 -1.357621 -0.757214 -0.577309 -1.366860 -1.429195 -1.352078 0.125953 -0.034580 -0.522740 -0.219118 -0.833053 -0.286744 -0.513838 -0.704486 -0.456425 -1.466324 -0.795243 -1.795958 -2.328501 -1.405040 -1.351576 -1.605909 -2.534279 -2.326143 -1.267396 -0.740885 -0.526727 0.102560 0.529864 -0.329121 -0.402890 -0.139481 -0.608174 0.159270 -0.024157 0.256221 0.721648 0.393234 -0.054184 -0.347576 -0.265870 -0.507453 0.374919 1.199587 1.600327 1.960232 1.482773 1.457945 0.153967 -0.093312 -0.667192 -0.389476 -1.506599 -2.244428 -0.367898 -0.111528 -0.111080 -0.208421 0.371559 0.307434 0.331213 0.872701 0.857942 1.293637 0.378282 0.203713 0.549248 0.280381 0.145062 -0.169164 0.028511 -0.473523 -0.440728 -0.013294 -0.309468 0.374704 -0.185938 0.086291 0.119388 0.552940 -0.029806 0.789497 0.360488 0.024526 -0.703397 -0.053222 1.287927 0.635520 0.513387 -0.213460 -0.220327 0.646797 2.335001 1.957760 0.986028 1.422340 0.564168 0.406212 0.834728 1.080859 
192837465
7
0.861684 1.162995 0.217723 -0.663311 -0.532645 -1.356440 -1.173222 -0.759052 -0.961406 -1.886647 -2.130465 -1.571992 -1.041739 -0.700486 -0.730521 -0.837751 -1.462742 -0.881764 -1.661937 -2.126985 -1.823742 -1.219778 -1.553040 -1.278497 -1.536654 -1.291795 -1.337147 -0.771713 -1.224404 -0.820926 -0.074567 -0.769965 -0.481067 -0.245350 -0.615013 -1.148006 -0.771732 -0.833236 -1.283453 -1.367203 -0.639894 -0.947417 -1.277939 -1.463895 0.036818 -0.133537 0.058203 0.289545 -0.135341 0.074367 -0.066675 0.337841 -0.291150 0.147851 -0.555450 0.021541 0.414529 0.149248 -0.375694 -0.388226 0.342741 1.185203 1.709413 2.344520 3.111687 2.923885 1.553761 1.654050 1.156827 0.209024 -0.140958 -1.099729 -1.522083 -1.587267 -0.978625 -0.244785 0.470715 -0.467839 0.495682 0.867951 1.229330 0.861320 -0.055187 -0.373974 0.446333 -0.394057 -0.341367 -0.754457 -0.736742 -1.064459 -0.686049 -1.192572 -0.175650 -0.044716 0.076928 -0.077363 0.289547 0.456940 0.553881 1.409402 -0.284356 0.308803 1.725492 1.076876 -0.209692 -0.715384 0.013938 -0.020264 0.383476 0.691696 1.164417 0.404902 0.751924 1.176904 1.401944 1.831035 1.465546 1.787540 1.697477 0.760627 
192837465
8
0.768579 0.277751 0.796226 -0.156749 -0.666187 -1.480855 -1.156616 -1.410831 -0.830843 -1.060557 -1.838370 -1.294217 -1.172029 -1.044220 -0.845319 -2.043792 -2.296935 -1.685822 -2.521833 -1.737176 -1.694389 -1.919054 -2.347560 -1.668670 -2.480694 -2.143124 -1.598650 -1.033613 -0.629947 -0.894198 -0.991298 -1.385546 -0.230003 -0.322134 -0.214951 -0.605064 -1.331542 -1.527924 -1.434034 -1.683312 -0.780863 -0.317608 -0.491589 -0.302995 0.604350 1.055554 0.574156 0.065511 0.440247 0.643534 0.686227 1.280977 0.221392 1.740444 1.584481 1.270411 1.159776 0.613331 0.173010 0.324407 0.958721 1.639110 2.402562 2.428070 3.061312 2.410604 1.368293 0.358714 0.757879 0.096056 -0.396888 -1.204136 -0.423176 -0.938177 -0.483608 -0.686041 -0.383300 -0.601987 -0.523146 -0.166795 0.575277 -0.484145 -0.431252 -0.327845 -0.086777 -0.338427 -0.774047 -0.987332 -0.525603 -0.706488 -0.374917 0.361270 0.442816 0.654055 1.029817 0.373851 0.020854 -0.473643 0.372691 0.817660 1.323201 0.614660 0.862042 0.880409 -0.200289 -0.854574 -1.170120 -0.197052 0.353973 0.099451 0.166605 0.120711 -0.121168 0.246877 0.447229 0.253465 0.741825 0.516581 0.651351 0.389293 
192837465
9
1.774254 1.697831 0.942425 0.162487 0.299132 -0.351849 -0.868270 -0.577940 -0.766053 -0.298601 -1.133721 -0.725546 -1.174278 -0.962770 -1.580048 -1.268842 -1.758613 -2.329304 -2.143737 -2.061837 -2.603604 -2.107413 -2.310620 -2.457698 -2.201490 -1.834844 -2.267552 -2.108749 -1.809650 -1.164534 -0.897412 -0.406231 -0.134020 -0.653206 -0.009324 -0.062589 0.017563 -0.012214 -0.459920 0.202166 0.268083 0.218699 0.106890 0.384791 0.014100 0.960008 1.480140 1.428854 1.320438 0.905453 2.092481 1.986415 1.672374 2.375224 2.495019 2.037274 2.248338 1.420709 1.596569 0.320127 1.033072 0.863453 1.159037 1.737618 2.445662 2.457598 1.779416 1.314439 1.578968 1.192317 0.930841 0.273211 -0.341805 -0.014125 -0.290553 -0.606418 -1.116777 -0.997312 -1.172758 -0.719485 -0.304679 -0.894858 0.459063 -0.620832 -0.101245 -0.176206 -0.378670 -0.023269 -0.105420 0.014569 -0.178698 -0.348375 0.820492 0.445248 0.048605 0.059198 -0.058339 -0.412147 0.269402 0.097547 0.550332 0.885506 0.327962 -0.233235 -0.447285 -0.481688 -1.438997 -0.749067 -0.510688 -0.845043 -0.729518 -0.796201 -0.854234 -0.867589 -0.183495 -0.532239 -0.119621 -0.411519 -0.128123 -0.224113 
192837465
10
0.262967 -0.161752 -0.125832 0.228980 0.201452 1.405365 1.215472 0.148558 0.747805 -0.966854 -0.839525 -0.355987 -1.146132 -1.598103 -1.707727 -2.865090 -2.185386 -2.163131 -1.752407 -2.443615 -2.549629 -3.044371 -4.121703 -3.419148 -3.103833 -2.974759 -2.703908 -1.646223 -1.734953 -2.034715 -1.351862 -0.923022 -0.288751 0.274346 0.074647 0.668603 0.454537 1.248924 1.391275 1.342693 1.180915 1.298306 1.070319 1.282721 1.254221 -0.136382 -0.610443 0.878822 0.991780 0.424238 0.855042 0.382423 1.321427 1.046885 0.457167 1.081142 0.904755 0.919118 0.291109 0.150163 0.563545 1.357503 1.610761 1.183638 1.756819 1.288330 1.374015 0.901305 0.653231 -0.165992 -0.153457 -0.406545 -0.144211 -0.320200 -0.729089 -0.236525 -0.028124 0.149384 -0.743636 -1.077104 -1.268014 -1.064838 -0.863702 -0.630246 -0.219057 -0.589583 0.109219 -0.134563 -0.125396 -0.960734 -0.448482 -0.189380 -0.536592 -0.514437 -0.169091 -0.457495 0.141903 0.442040 0.902106 0.590990 0.435430 0.532071 1.350282 1.403388 -0.104557 -0.911908 -1.906146 -2.277407 -1.899893 -2.278417 -1.849836 -1.732927 -1.260845 -0.927837 -0.267558 -0.408713 -0.315541 -0.329215 0.068247 -0.279104 
192837465
11
-0.882444 -0.873537 0.866746 0.494815 0.154728 0.478138 0.805021 0.802065 0.157929 -0.252360 -0.213691 -0.043083 -0.298541 -0.927998 -1.007076 -1.520542 -1.951661 -1.691332 -1.404794 -1.789897 -2.506459 -2.219555 -2.715388 -2.427272 -2.268466 -2.047941 -2.102822 -1.788732 -1.803557 -1.832395 -0.845045 -1.065769 0.077028 0.378721 1.149567 1.075860 0.143824 0.160486 0.128389 0.975000 0.943090 0.747119 1.780982 0.625929 0.715798 1.064376 -0.054809 -0.078126 -0.437172 0.198643 0.103605 0.200074 0.161623 0.519825 0.250245 1.409264 1.325943 1.701873 1.643161 0.480069 -0.308564 0.017044 1.160585 1.743709 0.949089 0.719859 0.623149 0.424376 -0.473378 -0.867367 0.059352 0.195291 0.825596 0.134827 0.967074 1.691279 1.741009 2.216676 1.704040 1.117865 -0.198839 0.359999 0.737275 0.291050 -0.212785 -0.300767 -0.093055 -0.026147 -0.265659 -0.209067 -0.790265 -0.506355 -0.004618 -0.273801 -0.343975 -0.296455 -0.467513 -0.092800 0.070821 0.681234 1.148429 0.572374 0.864117 0.648403 0.970309 -0.440699 -1.225739 -2.176873 -2.367040 -1.721397 -1.450144 -0.605708 -0.917504 -0.732585 -0.092867 -0.060409 -0.378398 -0.089224 0.139301 0.541218 
192837465
12
-0.715945 -0.239612 0.087726 -0.267802 0.775236 0.755693 0.629779 0.791424 0.714586 -0.051710 -0.876220 -1.215365 -1.356148 -0.284027 -1.368958 -1.154656 -1.175097 -1.879455 -2.009111 -2.483432 -2.313042 -3.597150 -3.389977 -2.714539 -2.538056 -1.938446 -2.095224 -1.449721 -1.471553 -1.254010 -1.314443 -1.636826 -0.810173 -0.303101 -0.415993 -0.288954 -0.312081 1.323541 0.797545 -0.322672 0.534924 0.154686 1.104584 0.923451 1.459514 0.713830 1.009779 -0.126523 -0.569265 0.084190 -0.395242 0.210339 0.044622 0.389724 1.151449 1.550833 0.722383 0.550897 0.984450 -0.156746 -0.382029 -0.816150 -0.699928 -0.094745 -0.614666 -0.209986 0.473797 0.361456 0.690561 0.450086 0.980904 1.401034 0.978461 1.027000 1.322408 2.173451 2.605211 2.752902 1.967711 2.422840 1.337683 1.108334 0.553127 0.107152 0.241323 0.202412 -0.530154 -1.263201 -0.849970 -1.104652 -0.863842 -0.214013 0.323789 0.284868 0.244785 0.667006 0.293830 0.614318 0.089659 0.500800 0.678438 0.454874 0.818198 0.994569 0.595199 -0.043420 -0.100816 -0.831433 -1.403779 -1.445149 -1.200829 -0.407632 0.346570 -0.101955 -0.752349 -0.555893 -1.067416 -0.630955 -0.849163 -0.296156 
192837465
13
-1.090419 -0.368740 0.489612 0.848308 1.732408 1.372041 1.252251 1.894582 0.825844 0.597740 0.404561 0.127275 -0.528123 -1.427840 -1.936306 -0.813106 -1.262111 -0.913754 -1.404514 -1.744564 -2.154158 -2.542457 -2.331813 -2.922483 -2.363616 -1.782591 -1.605003 -0.574557 -0.058722 -0.689655 -1.291583 -0.620430 -0.168017 0.349846 0.157604 1.000830 0.837534 0.816939 0.907936 0.835350 0.928161 0.822192 0.952899 0.470691 0.323558 -0.090612 -0.117074 0.982647 0.915207 0.607562 -0.260060 -1.182817 -0.311891 -0.315557 -0.321647 -0.162102 -0.028313 0.229236 0.355063 0.241139 -0.296371 -0.990808 -0.579027 -0.557935 -0.831458 -0.675109 -0.505868 0.074226 -0.379848 0.170596 0.446322 0.915302 1.295277 0.617974 1.336763 2.096902 1.476300 1.984841 2.246132 2.797059 2.150270 1.969806 1.558360 0.826455 0.480397 0.784928 0.662787 0.367371 0.176190 -0.076046 -0.651252 0.152905 0.873126 1.197304 1.610014 0.926341 1.964909 1.165399 0.309553 1.270672 0.993372 0.718861 0.554656 1.241311 0.019631 -1.349223 -1.313803 -0.863287 -0.901829 -0.580054 0.351838 -0.769196 -1.297063 -0.293994 -1.502562 -1.067276 -0.728284 -0.566252 -0.871023 -0.469581 
192837465
14
0.840410 1.107819 1.451572 1.624689 1.372179 1.666642 2.187634 2.748004 2.727551 2.050857 1.568969 1.466153 0.712720 0.427738 -0.470838 -0.932932 -0.829174 -1.143712 -1.503501 -1.933646 -2.030970 -1.563917 -1.018069 -1.093842 -1.961602 -1.253750 -0.389862 -0.413383 -0.556606 -0.768040 -0.812521 -0.320018 -0.520422 0.455170 -0.046952 0.465304 0.416388 1.305382 1.030978 0.390139 0.179639 0.457800 1.772624 1.769598 1.407143 0.820051 0.521000 0.241073 -0.038691 -0.053821 -0.900055 -0.254316 -0.508235 -0.793085 -0.651286 -0.799255 -0.089545 -0.767531 -1.040439 -1.030624 -0.906327 -0.411330 -0.502480 -0.374092 0.055190 -0.860608 -0.511618 -0.407395 0.581289 0.000715 0.210669 -0.914976 0.887998 0.897017 0.395970 1.241336 1.348733 2.205476 2.707015 2.335693 2.550671 2.769078 1.881986 1.259941 0.781861 0.611149 0.730624 0.857330 0.294130 -0.277633 -0.391515 0.249241 0.419870 0.265191 1.681415 1.723134 1.217586 1.172127 0.543087 0.700633 1.102849 1.371974 0.694229 -0.063408 -0.243129 -0.324695 -0.914087 -0.617312 -0.318990 -0.419396 -0.040003 -0.170811 -0.265022 0.182583 0.565310 -0.107020 0.250120 -0.072379 -0.233860 0.398333 
192837465
15
1.058901 0.857861 0.446625 0.499285 0.455271 1.033519 1.696832 2.540691 2.702877 1.865061 1.122428 0.899429 1.055844 0.119236 -0.095604 -0.340905 -0.815512 -0.469316 -2.076277 -2.339842 -1.453664 -1.108471 -0.640093 -1.100042 -0.776227 -1.163120 -0.469746 -0.522582 -0.918409 -0.330487 0.009167 0.087307 0.364282 0.043880 -0.141019 0.162330 0.912753 1.914063 1.426105 1.106088 0.949726 0.518531 0.810807 0.790473 1.163388 0.554929 -0.085216 -0.197968 -0.354737 -1.018407 -1.210145 -0.941626 -0.349568 -0.619665 -0.153761 0.330113 -0.263791 -0.367167 -1.278110 -0.687594 -1.349445 -1.623574 -0.472418 -1.002291 -1.068274 -0.312305 -0.489389 0.050504 0.227298 0.502273 0.807281 0.494080 0.626891 0.312510 0.944297 0.572403 1.071637 0.809025 0.715488 1.357934 1.035958 1.876774 1.789657 1.237599 0.786836 0.512917 0.959080 1.048058 1.007477 0.369845 0.608239 0.459488 0.315100 1.054163 1.216900 1.559263 1.487804 0.877269 0.549625 1.273227 1.336881 0.760194 0.945048 0.406149 0.395791 0.572440 0.917791 0.147123 0.434961 0.093789 0.446733 0.180269 0.674102 1.087729 0.214803 0.480154 0.621917 0.054699 0.659601 0.569305 
192837465
