1200.000000
160.000000
120
16
1
0.500000
2
2
0
1.397601 1.948274 1.099201 0.529571 0.916208 0.715643 0.141718 -0.582530 -0.000391 1.331371 1.376205 1.362395 1.541453 1.368160 0.723553 0.066028 0.030936 0.484201 1.264462 0.810995 1.242384 1.129719 1.282531 0.986484 0.409694 -0.193447 -0.386100 0.026683 0.934050 0.492194 0.621290 1.565029 1.618988 1.287617 0.718296 0.922507 1.382483 1.131488 0.944638 0.957226 0.376798 0.402388 0.450150 0.440831 -0.238249 0.001956 0.249752 -0.001920 0.957893 0.545932 0.088941 -0.361788 -0.454922 -0.908982 -0.734493 -0.997552 -0.654737 -0.301707 -0.439638 -0.280565 -0.359991 -1.016817 -0.895904 -0.930700 0.213427 0.272740 1.035839 0.568288 -0.041742 -0.909973 -1.309853 -1.719287 -0.653815 -0.594887 -0.926269 -1.038063 0.218094 0.488866 0.785953 0.901034 1.804133 0.952673 0.527576 0.564587 0.924134 0.023923 0.383988 0.224432 0.269261 0.862394 0.633577 -0.126035 -0.481212 -0.147962 -0.022274 -1.153740 -1.053494 -0.147509 -0.416983 0.718503 0.873831 0.198184 0.408503 0.530400 1.311036 1.006030 1.284937 1.313176 1.037763 0.809418 0.810002 0.069503 0.433436 0.936672 1.081022 1.458933 2.119156 1.549914 1.430895 1.253267 
192837465
1
0.555641 1.231513 1.804681 1.544512 1.766130 0.434569 0.806920 -0.522952 0.327618 0.286160 0.702247 0.761036 1.125377 1.250374 0.542168 -0.150729 0.354985 0.622727 0.381144 0.232820 0.423121 0.808138 -0.134987 -0.332459 -0.358637 -0.456509 0.248069 0.405924 0.792889 2.471477 1.691332 2.242198 1.749229 2.695862 1.787678 1.690092 2.045964 1.676150 0.756235 0.916807 -0.214253 0.341319 1.089103 0.745935 0.676539 0.226595 0.208802 1.040225 0.708872 0.474537 0.140858 -0.204576 -1.265798 -0.872924 -0.508797 -0.000537 0.021776 -0.022570 0.721175 -0.226991 0.187980 -0.025214 1.148732 1.115380 0.921641 0.744937 0.507223 0.219867 -0.166816 -0.518220 -1.718526 -2.021414 -1.171722 -1.233063 0.123474 -1.097519 -1.096616 -0.480304 -0.503081 0.653532 0.385414 0.871495 0.635597 0.390486 0.844909 0.233410 -0.131323 0.222315 0.255245 0.340729 0.734919 0.600877 -0.172911 -0.074877 0.718219 -0.356350 -0.704849 -0.895260 -1.105147 -0.591108 0.185691 1.043067 0.276097 0.790437 1.097067 1.302653 1.050726 0.904511 1.491456 0.848155 0.881557 0.854473 0.620862 1.332080 2.157246 1.732137 1.438655 1.867292 1.470209 0.603033 
192837465
2
0.893292 1.241983 2.098566 0.839659 0.994078 1.122169 0.572764 0.806871 1.489382 0.594202 0.486598 0.776834 0.427194 0.263065 0.788626 0.626080 0.356042 0.262429 0.061444 0.496962 0.243941 -0.051242 -0.984119 -0.349562 -0.900352 -0.676498 0.050848 0.401257 0.837394 0.174100 0.600594 1.004821 1.081026 1.903613 1.655248 1.888057 2.415195 2.815853 2.427972 1.093835 0.543385 0.476914 0.731894 0.719168 0.306068 0.784845 -0.034701 0.488724 0.780559 -0.067106 0.202167 -0.320293 -0.634267 -0.715042 -0.176670 -0.072498 0.366241 -0.490138 -0.069146 0.641618 0.118823 0.640150 0.482100 0.917321 0.481926 -0.258793 0.011916 -0.243497 -1.462677 -1.446858 -2.239896 -1.862532 -1.625382 -0.383171 -0.199642 -0.213906 -0.879685 -0.418694 -0.156852 0.560563 -0.141920 -0.450417 -0.211021 -0.548761 -0.098600 0.396759 0.243053 -0.115737 -0.291047 -0.196508 -0.307210 -0.777112 -0.885791 0.519592 0.934516 0.007940 -0.900835 -0.939350 -0.933344 -0.900908 -0.362095 -0.961755 -0.239182 0.632405 0.517541 0.835999 0.253577 0.645075 0.677691 0.759028 0.860780 0.662995 1.130139 0.990819 1.227000 0.854460 1.265094 0.339193 0.586044 0.328008 
192837465
3
0.962748 1.941485 1.806086 1.974698 1.397343 1.093709 0.350155 0.337545 -0.063328 0.582343 0.593151 0.603745 0.850723 0.789927 0.973601 1.132027 0.598776 0.375430 0.433753 -0.790867 -0.946019 -0.950015 -1.348350 -1.605010 -1.442052 -0.650585 -0.423851 0.635146 1.393563 1.297747 1.436015 1.015086 1.382390 1.323308 1.961467 1.842758 2.440432 2.390327 2.320262 1.998128 1.816722 1.756218 1.436156 1.540228 1.076203 0.763586 0.546392 0.546761 0.146201 -1.068384 0.110456 -0.746037 -1.282259 -1.658390 -1.142542 -1.522781 -1.549795 -0.657993 -0.466293 -0.262034 0.110830 1.033851 1.227920 1.529184 0.944085 0.135073 -0.568754 -0.925867 -1.833053 -2.124327 -1.957834 -0.551168 -0.581561 0.128186 -0.087433 -0.614433 -0.589173 -0.598996 -0.305707 -0.637244 -1.138384 -0.337169 -1.046090 -0.616630 -0.402623 0.312304 -0.119749 -0.072217 -0.189274 -0.856507 -1.152904 -0.285471 -0.398084 -0.054028 0.151002 -0.526249 -0.789524 0.229952 0.593424 -0.247669 -1.128876 -1.223057 -0.432406 0.442199 0.007492 0.250847 0.559465 0.450710 0.452877 0.441009 0.635255 0.825694 -0.406653 -0.976563 -0.397018 -0.644590 -0.537468 -0.772618 -0.345336 -0.885582 
192837465
4
1.034289 1.053810 1.993614 1.593236 1.443941 0.641373 0.184691 0.080431 -0.030918 -0.087404 0.069197 1.076760 0.391936 0.890004 1.122901 1.045273 0.472243 1.031955 0.551890 -0.588154 -0.382150 -0.910215 -0.246316 -0.096497 -0.452414 0.489766 0.650625 0.902325 1.174858 2.591533 1.873977 1.287978 2.220967 1.903266 1.512584 1.632821 1.175812 1.913019 1.636297 1.587524 1.590427 0.786179 0.705277 0.405689 0.652922 0.278547 0.395159 0.258604 -0.235154 0.190596 -1.167248 -1.433075 -1.691516 -1.771512 -1.450676 -2.152879 -1.300322 -1.218386 -1.370018 -0.243952 0.300680 0.320136 0.720837 0.556095 -0.233319 -0.858390 -1.395132 -1.841724 -0.963490 -1.267897 -1.169353 -0.705774 -1.682289 -1.289020 -0.490437 0.815790 0.688353 0.400920 0.257790 0.326302 -0.790899 -0.609321 -0.327422 0.807667 1.032187 -0.244168 0.721491 0.230216 -0.069782 -0.157838 -0.010667 0.149135 -0.553479 -0.757388 -0.168837 -0.257339 -0.368914 -0.045030 0.163563 0.379792 0.079930 -0.233677 0.599628 0.153809 0.438003 0.291758 -0.013144 0.683579 0.636824 0.582245 1.573561 1.042783 0.547770 0.086081 -0.421572 -0.516815 -0.326865 -0.948588 -0.921204 -1.952660 
192837465
5
0.492422 0.825174 1.098721 1.722576 0.576208 -0.332878 0.815041 0.012630 -0.042231 0.032634 -0.832496 -0.558475 -0.246338 0.607553 0.887348 1.011257 0.477190 -0.354112 -1.025097 -1.053813 -0.945227 -0.366267 -1.019420 -1.053795 -0.035764 0.094848 1.515337 1.964078 2.312245 2.787337 2.237487 2.101024 1.622953 1.787476 1.539135 1.941127 1.379852 0.976361 0.797114 0.821529 0.420023 -0.061680 -0.238279 0.830723 0.967307 0.257039 0.079342 -0.309218 -0.208999 -0.830531 -0.858095 -0.625195 -0.724425 -1.409584 -1.414192 -1.740138 -1.238964 -1.765381 -0.452205 -0.210963 -0.725683 0.205028 -0.532381 -0.284171 -0.724972 -1.738402 -1.597121 -1.689640 -1.643783 -1.466679 -1.401321 -1.273033 -1.104584 -1.022454 -0.305659 0.335166 0.161281 0.413362 -0.325101 0.461660 -0.433409 -0.670879 -0.082033 0.511193 1.470515 1.953109 0.473139 -0.267015 0.147932 -0.464212 -1.671908 -0.751106 -0.123438 -0.293000 0.445386 0.050695 0.577635 -0.222509 -0.413843 0.151642 0.607652 0.888753 1.302429 2.204451 2.362491 1.393357 0.362048 0.535017 1.094572 1.627504 1.770397 0.928752 0.887148 0.437289 0.266815 -0.121421 0.045425 -0.137455 -1.071040 -1.279691 
192837465
6
2.034550 2.035164 1.766819 1.280534 1.593271 0.487052 0.019543 0.337635 -0.302895 -1.386786 -0.893165 -0.696286 -1.318479 -0.727747 -0.942944 -0.412546 0.191006 -0.600347 -1.210252 -1.214048 -0.737411 -0.834007 -0.632066 -0.601632 -0.193066 0.506915 0.603846 1.101140 2.010870 2.112922 1.635391 2.194283 1.719469 1.633144 1.531614 1.787114 1.749327 1.610112 1.482085 1.038733 0.799498 0.773712 1.445045 0.937652 0.322661 1.125260 1.310042 0.419730 -0.381700 -0.732502 -0.364048 -1.065172 0.046287 0.187236 -0.167717 -0.731019 -1.326692 -0.284912 -0.405881 -0.211063 0.158973 -0.720618 -0.533252 -0.691178 -0.843423 -0.302386 -1.667401 -2.004709 -2.164545 -2.467062 -2.313459 -0.969831 -0.929302 -0.868149 -0.588625 -0.262100 0.242283 -0.342093 -0.127145 -0.588312 -0.541668 -0.111908 -0.253578 -0.532101 0.313200 1.239559 1.341599 0.992240 0.439532 -0.186621 -0.912526 -1.384090 -0.680447 0.651595 0.567665 0.514145 0.735479 0.367012 0.272517 1.064194 1.324271 1.362914 1.485742 1.773255 2.062339 1.432737 0.772771 0.733710 0.412925 0.355156 0.044594 0.186651 0.395893 1.306527 1.117240 0.663844 -0.228768 -0.490788 -0.649065 -0.342759 
192837465
7
3.077039 2.360098 2.258119 2.201246 2.288604 1.753989 0.861822 1.050439 0.792833 0.274898 -0.524923 -0.389759 -1.143317 -0.986865 -0.555919 -0.826458 -0.877295 -1.100445 0.036138 -0.992251 -1.544202 -0.651321 -0.792879 -0.610840 -0.810881 -0.461117 1.128083 0.958819 1.869032 2.308051 1.494960 1.821183 1.752099 1.299800 1.555892 2.142939 1.573793 1.256820 0.582719 1.328933 0.820039 -0.054635 -0.152746 0.561786 0.078296 0.603163 0.365859 -0.389609 -0.397813 -0.664167 -0.158206 -1.057460 -1.110413 -0.516159 -0.165809 0.001016 0.515687 0.232058 0.318722 0.169534 -0.519615 -0.576138 -0.654912 -0.625683 -0.016453 0.247158 0.018095 -0.872020 -1.523484 -1.384241 -2.041405 -1.237286 -1.363700 -1.331134 -1.800988 -1.777938 -1.393881 -0.833162 -0.437625 -0.233405 -0.854768 -1.359418 -0.724272 -0.713476 0.446757 0.562059 0.252669 0.345524 0.529879 -0.436537 -0.661958 -0.328252 -0.951983 -0.758949 -0.569593 -0.203312 0.106930 0.748803 0.943542 0.629713 1.723925 1.807503 2.577257 1.996306 2.400254 1.549333 0.554129 0.190466 0.041845 0.426537 -0.087191 -1.449964 -0.985741 -0.510230 -0.834540 -0.461345 -1.062933 -0.715285 -0.743408 -0.707123 
192837465
8
3.536758 1.625730 2.939088 2.790603 1.518145 0.427071 0.870357 0.851567 -0.043201 0.141046 0.108233 -0.265540 -0.517758 0.201103 -0.160791 -0.583780 -0.443599 -0.801716 -1.207934 -0.671250 -1.307956 -1.336643 -1.171478 -0.965553 -1.555169 -0.059706 0.252109 0.835870 1.086097 1.427693 0.606384 0.395957 -0.127340 -0.068860 1.349582 1.352322 1.908568 1.643928 1.214717 -0.161192 -0.505019 0.229094 0.062645 0.080217 -0.221870 -0.686565 -0.723912 -0.849401 -0.765144 -0.289953 0.362327 0.680934 0.343823 0.576525 0.286356 1.040633 1.433813 -0.166287 -0.353658 0.193204 0.119833 0.636323 0.191966 -0.091590 0.528855 0.501761 0.277002 -0.005319 -0.433782 -0.250027 -1.250408 -0.937229 -1.170925 -1.355134 -1.616176 -1.840788 -1.595281 -2.100577 -2.004216 -1.911075 -2.089228 -1.040366 -1.197317 -1.249478 -1.391704 -0.630353 -0.358783 -0.044809 -0.056471 0.056864 -0.983195 -1.469279 -1.488488 -1.043386 -1.151701 -0.515513 0.191541 0.279525 0.348927 -0.016452 0.802142 1.545934 1.559450 1.781025 1.212972 1.356396 1.081696 0.290341 -0.842824 -0.783642 -0.929977 -1.092655 -0.644448 -0.960904 -1.691471 -1.575627 -1.132779 -1.411155 -0.724683 -0.821387 
192837465
9
1.089995 0.426070 0.954699 1.211115 0.552063 -0.018264 -0.282658 0.196160 -0.261309 0.402507 0.195963 0.125673 0.381003 -0.132258 -0.160312 0.201898 0.201843 0.214097 -0.419804 -0.226274 -0.440457 -1.103496 -1.435935 -1.925582 -1.158383 -0.088934 0.086088 -0.172844 0.540702 0.700241 1.107573 0.348308 -0.126649 -0.334747 -0.418373 -0.095523 0.787471 0.268551 -0.355406 -1.277656 -1.442850 -1.221401 -0.733527 -1.046602 -0.914082 -1.702153 -1.292472 -0.469446 -0.707562 -0.979846 0.191370 0.125527 0.516863 1.355754 0.607982 0.644328 0.688474 0.578849 0.374002 1.283353 0.861779 0.313650 0.288298 0.019576 0.108475 0.759473 1.091540 1.060977 0.107432 -0.494494 -0.039524 -0.155822 -0.594147 -1.331738 -1.145760 -0.946390 -1.315806 -1.922037 -2.294914 -2.269960 -2.214998 -1.439289 -1.331190 -1.021391 -0.943179 -1.410694 -0.637002 -1.546210 -1.123511 -1.158315 -0.634307 -0.556346 -0.378614 -0.882521 -1.409604 -0.999580 -0.612008 -0.043865 0.333954 0.098635 -0.070602 0.473966 0.874131 1.018807 1.012693 1.583605 0.830405 0.114136 -0.801763 -1.133355 -1.673153 -1.350584 -1.281802 -1.733021 -1.348039 -0.968070 -1.007416 -1.817975 -1.116196 -0.688134 
192837465
10
1.168650 0.386918 0.351804 -0.099302 -0.621954 -0.270954 -0.441215 0.517388 -0.129688 0.121864 0.792554 0.712893 0.594934 0.601274 0.576577 0.698224 0.669748 0.087476 0.617031 0.130477 -0.344577 -0.806452 -0.412262 -0.436457 -0.648579 -0.289324 -0.398758 -0.129775 0.152049 0.090816 0.193006 -0.614242 -0.492821 -0.473113 -0.952440 -0.220319 0.014923 -0.011271 -0.743334 -0.774412 -1.328300 -0.731499 -1.066311 -0.200335 -0.424293 -1.872789 -1.726946 -1.343453 -0.780170 -1.105400 -0.140400 0.981001 0.609584 0.435018 0.480906 0.219246 0.737876 1.422012 1.017833 1.088426 1.040694 0.859150 0.734005 0.800375 0.325891 0.073417 0.492193 1.351959 1.243698 -0.498668 0.293192 0.444742 -0.322768 -0.738895 -0.135860 -1.813149 -1.626912 -1.919088 -2.310270 -1.674814 -1.240933 -1.027950 -0.838602 -1.143144 -1.662042 -1.392875 -0.922088 -1.574526 -1.698643 -2.798753 -1.624916 -1.260480 -1.015815 -1.465958 -1.854400 -1.665137 -1.784156 -1.665487 -1.661230 -0.766017 -0.678690 0.400104 -0.294271 -0.763502 -0.215409 -0.464198 0.279610 -0.695020 -2.361335 -1.822498 -1.115261 -0.981634 -1.460601 -0.844473 -0.655351 0.390047 -0.564794 -1.048024 -1.132477 -1.370986 
192837465
11
1.192989 0.927909 0.780906 1.076490 0.923999 0.493672 0.317223 0.784531 1.711062 1.504422 0.880103 0.630761 0.156735 1.019656 0.704729 0.879387 0.270406 0.185406 -0.121070 -1.258774 -1.763120 -1.688752 -0.341340 -0.503757 -0.052334 -0.164276 -1.035383 -0.941071 -0.745668 -1.284020 -1.028468 -1.855737 -1.534944 -1.267526 -1.700570 -0.828718 0.088899 0.380714 0.389054 -0.751300 -0.585825 -0.562070 0.131522 0.085567 -0.241762 -0.891069 -0.868369 -1.159815 -1.514205 -2.142364 -0.788841 -0.444649 -0.036741 0.144589 -0.495777 0.008023 0.400850 0.149614 0.778733 0.509193 1.082496 0.946105 1.137955 1.143427 0.537155 0.217072 0.704726 1.164920 0.882804 0.587017 0.049253 0.023388 -0.198151 -0.013661 -1.119192 -1.642750 -2.536651 -2.644109 -1.998807 -0.860138 -0.851221 -1.247633 -1.282356 -0.916149 -0.209763 -0.658017 -0.144624 -0.372275 -1.216690 -1.243234 -1.135291 -1.015780 -1.563714 -1.601375 -1.759359 -1.542707 -1.611821 -0.977214 -0.995041 -0.527676 -0.169619 -0.349643 -0.626120 -1.299126 -1.527382 -1.207340 -1.028839 -1.925775 -2.561337 -1.679971 -1.417626 -1.231579 -1.283376 -1.925565 -1.599721 -0.404525 0.328842 -0.323217 -0.708617 -0.864304 
192837465
12
0.742042 0.856228 0.756757 0.436999 0.379857 1.302180 1.586494 0.749797 0.882336 0.856288 0.977117 1.412926 0.740183 0.661599 0.058345 1.621143 1.376879 0.771154 -0.455960 -0.587995 -0.775995 -0.817167 -0.479870 0.218065 0.510342 0.529307 -0.031423 -0.413192 -0.108998 -1.112807 -0.580795 -1.575972 -2.441710 -1.833711 -1.148867 0.129164 0.223832 -0.157229 0.060123 -0.366050 -0.535006 -0.201447 0.274587 -0.104067 -1.014020 -2.020062 -1.832525 -2.251176 -1.859452 -1.585098 -0.732810 -0.808607 0.175619 -0.223806 -0.087382 0.110170 0.311151 0.298148 -0.249784 0.036392 0.555104 0.949071 1.753732 1.659888 1.610535 0.960889 1.168450 0.810826 1.481861 1.104758 1.288213 0.075866 -0.477317 -0.382760 -0.093777 -0.634788 -1.629368 -0.610337 0.596373 -0.398859 -0.523432 -0.007563 -0.588822 0.263304 0.298046 -0.420746 -0.945257 -0.780600 0.012603 -0.034058 0.083068 -0.949798 -1.223906 -0.935320 -1.319845 -1.057763 -1.942191 -1.467905 -1.141990 -1.589867 -1.778115 -1.098506 -0.219167 -1.343038 -0.960413 -0.966579 -1.283151 -2.167565 -2.476174 -3.122633 -2.473438 -2.441744 -2.654269 -2.173047 -1.299944 -0.883800 -0.898140 0.262711 0.291051 -0.683337 
192837465
13
1.550207 1.248667 1.013016 0.190696 0.831770 0.051001 0.167969 0.139399 0.798961 1.007757 0.912025 1.077512 1.175103 1.042753 0.346956 0.512882 0.678314 -0.299556 -0.524081 -0.080743 0.411638 0.573665 1.027960 1.324451 1.381212 -0.082668 0.445257 0.170257 -0.274041 0.165065 0.140280 0.110072 -0.420431 -0.059203 -0.758473 -0.390691 -0.049886 -0.056382 -0.552603 -0.920179 -0.157362 0.059007 -0.562070 -0.876728 -0.244287 -0.833565 -1.354078 -1.353933 -1.051903 -1.005591 -0.565372 -0.187932 0.225176 0.332814 0.851838 0.805676 0.937769 1.131147 0.433996 -0.494998 -0.033405 0.242272 1.678723 1.091375 0.817208 0.454113 1.085231 1.657438 1.103092 0.908532 0.183445 0.522885 -0.372529 -0.544476 -0.901472 -0.373014 -0.599177 0.089537 -0.283310 0.072628 0.972494 0.364605 -0.600329 0.829214 0.012273 -0.058919 0.205564 0.002386 -0.104615 -0.269728 -0.087781 -0.567363 -1.165899 -1.365487 -1.551645 -1.012800 -1.519855 -1.583518 -1.592796 -1.959123 -2.362170 -1.113837 -1.141945 -1.814220 -1.623425 -1.274612 -2.120283 -2.708748 -3.317201 -3.391916 -2.103680 -2.412157 -1.355927 -1.312464 -1.075571 -0.619217 -0.478221 -0.797249 -1.255552 -1.187492 
192837465
14
1.780771 1.434912 1.463788 0.832914 0.569717 1.254462 0.651260 0.219624 0.149698 0.870459 0.122811 -0.025010 0.285631 0.888532 1.096224 0.768851 0.019952 -1.002350 -0.536264 -0.024640 0.107299 0.543803 -0.141778 0.449641 0.979996 1.300048 0.904696 1.084277 0.656551 0.695105 -0.266045 -0.228588 -0.155768 -0.023840 -0.076868 0.742171 0.350935 -0.142985 -0.233138 -0.210053 -0.937235 -0.591826 -0.306751 0.348702 -0.101901 -0.580646 -0.945948 -0.964006 -1.412405 -0.964352 -0.240329 0.342923 1.137806 0.880007 0.743595 1.507313 1.044219 1.273049 1.058110 1.141406 1.548693 0.552654 0.694339 1.257000 0.252271 -0.107679 0.021356 0.225035 0.095942 0.398999 0.343333 0.419514 -0.513011 -0.229261 0.112657 -0.779550 -0.434783 1.045588 0.810641 1.963728 1.307804 0.776469 0.578672 0.086893 -0.004297 -0.154631 -0.104304 -0.225176 -0.377910 -0.712148 -0.610411 -0.017931 -0.629795 -0.722464 -1.014519 -0.110540 -0.763442 -1.475403 -1.104215 -1.887930 -1.482567 -1.581254 -1.532162 -1.504749 -1.326779 -1.611063 -1.771154 -2.146771 -2.062689 -2.755948 -2.896928 -2.299299 -1.490897 -1.091284 0.085901 -1.198921 -1.690999 -2.153896 -1.999271 -1.652740 
192837465
15
0.508173 0.768131 1.401571 0.238205 1.962398 1.401868 1.389471 1.417306 0.927295 1.043766 0.815576 1.473832 0.662339 1.025408 0.310550 0.234631 0.819995 1.065071 1.049308 0.486882 -0.526318 -0.630730 -0.119792 -0.056648 0.106240 0.809701 0.547915 0.912804 0.675595 0.334158 0.408537 -0.132317 -0.467315 -0.008611 -0.089375 0.102996 0.196978 -0.324097 -0.475951 -0.975479 -0.474453 -0.295103 -0.333164 0.679044 0.697083 -0.265158 -0.448330 -0.884800 -0.553671 -0.273020 -0.390278 -0.138503 -0.016717 0.995267 1.319297 1.123092 0.847575 0.152310 0.583260 1.465321 1.146585 1.065613 1.619607 0.056637 0.040374 -0.279413 -0.544426 0.202324 0.959025 0.552654 0.709155 0.685993 -0.367072 0.403434 0.460134 0.549027 0.567434 0.111825 0.907280 0.269465 0.515155 0.464462 1.232693 0.267915 0.711606 0.813866 0.847848 0.759817 0.487080 -0.207897 0.060078 -0.376826 -0.116165 -0.205548 -0.390906 -0.319369 -0.193912 -0.423937 -1.094443 -1.190532 -1.123864 -1.954178 -1.337623 -0.943251 -0.940311 -1.098616 -1.580029 -0.963323 -1.487089 -2.167437 -2.883119 -2.007037 -2.038091 -1.527470 -0.844133 -1.111507 -1.390064 -1.710760 -1.122489 -1.870698 
192837465
