1200.000000
160.000000
120
16
1
0.500000
2
2
0
0.284449 0.583481 -0.022784 -0.077697 0.488599 0.469552 -0.766274 -0.227500 -0.080005 -0.224657 -0.806088 -1.363586 -1.056670 -0.560234 -0.892805 -0.864023 -0.337686 0.113209 0.088998 -0.061694 0.371371 -0.069695 0.731762 0.761589 -0.176031 -0.634787 0.446203 1.118167 1.426896 1.184557 0.678422 0.396523 1.073217 1.383249 1.928240 1.690941 1.954923 1.771789 1.140067 1.434446 1.142289 0.778627 1.993340 1.469822 0.392089 -0.156603 -0.689195 -0.925390 -0.290622 0.114197 -1.126164 -1.064201 -0.345722 -1.478307 -1.267626 -1.670410 -1.044226 -0.636583 0.444738 0.138487 0.269526 -1.191590 -0.593940 -0.893842 -0.961202 -1.231016 -1.236749 -1.842522 -2.409575 -2.047166 -1.785184 -1.243040 -1.967900 -1.376335 -1.290603 -1.021475 -2.577971 -2.337971 -1.536881 -1.093001 -1.259560 -0.977690 -0.859667 -0.666809 -0.815273 -1.446320 -1.081841 -1.419763 -0.945718 -0.316070 -0.122716 0.174534 0.734667 1.093158 1.496041 1.674209 1.106471 0.754203 0.787292 0.616512 0.597944 0.776233 0.845388 0.390774 0.843355 0.406397 0.176726 0.399515 -0.061931 1.073268 1.179919 0.325944 -0.494786 0.301253 0.090768 0.880894 1.595507 1.604002 1.827963 1.957133 
192837465
1
0.443884 0.289634 -0.188745 -0.021318 0.572582 0.276758 -0.942321 -0.920527 -0.027889 -0.648037 -0.957413 -1.736895 -1.380045 -0.396555 -0.444255 -0.119312 -0.100040 0.018128 -0.120668 -1.026231 -1.038965 -0.480656 -0.153207 1.026089 0.666614 0.161903 0.132301 0.611225 1.614265 0.941929 0.257591 1.164828 0.875145 1.164663 1.613923 0.380583 1.192961 -0.055958 0.307310 0.824142 0.639085 0.647436 0.578100 0.964518 0.534185 0.361026 1.219022 0.183416 -0.596561 -0.295488 -0.508805 -1.104702 -1.112734 -0.307807 -0.030026 -0.267307 -0.453613 0.226015 1.015013 1.714000 0.405965 0.137596 0.122990 -0.685633 -0.960244 -0.899074 -0.750287 -1.119474 -1.470850 -1.419557 -0.917917 -1.414338 -1.328443 -0.645206 -0.772293 -0.990825 -1.257318 -1.185170 -0.549370 -0.592682 -0.659240 -0.952120 -0.341210 -0.769982 -0.886885 -0.408955 -1.198257 -1.283299 -0.854204 0.269980 -0.503058 0.837980 0.964335 2.110593 1.907064 2.610687 1.731863 1.529325 0.347704 0.366477 1.084801 1.387432 1.715934 0.925348 1.140287 0.744535 -0.370721 0.301801 0.612886 0.993074 1.912914 1.845482 1.718944 1.575190 1.259941 2.109511 2.424673 1.974816 2.394914 2.178483 
192837465
2
0.325618 -0.250306 0.695875 0.500808 0.166550 -0.141735 -0.275455 -1.472191 -1.623425 -2.069143 -1.718786 -1.724914 -1.579768 -1.319717 -1.345094 -0.335401 -0.278529 -0.263010 -0.737301 -0.405616 -0.271803 -0.357220 -0.520385 0.183658 1.230589 1.067401 -0.240306 0.135104 -0.248711 1.046786 1.467044 1.286094 1.405603 1.208160 0.735264 0.853443 0.350366 0.115871 0.396243 0.308106 1.659729 0.685924 -0.705812 -0.567178 -0.810549 0.089683 0.832970 0.359993 0.413720 0.854780 -0.594439 -1.335795 -0.755389 -0.328559 0.111433 1.251914 0.526833 0.047682 1.106065 1.495003 1.211061 1.205211 1.012522 -0.020453 -0.295414 0.308168 -0.284652 -0.948393 -0.588933 -0.921774 -0.957952 -1.075769 -1.255532 -2.233606 -2.536740 -2.080068 -0.569398 -1.350088 -1.381806 -0.657361 0.267110 -0.348363 -0.019808 -1.109895 -1.622995 -1.036323 -0.221099 -0.201449 -0.055339 -0.167325 0.867199 0.537584 1.580740 1.853397 2.698132 3.433586 3.014759 1.703864 -0.220471 0.183389 0.060052 0.220286 0.664658 0.892373 -0.082134 0.008222 -0.434144 -0.386036 -0.057351 -0.580124 0.340451 1.004187 0.929949 0.931478 1.255180 2.529768 2.864276 3.232380 2.524981 2.200957 
192837465
3
0.149052 -0.247536 0.735923 0.720292 0.385536 0.434893 -0.242353 -0.734456 -1.266118 -1.350803 -1.706115 -2.055886 -2.646453 -1.133905 -1.677477 -1.495349 -0.716058 -0.668201 -0.681624 -1.175958 -0.697468 -0.040529 -0.862535 0.658954 0.827781 0.555115 0.003671 -0.017624 -0.330456 -0.718111 -0.326786 -0.190734 0.817124 0.221696 0.678964 0.041607 -0.178056 -0.045200 -0.020049 0.558017 0.242635 -0.217042 0.365806 0.147777 -0.048603 0.018773 0.800900 0.028761 -0.063098 -0.083974 -0.425052 -0.135924 -0.214625 -0.692343 0.497104 1.596338 1.233574 1.146970 2.141174 1.969441 2.194070 0.763519 0.761130 0.812528 -0.655987 -0.098832 -0.752625 -0.740020 0.203739 0.932995 1.053094 0.041614 0.395424 -0.038423 -0.225595 -0.622017 -1.021510 -1.336263 -1.348233 -0.960051 -0.422038 -0.132908 0.669149 0.115629 -0.128199 -0.380419 0.251861 1.114765 1.860694 0.890122 0.279768 1.251814 0.549780 1.485000 2.302186 2.093919 1.622297 1.408066 0.395715 0.722288 0.411525 -1.059924 -0.422738 -0.798767 0.289214 0.169054 -0.122391 -0.001371 -0.107034 0.861424 0.854548 -0.064791 -0.548358 -0.094105 0.657946 0.730976 2.024429 2.672835 2.876226 1.825352 
192837465
4
-0.786383 -0.940524 0.441909 0.096996 -0.652809 -0.822147 0.402881 -0.064397 -0.692298 -1.300347 -1.797194 -2.439856 -2.634307 -1.780704 -2.064369 -1.135968 -1.891079 -2.488978 -2.530049 -1.973400 -0.697370 -0.398419 -0.631971 -0.182611 -0.453941 -0.371555 -1.229608 -1.510955 -0.988377 -0.738135 -0.564058 -0.391943 -0.178274 0.022516 -0.387632 0.464983 0.565898 -0.008874 -0.062120 0.161295 -0.495529 -0.096615 -0.608120 -0.232555 -0.461016 -0.786514 -0.455584 0.410274 -0.210303 -0.218570 -0.136046 -0.001940 0.346547 0.143116 1.106142 0.846958 0.962626 1.295763 0.796398 1.634977 1.161534 0.065803 0.919168 1.255353 0.538249 1.300459 -0.308050 0.526396 1.255332 1.091272 0.781521 0.768157 0.698960 0.196807 0.588380 0.085494 -0.087718 -0.040129 -0.241150 -0.295325 -0.562703 -0.032876 0.272289 0.482838 -0.096682 -0.629179 0.121587 0.012771 1.166755 1.359512 0.473429 1.038025 1.583648 1.149565 1.060694 1.816884 1.660496 0.948149 1.003125 0.150391 -0.154334 -0.384426 -0.139743 0.491543 -0.091969 0.573778 1.430468 1.337459 1.069200 0.732322 1.934454 1.054577 1.131641 1.612749 1.477052 0.953223 1.685055 1.452851 2.041492 2.198534 
192837465
5
0.161158 -1.348971 0.452314 0.505192 -0.257461 0.234524 -0.072874 0.325957 0.184816 -0.360577 -2.016813 -2.540290 -2.945464 -2.366557 -1.288202 -1.584332 -1.058437 -1.982184 -0.976935 -1.113981 -0.311031 -0.492922 -1.010219 -0.746898 -0.525930 -0.190127 -0.956592 -1.259394 -0.441001 -0.556605 0.626805 0.204649 0.210617 -0.007372 0.487011 -0.676545 -1.715514 -1.033387 -0.809263 -1.653192 -0.051874 -0.744369 -1.085583 -0.573256 0.012475 -0.829315 0.374412 0.561937 0.776302 1.053689 0.462450 -0.042615 0.908566 1.417921 0.161991 -0.164554 0.053660 0.428921 0.317769 0.082415 1.329085 1.471017 0.605782 0.332906 -0.324353 0.148106 0.376128 0.418295 1.432125 0.729193 0.935665 1.366668 1.186210 0.368828 -0.281588 -1.081194 -1.142745 -0.443647 -0.597799 -1.086399 0.043293 0.445406 0.748852 0.067966 0.014251 -0.893771 -0.689235 -0.268215 1.222821 1.967884 1.478986 0.504734 1.075924 0.850187 0.560220 0.579993 0.481139 0.314977 0.156070 1.039312 1.452555 0.719868 0.759623 0.819666 1.548035 1.362268 2.264068 1.767734 1.592841 1.081240 1.150448 1.624891 1.171477 1.337999 0.538522 0.728802 0.893832 1.233263 1.190545 -0.165365 
192837465
6
-0.177842 -0.792708 -1.170031 -0.501284 -1.627323 -0.397856 -0.244532 -0.381905 -0.019279 0.185366 -0.659922 -1.878495 -1.439198 -1.370553 -0.547581 -0.261971 -0.719877 -1.632784 -1.802427 -0.754433 -0.194381 0.305690 1.063600 0.627072 0.213508 -0.876340 -0.416132 -0.324824 -0.242271 0.290644 -0.481085 -0.609339 -0.591377 -0.260483 0.573021 -0.671584 -0.305346 -0.787906 -1.665107 -1.218037 -0.174486 -0.011219 0.847495 0.064714 -0.732612 -0.406686 -0.283510 -0.963889 0.460046 0.422672 0.843940 1.358888 0.837542 1.349919 0.465074 0.945953 1.488914 0.957767 0.682847 0.550452 0.454957 -0.126655 -0.709444 0.170525 -1.137377 -0.272406 -0.360805 -0.214529 0.458784 0.715181 0.523339 0.900436 0.609207 0.967121 0.332526 -0.428884 -1.220653 -0.822406 -0.552749 -0.809151 -0.729435 -0.419258 -0.644112 0.268522 -1.037594 -0.886677 1.028247 1.576819 0.989806 1.533419 1.044282 0.217422 1.370309 -0.200777 -0.426143 -0.313277 -0.188831 0.507810 0.121242 0.488839 1.709233 0.950511 1.007903 2.283443 1.663906 1.769418 1.826335 1.755941 1.313736 1.434354 1.529184 1.878618 1.660999 0.333206 1.039452 1.068083 0.449323 0.822419 0.676150 -0.443825 
192837465
7
-1.116832 -1.088483 0.232623 0.055747 -0.512052 -0.062519 -0.365747 0.828193 0.634748 -0.058948 -0.396083 -0.190248 -0.743233 -1.091202 -1.610061 0.059360 0.209579 0.430229 -0.533922 -0.491305 -0.369500 0.213849 0.561084 0.714062 -0.135417 -0.723535 -1.052236 -1.143253 -0.192213 -0.464770 -0.681673 -0.648659 -0.863761 -1.065772 -0.004637 -0.176997 -0.115988 -0.938270 -1.519283 -1.914920 -1.810536 -1.638896 -0.969252 -0.889484 -0.597127 -0.650822 0.256573 0.602131 1.704231 1.671360 2.294967 1.804973 0.351945 0.066322 0.151389 0.505496 0.865793 0.600021 0.138574 -0.402378 0.160563 -0.314310 0.194661 -0.335262 -0.568670 -1.312174 -1.007458 -0.342884 0.129995 -0.129025 -0.236316 -0.304000 0.157138 0.399578 0.822869 0.427062 -0.845415 -0.950022 -1.891264 -1.393406 -0.794739 -0.784660 -0.533147 -0.379966 0.178719 0.675326 0.023765 0.498510 -0.419912 -0.067466 -0.200850 0.209503 0.538724 -0.146756 0.003985 0.714962 0.352849 0.686951 0.370913 0.962771 2.355723 1.419946 1.845355 1.431962 1.842009 1.848947 0.914850 1.320772 1.673150 1.003102 0.509497 1.132523 1.046544 1.140841 1.046159 0.370560 0.745681 1.495865 0.816830 -0.053380 
192837465
8
-0.232052 0.983467 0.970847 1.153766 0.791811 -0.058767 -0.198474 0.163363 0.646722 0.100562 -0.785524 -0.277582 0.453099 -0.764320 -0.084633 -0.013655 0.541601 1.333218 1.199822 -0.023844 -0.164469 -0.561250 -0.149606 -0.281573 0.043799 -0.231107 -1.220412 -1.467345 -1.050210 -0.852155 -2.186911 -1.887686 -1.169120 -0.942124 -0.629046 -0.926670 -0.856606 -1.246417 -0.569390 -0.942237 -2.576317 -2.174041 -1.980350 -0.944311 -0.746043 -0.254825 0.474402 2.116063 2.030141 2.423157 1.210972 2.292197 1.653804 1.532205 0.980067 0.906350 0.159720 0.738789 0.020774 0.713067 -0.435743 0.079917 -0.821106 0.102629 -0.765432 -0.955827 -0.039557 -1.087380 -1.028287 -1.170317 -0.737142 -0.359296 -0.024074 -0.070942 -0.419078 -0.698460 -1.823529 -0.913850 -1.506755 -0.593191 -0.564252 -0.710220 -0.302871 0.127702 -0.340717 -0.020567 0.046921 -0.178552 -0.659248 -0.114890 -0.860244 -0.560807 0.470863 0.504594 0.602616 0.534335 0.167148 0.337859 0.605849 0.350193 0.541089 1.207437 1.279354 0.925508 0.207765 1.079920 0.622226 0.536564 0.465172 0.874223 0.506421 1.327602 0.948213 1.601888 2.804688 1.761055 0.994676 0.456208 1.145652 0.288474 
192837465
9
-0.002439 0.305855 0.117264 -0.123644 -0.798801 -0.159590 -1.174347 -0.743125 -0.581013 -0.085368 0.306514 0.231153 0.349631 -0.022336 -0.408211 -1.007440 -0.729308 0.604295 0.316730 0.978279 0.710490 0.749767 0.587498 -0.439845 -0.743984 -0.752675 -1.112907 -1.402154 -2.082319 -1.794269 -1.535520 -1.033064 -1.437716 -1.213313 -2.233203 -2.092658 -0.992122 -1.741284 -2.063899 -1.916905 -2.098171 -1.529531 -1.157050 -0.672906 -0.644899 0.369838 0.399184 0.098679 0.614190 1.285743 1.696258 1.234116 1.354684 1.176113 0.178004 1.033942 1.510505 1.219863 0.594553 0.386931 1.060704 1.795482 1.418923 0.728821 0.618228 1.047073 0.401951 0.620763 -0.132400 -1.026970 0.482505 0.553555 -0.245641 -1.823615 -1.922285 -1.793759 -2.106566 -1.669032 -1.186916 -0.570325 -0.624745 -0.089774 -0.493025 0.036395 0.085195 0.330970 0.133312 -0.355948 -1.041113 -0.929076 -1.524245 0.090083 -0.617470 -0.387326 0.122483 0.091846 0.109253 -0.001547 1.004725 1.577208 0.408470 0.799358 0.526044 0.640910 0.953030 0.383117 0.400019 -0.683834 -0.140449 -0.088488 -0.701431 0.756014 0.686933 0.824370 0.910438 0.348286 0.888271 0.995276 0.781952 0.844293 
192837465
10
0.494063 -0.109776 -1.224966 -1.394349 -1.260837 -0.908523 -1.149291 -1.226763 -0.580090 0.060537 0.066195 0.878476 1.013562 0.458539 -1.012897 0.004587 -0.664609 -0.522556 -0.589377 -0.972249 -0.617003 -1.476280 0.018224 -0.477064 -1.031829 -0.890834 -0.441419 -0.484867 -0.704989 -0.777694 -0.702506 -0.454134 -0.717297 -1.495547 -1.280162 -1.010196 -0.803546 -0.582590 -0.318359 -0.675249 -0.879646 -1.774129 -2.079277 -0.984384 -0.635124 -0.086072 0.473197 -0.122612 -0.981892 -0.354604 -0.455085 -0.873070 -1.440114 -1.194946 -0.417447 0.128271 0.590369 0.723612 1.677409 1.741936 1.481569 1.833765 1.597983 1.704456 1.369594 1.662059 0.094400 0.399657 0.200801 -0.957443 -0.106900 -1.265828 -1.406571 -1.593993 -2.171773 -2.200790 -1.916173 -1.388956 -0.772811 -0.989114 0.078832 -0.731868 -0.960459 -1.618095 -1.025830 -0.501512 -0.629537 0.135319 -0.177215 -1.347356 -1.203518 -1.581372 -1.734167 -0.864050 0.099954 -0.096590 -0.634145 -1.051518 -0.780776 0.010519 0.097474 -0.188829 -0.367609 -0.733946 0.455285 -0.280818 0.156770 0.556123 0.206092 -0.768140 -1.478159 -0.260615 0.522690 -0.236503 0.465888 0.003605 -0.571617 -0.542483 -0.163927 -0.121099 
192837465
11
-0.347784 -1.143511 -0.612933 0.047791 -1.047147 -0.526459 0.044214 -0.894388 -0.673007 -0.870078 -0.015925 -0.130552 0.229894 -0.306085 -0.023820 0.044618 -0.701374 -1.599285 -1.700133 -1.844865 -1.386860 -1.081683 -1.714153 -1.547182 -1.776012 -1.115679 -0.739518 -1.070334 -1.187189 -0.758771 -1.282566 -0.541463 -0.215559 -0.048793 0.439966 0.374524 -0.197109 -0.605629 -0.045333 0.526646 -0.138016 -0.599620 -0.906789 -0.862224 -0.773467 -0.129462 0.118575 -1.268413 -2.093070 -2.650008 -2.016516 -1.628466 -1.731355 -1.491762 -1.219321 -1.405268 -0.904089 -0.629496 0.983653 0.843555 1.384360 1.875624 2.512804 1.848423 1.782644 1.112865 0.954207 0.361688 -0.621463 -0.951999 -0.622308 -1.394292 -2.017383 -1.441643 -1.796513 -1.653577 -1.730207 -1.445005 -0.660299 -0.643909 -0.461818 -0.663029 -0.796275 -0.977779 -1.284850 -1.753182 -1.388234 -1.859494 -1.358156 -0.958994 -0.250105 -0.277153 0.094675 0.446621 0.148711 -0.024144 0.413987 1.483983 0.235802 1.031154 0.138602 0.186993 0.302581 0.673408 0.733631 1.058248 0.671446 0.088777 -0.640906 -1.760789 -1.471435 -1.696460 -1.032422 -1.677052 -0.438315 -0.665366 0.634030 1.339064 -0.734516 -1.057950 
192837465
12
0.007017 0.420363 -0.266460 -1.076192 -0.656401 0.426434 0.175016 -0.387446 -0.243002 -0.164978 0.156039 0.667500 0.703704 1.051967 -0.079558 -0.282433 -0.275535 -0.866615 -0.977543 -1.164906 -0.860392 -1.026074 -0.572215 -0.670354 -0.506323 -2.176417 -1.859148 -0.662832 -1.299635 -1.161282 -1.370028 -1.605976 -1.207508 -0.433381 -0.119750 0.501820 0.955462 0.641030 0.506228 1.574052 0.312346 0.101878 -0.116914 -0.860338 -0.734705 -0.549831 -0.474284 -0.631240 -0.785003 -1.232689 -1.587855 -1.323594 -1.326264 -0.901236 -0.149777 -1.127381 -0.518963 -0.412941 0.108937 0.501192 1.318088 1.674158 1.270751 2.236289 1.500120 1.154291 1.081527 0.941800 0.551199 0.221744 -0.192777 -0.448909 -0.652277 0.010636 -0.046887 -0.288321 0.034393 -0.056371 -0.462642 -1.063894 -1.603026 -1.553924 -0.341309 -0.883733 -1.400697 -1.250858 -1.680492 -0.898389 -0.230748 -0.065774 0.180189 0.730659 1.360678 1.311006 1.454348 0.802155 0.957088 1.494178 0.979642 0.598367 -0.181058 0.139859 0.404781 0.749479 0.379858 0.686934 0.303887 -0.356212 -0.759258 -0.887086 -0.920730 -1.404007 -1.012532 -0.674696 -0.273781 -0.220180 -0.116456 0.197614 1.265836 0.739751 
192837465
13
0.522113 0.236963 0.269442 0.354351 0.487815 1.193063 1.167793 0.460613 0.967345 0.950218 0.923103 0.254761 -0.218835 -1.322837 -0.622978 -1.005051 -0.935041 -0.496351 -0.276895 0.159322 -0.687353 -0.283696 -0.389936 -0.669824 -0.534375 -1.566536 -1.021335 -0.351312 -0.633667 -1.005285 -0.658171 -1.120664 -0.984689 -0.144957 0.088827 0.476413 0.362181 -0.406782 0.639869 0.305176 1.206099 0.446217 -0.728206 -0.479586 -1.012641 -1.184286 -0.778533 -1.512523 -0.986261 -0.622611 -0.703284 -0.816736 -0.988440 -0.030229 -0.212933 -0.103701 -0.975566 -1.740646 -0.523631 0.906936 0.615423 0.217448 0.548663 1.628715 0.994224 0.972324 1.340110 1.304743 0.427942 1.443058 1.462495 1.257621 1.158461 0.767389 0.094276 0.798775 0.077826 0.173767 -0.367743 -1.430889 -0.070916 -1.007056 -0.974914 -1.226330 -1.371652 -2.069927 -1.606984 -0.730564 0.308068 0.523709 -0.133093 0.416749 0.318896 0.264539 0.614186 0.461545 0.466584 0.023742 1.414006 0.608731 0.483627 0.098742 0.899484 -0.354885 0.127242 0.632347 0.261541 0.403996 0.921647 0.342959 0.449124 0.958992 -0.403872 0.273266 0.006443 -0.204495 0.366894 0.686151 1.270971 0.787120 
192837465
14
0.276003 0.557684 0.697413 0.438371 0.099768 -0.297577 0.533321 0.833896 1.256921 0.809893 -0.197074 -0.449489 -1.539091 -2.282820 -1.847762 -0.875423 -0.823289 -1.292045 -1.811258 -1.862106 -0.889203 -0.707175 -0.993350 -0.767493 -0.384626 -1.431295 -1.513258 -1.302474 -0.120124 0.671642 0.421035 -0.056217 0.362909 0.573888 0.541155 0.063610 0.098884 0.569302 0.679889 0.992441 1.194058 0.634148 0.123853 -0.238459 -0.898724 -0.146985 -0.406884 -1.092403 -1.685692 -1.192418 -1.411982 0.254424 0.706025 0.931334 0.556526 -0.012337 -0.050172 0.331307 -0.196209 0.328112 0.418098 0.834371 0.263387 0.529994 0.435815 0.681755 1.385705 0.721066 0.355623 1.093271 1.727653 0.905604 0.841303 0.234263 -0.078765 0.378494 0.276507 -0.158415 -0.637563 -0.282029 -0.936291 -0.336297 -0.456440 -0.475412 -0.589374 -1.158282 -0.627972 0.157361 0.200764 0.849073 1.872571 1.152117 0.174929 -0.536155 0.094107 -0.229143 -0.616980 -0.532923 0.304193 1.477697 0.558983 0.654214 0.902864 0.296998 0.799972 0.725690 0.824597 0.622192 0.980002 0.565429 -0.652543 -0.142021 -0.521417 -0.743503 0.609061 0.958168 0.149988 0.089686 0.511372 0.955321 
192837465
15
0.776628 -0.102800 0.647995 0.535971 0.541816 0.531843 -0.546573 -0.303198 -0.639249 -0.265233 -0.375160 -0.977308 -0.211677 -0.835227 -0.302574 -0.393965 -1.313248 -0.968626 -1.449886 -1.569111 -1.051347 -2.415262 -1.188110 -0.620189 0.340084 -0.080981 0.059186 -0.591071 0.376947 0.688994 0.763673 -0.132794 -0.050784 0.157175 0.810988 1.563515 0.245404 0.474037 -0.118696 0.755087 0.610956 1.083690 0.437447 -0.096472 0.458552 -0.094944 -0.466374 -0.908774 -1.214553 -1.534136 -1.002038 0.112944 1.014555 1.579672 1.853874 1.388224 1.404236 0.330186 -0.441680 -0.439474 0.301987 0.025714 0.798528 1.303612 0.508413 1.258509 1.220415 0.491029 1.552700 2.441847 1.567536 0.809268 0.984475 1.818001 1.787471 2.017165 0.532467 -0.414781 -0.653886 -0.717394 -0.633261 0.268983 0.026487 0.252487 0.963680 0.303680 0.585912 0.068672 1.073523 1.998850 1.405415 0.869190 0.593872 0.265855 -0.751199 -0.237925 -0.325066 0.086263 -0.794274 -0.137172 0.631529 -0.631119 0.704813 0.994543 1.799225 1.832669 1.800439 1.018598 0.742247 0.510710 0.391297 -0.766072 -0.522040 0.087276 0.234866 0.090625 0.868377 1.831806 2.226804 2.645558 
192837465
