1200.000000
160.000000
120
16
1
0.500000
2
2
0
1.261724 1.179490 1.572075 0.829678 0.626876 -0.177426 0.386829 0.740325 0.853037 1.102646 1.825240 1.761184 1.311262 0.944465 0.725290 -0.510786 0.204257 1.090190 1.413474 1.025505 1.523236 1.470921 0.641147 1.120422 1.481080 0.944447 0.679933 0.822283 1.252694 1.344541 0.941820 0.763169 1.330311 2.008568 1.304570 0.795304 1.169271 1.191808 0.529454 0.171422 -0.066707 0.224355 0.109457 0.597050 0.449126 -0.156149 -1.223421 -0.994030 -1.701603 -0.713191 -0.561077 -1.287866 -1.083605 -0.518530 0.051746 -0.811956 -0.806158 -1.083500 -0.795776 -0.902723 -1.339088 -0.939597 -1.867934 -1.508662 -0.974240 -0.756519 -0.417878 0.596433 0.143700 0.756249 0.963496 0.245776 -0.538690 -0.461952 -1.215573 -0.522515 0.217961 0.339036 0.661542 1.270337 0.975348 0.954171 0.113617 -0.049278 0.407415 0.082439 -0.469739 0.513342 0.477873 -0.152764 -0.722409 0.225681 0.547171 0.475963 0.563980 0.392150 0.489359 0.522558 0.187940 0.942866 0.809247 0.754350 0.686761 0.728818 0.722855 0.834582 0.383887 0.182348 0.221289 -0.546272 0.186389 0.299689 -0.365579 -0.046714 0.538068 -0.099744 -0.616328 -0.408508 -0.093464 -0.148490 
192837465
1
0.951778 0.665508 1.261659 0.539214 0.635492 0.797829 0.682795 0.270137 0.152908 1.030539 0.877994 0.336202 0.854492 0.145557 -0.083611 -0.126582 -0.032881 -0.062563 -0.024246 -0.069722 1.669971 1.625544 1.079872 0.698052 0.881806 -0.071969 0.557883 0.700669 0.391600 1.665998 1.373469 0.763143 1.190235 1.457351 0.514652 0.633352 0.468226 0.706389 0.144962 -0.074231 -0.206674 -0.072721 -0.503418 0.254921 -0.326551 -0.814549 -1.465722 -1.861775 -2.020326 -2.020566 -2.048612 -1.926421 -1.738954 -1.784101 -0.742604 -0.659873 -0.431657 0.337415 0.130626 -0.614493 -0.674366 -0.867902 -1.179030 -0.975532 -1.526140 -1.182604 -0.122406 -0.725776 -0.416826 -0.760743 -0.926736 0.309136 0.808215 0.916435 -0.179107 -0.549412 -0.042780 0.803092 0.649254 0.708591 1.114859 0.704346 0.476757 -0.057759 -0.268848 -0.078249 0.608747 0.264511 0.300151 0.806051 1.430514 1.060586 1.128762 1.172628 0.684590 1.077136 0.814181 0.397599 0.613415 -0.207140 -0.320454 0.217316 0.588942 0.313554 -0.421414 0.099749 1.416737 1.402217 1.382537 1.204600 0.766953 0.074039 -0.246864 -0.115980 -0.610531 -0.477925 -0.767543 -0.932615 -0.027658 -0.027593 
192837465
2
-0.743826 -0.370517 -0.248510 -1.232728 -1.019001 -0.496991 -0.262056 0.323916 0.284520 0.736385 1.317562 0.585251 -0.667853 -0.334277 -0.221634 -0.223095 -0.693173 -0.323107 -0.530059 -0.492403 0.792784 1.382187 0.543358 -0.135547 -0.038175 -0.315600 -0.132001 -0.375403 0.508178 0.675093 -0.109210 0.087695 0.257649 -0.285062 -0.655286 -0.877609 -0.406545 0.602837 0.852499 0.258110 -0.319701 0.099885 -0.092065 -0.599509 -0.286045 -1.786101 -0.814809 -1.529238 -1.640169 -1.629812 -1.764702 -2.008047 -2.995060 -2.957986 -2.084367 -1.461473 -1.080406 -0.642234 -0.072514 0.318084 -0.680863 -0.996334 -0.934094 -0.439032 0.861271 0.105349 -0.116939 -1.584231 -1.393332 -1.348158 -1.724979 -1.067450 -1.115522 -0.075196 -0.661293 0.039639 0.005620 0.272528 0.250366 0.007008 0.698399 1.338398 0.622395 0.071216 -0.474001 0.515604 -0.345779 -0.589683 0.098331 0.952710 2.071410 1.368517 0.988847 0.395674 0.150994 0.892181 0.356242 0.828983 0.246922 -0.245508 -0.665482 0.086301 0.004851 0.617755 1.191196 0.478200 0.710435 -0.226568 1.240323 1.404994 0.704215 -0.094185 -0.668024 -0.981015 -1.740195 -1.466579 -1.071302 -1.244152 -1.593571 -1.683168 
192837465
3
-1.328675 -2.118638 -1.321669 -1.324058 -1.134416 -1.348842 -0.839990 -0.754639 0.043261 0.308066 1.005747 0.391123 -0.035661 -0.449650 -0.212170 -0.230530 0.071445 0.148784 0.583548 0.506659 0.447889 0.594374 0.510364 0.256328 0.285755 -0.562039 -0.777673 -1.237550 -1.131478 -0.524275 -1.310316 -1.545753 -1.228289 -1.653389 -1.460077 -1.086876 -0.977668 -0.227758 -0.854919 -0.363224 -1.088779 -0.625019 -0.518018 -0.880331 -1.051325 -1.101631 -0.856798 -0.287583 -1.028344 -2.202637 -2.353073 -2.327239 -2.194553 -1.810248 -1.849157 -0.791694 -0.827623 -1.251362 -0.483980 -0.202257 -0.265964 -0.818568 -0.612446 -0.471617 -0.305796 0.722041 -0.288441 -1.392600 -1.113722 -1.386603 -0.643025 -0.715829 -0.591698 0.712675 0.404799 0.673039 0.479405 0.907326 1.023547 0.587708 0.543136 0.396697 0.787323 0.343493 -0.318993 -0.244618 0.129061 0.907027 0.107303 1.746501 1.424675 1.079902 1.312810 0.243297 0.346930 0.493452 0.701108 0.237294 0.671070 -0.104116 -0.566409 -0.131918 -0.314599 -0.002009 0.386885 0.589065 1.121653 1.478769 0.638410 0.244301 0.243855 -0.502203 -0.800359 -1.393008 -1.007174 -0.889245 -1.602313 -1.672528 -0.989014 -1.114289 
192837465
4
-1.743944 -2.974409 -3.241070 -2.266858 -1.858487 -2.269664 -2.528924 -1.865368 -0.748839 -0.569687 -0.567994 -0.568860 -1.135640 -0.422370 0.308704 0.596089 0.259944 -0.037978 -0.507335 0.223817 0.147503 0.422760 0.518542 -0.049508 -0.441711 -1.109411 -1.304226 -1.840141 -1.683734 -1.459788 -0.524750 -1.553633 -1.902948 -1.382902 -1.388500 -1.377568 -0.859707 -0.762676 -1.105744 -0.963474 -0.338983 -0.894346 -1.513451 -1.617700 -2.316341 -1.403002 -1.021656 -1.692970 -1.500992 -2.725051 -1.707614 -1.151436 -1.832118 -1.401470 -0.812161 -0.821213 -1.124924 -0.727445 -0.324333 -0.360184 -0.863303 -0.454510 -0.705994 0.191888 0.607220 -0.250373 0.065400 -0.649118 -0.961661 -0.936585 0.002076 -0.012196 0.954596 1.580924 1.220350 1.428776 0.980961 1.333559 1.360772 1.273802 0.163976 0.187716 0.248671 0.679777 -0.450719 0.020051 0.215386 1.158023 0.169877 -0.213846 0.206083 0.688914 0.854952 1.165991 1.496607 0.761733 1.380331 1.352901 1.897030 0.933655 1.363036 0.463178 0.248033 0.822812 0.981371 1.101069 1.369224 0.682677 -0.135283 -0.757434 -1.021288 -0.818819 -1.413564 -0.990319 -1.006077 -1.146546 -1.583113 -1.545351 -0.424779 -0.484996 
192837465
5
-2.321142 -2.491854 -2.626497 -2.592470 -1.868779 -2.264254 -2.000968 -1.027022 -1.199134 -1.279487 -1.421400 -1.255029 -0.965756 -0.548097 0.164514 -0.046664 -0.007709 0.591151 1.144184 0.168415 0.158089 0.355538 0.850701 0.469290 -0.092127 -0.036800 -1.140041 -0.883609 -1.152423 -0.641259 -0.496716 -1.168848 -1.736354 -1.386172 -1.257794 -1.251305 -1.321648 -0.750699 0.414953 -0.601992 -1.092128 -1.572020 -1.426604 -1.289026 -1.196225 -1.054493 -1.313345 -0.112408 -0.611728 -0.272744 -0.996691 -0.675295 -0.847220 -0.939035 -0.868343 -0.732690 -1.532647 -1.293366 -1.219527 -1.667824 -1.564668 -1.034507 -0.351171 -0.183476 0.563473 0.591342 0.225796 -0.001069 0.910479 0.588421 0.233601 0.860569 0.310596 -0.485791 -0.399986 0.440702 0.180476 0.649844 1.097572 1.235557 1.906689 1.552829 0.995426 0.491762 -0.486390 0.032633 0.371211 1.050146 0.560221 1.000063 0.171635 0.122427 0.059393 0.345353 1.063239 1.274919 1.275345 0.867652 0.822337 0.635229 0.693898 0.819616 0.276467 0.524906 1.398392 0.727814 0.540997 -0.111807 0.030636 -0.722371 -0.350064 -0.918289 -0.998797 -0.882265 -0.937093 -0.316840 -0.433628 -0.350801 -0.521047 -0.351230 
192837465
6
-2.549405 -1.717488 -1.601979 -1.244992 -1.058343 -0.126520 -0.157155 -0.566425 -0.978811 -0.681966 -1.073003 -1.342331 -1.154886 -1.075857 -0.894107 -0.941880 -0.346499 -0.883013 -0.869208 -0.499406 0.168304 0.442462 0.801345 0.395496 0.019354 0.575789 -0.946901 -0.545211 -0.361866 -1.651487 -1.760317 -1.622869 -1.962329 -1.726950 -1.604249 -0.981102 -0.970268 -1.050920 -1.691970 -1.347378 -1.514438 -1.165952 -1.197062 -1.643033 -1.601462 -1.097576 -1.182715 -1.695608 -1.039743 -1.488144 -1.613716 -1.473468 -0.870175 -1.555182 -1.716992 -1.280051 -1.029412 -1.397739 -1.318089 -0.678372 -0.368639 -0.714579 -0.109998 0.281409 0.444593 0.684601 0.157346 0.165142 0.556004 1.356851 0.665621 0.743872 -0.157416 -0.184330 -0.878338 0.079695 0.041578 -0.791208 -0.779641 0.060465 0.601019 0.706040 0.160107 0.889686 0.135197 -0.528531 0.376001 0.435846 -0.433126 -0.363652 0.159012 0.314781 0.029430 0.163744 0.497036 1.281185 1.519912 1.261138 0.701622 1.120885 -0.191491 0.550737 0.302182 0.299276 -0.482423 0.066529 0.679558 -0.340992 -0.114449 -1.828515 -0.762195 -0.247022 0.032727 -0.041840 0.097909 -0.197222 -0.238124 -0.454125 -0.038281 -0.304724 
192837465
7
-1.286004 -1.371835 -1.063843 -0.127494 0.456766 -0.118771 -0.152935 -0.472816 -0.846330 -0.542682 -0.615139 -1.421738 -0.518535 -1.927460 -1.813022 -1.478906 -1.956614 -0.858679 -0.588018 -0.540044 -0.365572 -0.418540 0.590955 0.107766 -0.324595 -0.550635 -1.037121 -0.376437 -0.224328 -1.325116 -1.838766 -1.800373 -1.833244 -1.764578 -0.450800 -0.616994 -0.547781 -0.993655 -0.915486 -1.448003 -1.213978 -0.950540 -1.181795 -2.168529 -1.740629 -1.346362 -2.242166 -1.202503 -1.094522 -1.499840 -2.148775 -1.623330 -1.648398 -2.060236 -1.819464 -1.805297 -0.995980 -0.459869 0.643451 1.153997 0.882815 0.436064 0.241180 -0.423039 0.572689 0.614487 0.012070 -0.149710 -0.004884 0.883469 0.439171 0.136355 -0.937103 -0.680755 -0.429822 -1.030674 -0.584437 0.196885 0.234501 -0.498691 -0.009434 -0.309708 0.155482 -0.280308 -0.214930 0.063285 0.217028 -0.253505 0.652475 0.074027 -0.243686 -0.100577 0.489743 0.733433 0.876970 0.525854 0.273443 0.518898 1.080418 1.145825 1.340975 1.377720 0.376844 -0.002497 0.826860 1.531698 1.427266 0.801599 0.128604 -0.480362 0.323244 0.890338 1.299986 0.550741 0.661396 0.065814 -0.343789 -0.645171 -0.565914 -0.786211 
192837465
8
-0.562802 -0.466041 -0.669529 0.384563 1.087955 0.281528 0.425426 -0.060674 -0.330853 -0.069895 -0.458367 -1.508146 -1.614030 -0.346247 -0.939090 -1.264793 -1.463783 -0.782554 -0.799709 -0.568414 -1.116464 -0.203003 0.372228 0.252208 0.361833 1.016924 -0.044024 -0.087027 0.003875 -0.634842 -0.903659 -0.692870 -0.979309 -0.057067 -0.455169 -0.396439 -1.237371 -1.353918 -1.478561 -1.235661 -0.770285 -1.474565 -1.802951 -1.781439 -1.982528 -1.430299 -1.405267 -0.362175 -0.756928 -0.880693 -1.206999 -0.921533 -0.511422 -0.614946 -1.165828 -1.401215 -1.116317 0.023550 0.299363 0.599984 0.315423 0.509466 0.122112 -0.007693 0.058436 1.079881 1.558329 0.599309 -0.247408 -0.323607 0.285517 0.263486 -0.180099 0.141169 -1.328163 -1.615316 -0.971851 -0.058868 0.505358 -0.113488 -0.095314 -0.043412 0.229514 -0.211936 -0.466251 -0.196661 -1.160172 -1.229793 0.128704 0.450298 0.550648 0.127696 0.196225 0.757727 0.433137 0.119259 0.267987 0.855632 0.799426 1.212305 1.664578 1.259283 0.903866 0.818777 1.069634 2.191915 1.878739 1.846973 0.898290 1.175297 0.794877 1.234526 0.680507 0.182433 0.196900 -0.472763 -0.801873 -1.850067 -0.991911 -0.479532 
192837465
9
0.422125 0.259653 -0.074680 -0.586672 0.197840 0.108645 0.072518 -0.200055 -0.215985 -0.708793 -0.365091 -0.997434 -1.615908 -0.881775 -0.392152 -0.302004 -0.852949 -0.708763 -0.007160 0.144817 -0.066529 -0.237414 0.005168 0.583833 0.624382 0.177033 0.030709 -0.499307 -1.213589 -1.431617 -0.539263 -0.258150 -0.125299 -0.657797 0.466390 -0.719387 -0.605909 -1.127497 -0.962528 -1.362405 -2.256754 -1.928306 -1.888844 -0.670746 -1.468872 -0.999013 -0.712001 -0.768205 -0.806523 -0.614972 -0.822292 -0.066394 -0.073788 -0.585789 -0.202737 -0.853228 -0.616523 0.451897 0.893092 0.287288 0.012675 0.253994 0.504843 0.603167 0.046103 1.063904 1.244657 0.369769 0.233324 0.175133 0.696920 1.222508 0.532906 0.408482 0.584599 -0.437373 -0.359985 -0.080955 -0.108386 0.053899 0.096781 0.739391 0.470191 0.828083 0.768932 0.160153 -0.309986 -0.106086 -0.525185 0.046534 -0.119484 0.097336 0.435188 0.121260 -0.263503 -0.235903 1.120668 1.286830 1.691188 0.957391 1.197547 0.818986 0.897555 0.398662 0.830693 1.814646 2.093209 2.297471 1.794147 1.854791 1.638043 1.443983 1.418489 1.172257 0.675305 0.236070 -0.570590 -0.910005 -0.065236 -0.575177 
192837465
10
-0.328603 0.444701 -0.306703 -0.580715 -0.178122 0.321059 -0.074526 -0.890678 -0.806060 -0.081148 -0.694267 -0.965023 -1.165908 -1.319243 -1.306420 -1.278200 -0.889439 -0.357117 -0.078474 0.115280 0.662705 0.560147 1.055479 0.381480 0.898932 0.330956 0.983341 0.062594 -0.241879 -0.534225 -0.585617 -0.081191 -0.171557 0.177230 0.395490 0.354192 -0.499306 -0.270791 -1.048998 -1.764893 -1.735702 -1.164966 -1.265930 -1.226281 -0.117364 0.000140 -0.856814 -1.829358 -1.307931 -0.666869 -0.336024 -1.282164 -0.445862 1.194719 1.036752 -0.015547 -0.013350 0.278010 -0.230044 0.036747 -0.431927 -0.026936 0.558605 1.202767 0.839358 0.934291 0.704931 -0.397358 -0.561812 -0.685452 -0.869017 0.344506 0.093142 0.355749 0.292081 1.087194 0.848758 0.806086 0.450777 0.176339 0.537821 1.353085 1.311324 0.853539 0.630293 0.445676 1.398574 0.123179 0.369951 0.735271 0.335287 0.496400 0.823514 1.075945 1.223380 0.153561 0.796819 0.271965 0.395535 1.060728 1.178540 0.897086 1.222987 1.211095 1.428374 1.819051 1.861862 1.469970 1.597113 2.312657 1.683411 1.230015 1.220597 1.431956 0.767729 0.377054 -0.168849 -0.178176 -0.476256 -0.606940 
192837465
11
0.076370 0.060232 0.438006 1.059265 0.300196 0.102936 0.673450 -0.236467 -0.406391 -0.159940 -1.037502 -0.948905 -1.110524 -0.502615 -0.926819 -0.460829 -0.254071 -0.681903 -0.667543 0.002305 -0.902987 -0.799401 -0.260780 0.596011 0.213516 0.611230 0.334714 0.191781 0.897468 0.678799 0.619920 0.187248 -0.390994 -0.650694 -0.248574 -0.903613 0.123616 0.034151 -0.600213 -0.849373 -1.297273 -0.547104 -1.034024 -1.361123 -1.526481 -1.293003 -1.487521 -1.214124 -0.930319 -0.974022 -0.784402 -0.443643 -0.257784 0.632521 1.096071 1.581392 1.586360 0.919849 0.778858 -0.254596 1.607030 1.006420 0.733389 1.058354 1.171243 0.796385 0.714386 0.357181 -0.309485 0.080817 0.080650 -0.000500 0.160091 0.225429 0.526000 0.921806 1.189797 0.995300 0.148448 0.195096 1.170755 1.522174 1.762628 2.001757 0.996479 0.429656 0.823974 0.821999 0.917649 1.208089 1.122300 0.918880 0.892942 0.958485 1.163916 1.190915 1.164676 0.878616 1.259208 0.585099 1.140720 1.423250 1.273710 2.074303 2.229099 2.323663 2.568963 1.847343 2.479315 2.659992 2.139286 2.067227 2.202214 1.666574 1.460213 0.414615 0.348840 -0.144347 -0.869619 -1.005252 
192837465
12
0.504987 0.198665 0.707978 0.287484 0.695814 0.696385 0.200170 0.535850 0.702974 -0.143343 -1.124824 -1.693303 -1.663509 -1.044964 -0.748781 -0.682058 -0.655283 -0.426896 -0.713060 -0.849637 -1.597706 -1.456781 -0.370193 1.233249 0.453872 -0.311295 0.729400 1.693135 1.744097 1.673267 0.788585 1.205439 0.800507 -0.157567 -0.369071 -0.401162 -0.179042 -0.518049 -0.560895 -0.856540 -0.646951 -0.632840 -0.497123 -1.331819 -1.405981 -0.983987 -0.713640 -0.787199 -0.350100 -0.524995 0.053503 -0.106409 0.018415 1.069111 1.477966 2.084234 1.142831 1.000810 0.386089 0.563717 0.591426 0.542861 -0.302154 -0.145578 0.106886 -0.050990 0.441008 0.866900 0.601169 0.418895 -0.058220 -0.076288 -0.157747 -0.169971 -0.494862 0.361479 0.851770 0.538307 0.245083 -0.159872 0.244914 0.104658 1.018335 0.585059 0.239266 0.158711 0.284118 0.940735 0.133805 -0.282433 -0.140820 -0.024363 0.657093 0.650666 1.294532 0.798880 0.049578 -0.284505 0.293616 0.767716 1.067978 1.434299 1.716600 2.200375 2.466250 3.348466 3.085396 2.909848 2.958489 2.638881 2.204893 2.174053 1.350111 1.587701 0.682501 0.029490 0.225862 0.024570 -1.100994 -1.555328 
192837465
13
0.821243 1.499031 1.368794 1.763438 1.518826 1.086592 0.199007 0.813948 0.072694 0.578134 0.351351 -1.111266 -1.038025 -0.281881 -0.097688 -0.220425 -0.035937 -0.147556 -1.476517 -0.842361 -0.900185 -0.618443 0.440965 0.182950 1.085603 1.057973 1.703938 2.251416 2.014398 2.151129 1.831851 1.306731 1.125275 0.814424 0.535917 -0.309745 -0.512705 -0.101089 -0.718110 -1.291810 -0.597255 -0.842517 -0.833661 -1.701930 -1.476478 -0.965286 -0.005287 -0.485265 -0.268993 0.175854 -0.025994 0.054285 0.907051 0.333859 0.189055 0.040306 -0.805713 -0.354239 0.289857 0.450651 0.337463 -0.033259 0.276192 -0.196039 0.229495 -0.194072 -0.090006 -0.239421 -0.261357 0.836273 -1.014933 -1.357879 -0.785159 -0.570760 0.504226 0.961454 1.514798 1.701759 1.284913 -0.037263 -0.060265 -0.085180 0.880249 0.307284 0.482459 0.270319 -0.178536 0.024206 -0.730758 0.028889 -0.400396 -0.497551 0.182486 0.370765 0.401034 0.040111 0.507993 1.117040 0.583464 0.851252 0.883243 1.654453 1.634783 1.657009 1.537872 2.451331 2.830225 2.928284 2.634396 2.637946 2.023950 1.095248 0.299115 0.536714 1.317022 1.279820 0.659856 -0.371827 -0.320146 -0.010604 
192837465
14
1.184064 1.470691 1.506527 2.066993 1.502362 1.010186 0.604882 -0.155876 -0.310931 0.355211 -0.571449 -0.728421 -0.560506 -0.998419 -1.260361 -0.908651 -1.699190 -1.002304 -0.389775 -0.500747 -0.445915 -0.292949 0.795598 0.618897 0.792779 2.140104 1.585866 2.407869 2.376048 1.928637 1.386678 0.889513 1.081405 0.455700 0.434404 -0.099204 -0.548814 0.004100 -0.457267 -0.019463 -0.143447 -0.289667 -0.409133 -0.583816 -0.857065 -0.939446 -0.078125 -0.619238 -0.714101 -0.770718 -0.417522 -0.050206 0.299459 1.035857 0.044780 -0.158424 0.564042 0.897705 0.963920 0.602772 0.017686 0.189084 -0.267961 -0.845013 -0.453261 -1.343720 -1.679567 -0.629613 -1.179602 -1.425623 -1.663289 -1.753902 -1.238869 -0.476703 0.197012 0.953174 1.279335 1.912710 0.870449 1.137167 1.158631 0.624453 0.459325 0.976148 0.888946 0.196392 0.369358 0.258969 0.754899 0.135174 0.226392 -0.294444 0.188803 0.269512 0.020191 0.996525 1.539540 2.047401 1.818359 0.998937 0.946760 0.726482 1.406237 1.545893 1.237410 2.121030 2.777755 2.438527 2.156887 2.739562 2.011670 1.181339 0.219794 1.295061 0.884053 1.220751 0.679990 -0.114908 -0.494711 -0.490650 
192837465
15
0.809078 1.470630 1.357673 1.094062 0.761410 0.900324 0.134449 -0.291292 -0.350655 -0.632067 -0.909338 -1.394176 -2.234269 -1.660633 -2.035459 -1.963818 -2.019757 -1.589637 -0.555450 0.375550 0.449273 0.583750 0.734970 1.215417 1.344332 2.383994 2.439973 1.814812 2.279327 1.687070 1.329219 1.602298 1.986960 1.707836 1.401007 0.479954 0.230337 0.543280 0.508800 1.380517 0.858006 1.844865 0.744959 0.033694 -0.154840 -0.648630 0.105697 -0.381335 -0.632351 -0.652238 -0.460784 -0.158204 -0.850619 -0.398308 -0.764956 -1.037918 -0.459002 -0.093872 0.549509 0.367904 -0.498659 -0.597185 -0.534956 -0.749501 -1.378579 -1.277937 -2.207500 -1.979159 -2.258202 -1.651400 -0.997381 -0.492505 -0.634006 -0.909327 -0.304339 0.041894 0.024533 0.631721 0.837097 0.660626 1.114725 1.334789 1.155569 0.754154 0.385173 1.017862 1.052736 0.335247 0.202464 0.076799 -0.107668 -0.211831 -0.162268 0.311738 0.863176 1.049242 0.672728 0.409221 0.584836 0.441476 0.938676 1.101959 0.514117 0.707654 0.512362 1.348616 1.717577 1.735871 2.014426 1.698673 1.165925 0.338491 -0.075035 0.473383 0.419405 0.661423 1.206956 -0.369591 -0.438816 -0.497931 
192837465
