1200.000000
160.000000
120
16
1
0.500000
2
2
0
0.188003 -0.364921 -1.106798 -0.586030 -1.437714 -1.529047 -1.570835 -1.476005 -1.515723 -0.465161 -1.226919 -0.649868 -0.137291 0.411675 0.042490 0.719929 0.219911 1.089167 1.009656 0.457891 0.463951 0.934754 0.377950 -0.020192 -1.333715 -0.938812 -1.029772 -0.790523 -0.309023 -0.240914 -0.342460 0.155523 0.076629 0.464716 0.408338 0.702783 -0.750117 -1.391695 -1.300823 -1.869501 -0.617693 -0.089394 0.015402 -0.576001 -1.707240 -1.177598 -0.956497 -1.154393 -1.142383 -0.536257 -0.118306 1.495245 1.776441 1.913940 2.103074 1.185309 1.412852 1.511833 1.605242 0.938443 -0.185371 -0.392881 0.629249 -0.141805 -0.202637 -0.294623 -0.575160 -1.085114 -1.525496 -0.876765 -0.850954 -0.668342 -0.387043 0.250501 -0.006783 -0.366702 -0.362267 0.320545 0.758448 0.027447 0.113760 -0.502475 -1.502590 -1.756604 -2.055516 -1.311169 -1.269476 -1.048700 -0.944807 -0.187564 -0.693512 -0.770218 -0.853084 0.302064 -0.579395 -0.782071 -0.228501 1.106973 2.779877 2.280777 1.392920 1.006478 -0.172184 0.345440 -0.169800 1.054686 1.213166 1.509856 2.342605 2.709492 1.924810 1.523270 0.511986 0.645974 -0.422583 -1.011447 -1.582266 -0.851964 -1.094542 -0.868113 
192837465
1
-1.291567 -2.038925 -1.643896 -1.465970 -1.545291 -1.486387 -1.102300 -1.259478 -0.475075 -0.348466 -0.304795 -0.690280 0.391590 0.750127 -0.342151 0.966725 0.125139 0.639680 0.792520 0.580899 -0.035457 0.102858 -0.411717 -0.381626 -0.983574 -0.035425 0.263773 0.177659 -1.585991 -1.587012 -0.426280 -0.574874 -1.135720 0.548969 0.082108 0.682822 -0.861816 -0.717376 -0.622376 -0.682959 0.831170 -0.433185 -0.550796 -0.412698 -1.161511 -0.591190 -0.527347 -1.191801 -1.692856 -1.063030 -0.089372 1.207210 1.789844 1.677562 1.976468 1.504371 1.544241 1.328489 0.910912 0.910509 -0.072041 -0.979410 -0.568912 -0.382592 0.067773 0.324386 0.225415 0.095072 0.190287 0.209939 -0.693340 -0.208717 -0.856493 -0.532407 -0.410817 -0.369678 0.493580 0.725678 -0.226306 -0.418371 -0.905354 -0.821565 -0.710363 -0.161459 -0.716511 0.160124 -0.049841 -0.409663 0.124414 0.518266 0.420086 0.276185 0.430825 1.021867 0.961396 0.596847 0.929820 0.346814 1.446383 1.762276 0.548594 -0.161067 0.129652 0.720546 0.933137 1.528615 1.847629 1.753270 2.057433 2.474455 1.516910 0.854847 0.778298 0.288856 0.376549 -1.177908 -0.921116 -1.130545 -0.711144 0.479016 
192837465
2
-1.682692 -1.233997 -1.497442 -2.264881 -1.691928 -1.295506 -1.070814 -0.546277 -0.557663 -0.660020 -0.329150 0.555510 1.315775 0.750030 0.437139 0.915738 0.750288 -0.046600 0.235726 0.620722 0.514111 0.204101 0.104531 0.233614 -0.553393 0.232840 -0.816573 -0.466394 -0.218950 -1.481380 -0.226027 -0.819293 -1.202584 -1.220874 -0.930471 -1.348819 -1.500975 -1.119484 -0.760097 0.301435 0.996893 -0.424949 -0.006072 -0.245103 -1.022614 -0.948502 0.785197 0.200106 0.512678 1.117555 0.285871 0.221942 0.355503 0.397742 -0.572636 1.445513 0.782679 0.383002 1.154401 0.672646 -0.588341 -0.326866 -0.706019 -0.708745 -0.044499 1.407052 1.562498 0.913219 0.907936 0.614357 -0.116275 -0.455083 -0.097077 0.067330 0.025023 -0.158260 -0.422172 -0.088263 -0.264326 -1.108686 -0.954522 -0.406505 -1.411654 -0.637151 -0.750091 -0.371820 -0.024439 -0.068789 0.123056 0.382760 -1.251367 0.408026 -0.254017 0.559096 0.223443 0.912510 0.812736 0.867711 1.161344 0.527894 0.437629 1.016468 1.051042 1.063785 0.978286 2.077567 0.933832 0.458868 1.361008 1.459497 0.704162 -0.251466 -0.380653 -0.558579 -1.520088 -1.418945 -0.702065 -0.551966 -0.317724 0.610633 
192837465
3
-0.457741 -1.263152 -1.234072 -1.367249 -1.477585 -0.694081 -0.649985 -0.896275 -2.052993 -1.303880 -1.102570 -0.158756 -0.154074 0.052693 0.384320 0.527218 0.739806 0.580126 0.247558 0.057844 0.187673 0.621155 0.528553 0.043516 0.215607 -0.717729 -0.547103 -0.656739 0.017201 -0.583891 0.114079 -0.457324 -0.554497 -0.671679 -1.453257 -1.335209 -1.348217 -0.502662 0.106747 0.241779 0.982712 -0.434477 0.125202 -0.131708 0.767256 0.264073 0.521958 0.282133 -0.375997 0.593771 0.123709 -0.075445 0.306981 -0.154278 -0.274508 0.249427 -0.420616 -0.574537 0.254677 0.301480 -0.321178 0.156877 0.072735 0.142080 0.656559 0.693221 0.390875 0.681628 1.497461 1.499069 1.907140 1.297725 1.509960 1.716904 0.743926 -0.471949 0.001778 -0.333925 -0.798902 -1.682751 -1.285366 -1.040442 -0.273863 0.452837 0.135337 -1.087042 -1.325452 -0.804485 -1.647450 -0.661614 0.054592 0.101103 -0.765393 0.172318 -0.390831 -0.772380 0.143393 0.952660 0.124340 0.253177 0.575925 0.932504 0.852011 0.718797 0.440082 -1.272662 -1.025303 -0.714906 -0.066748 -0.473235 -0.619904 -0.647870 -0.845698 -0.168385 -1.106451 -1.643508 -1.245314 -1.539473 -0.365902 -0.393545 
192837465
4
-0.410276 -0.295848 -0.509934 -0.146579 -1.201583 -1.455075 -1.320872 -1.904899 -2.121704 -1.059538 -1.482737 -1.942160 -1.637164 -1.683082 0.052214 -0.074905 -0.185909 -0.061661 0.319449 0.905633 1.241754 1.329061 0.739017 0.175942 0.313398 -0.244677 -0.140666 -0.536834 -0.572887 -0.766607 -1.200855 -0.136156 -0.481637 0.471331 -0.089627 0.539121 0.817897 0.083485 0.327191 -0.390752 -0.445375 -0.170193 -0.750915 -1.212907 -0.530643 -0.571314 -0.086113 0.694312 -0.171170 -0.400103 0.402154 0.182877 0.765177 0.371548 0.114938 1.353415 1.782872 1.269502 1.057765 0.886893 1.150398 0.880611 0.974322 0.973343 1.001493 0.534548 1.304227 1.389244 1.338305 1.666633 2.168203 2.675291 2.078593 0.346562 0.252573 0.317175 0.722479 0.749117 -0.116658 -1.017649 -0.249363 -0.286357 0.177435 -0.365284 0.489524 0.409038 0.721186 0.840276 0.951023 0.071393 -1.049650 0.429820 0.933594 0.754012 0.137560 0.124672 -0.002318 -0.723540 -0.391794 0.092613 0.244725 -0.101886 -0.078671 -0.010027 -0.681699 -1.246391 -1.215900 -0.853017 -0.814155 -0.374136 -0.934418 -0.657346 -0.329829 -0.682797 -0.615911 -0.475889 -0.355776 -0.333181 -0.727867 -2.269015 
192837465
5
-1.394694 -0.220900 -0.583748 -0.842472 0.116274 -0.833588 -1.592233 -1.208322 -1.567008 -1.822571 -1.386087 -1.951996 -1.551526 -0.308356 -0.373054 0.046511 0.038353 0.309835 0.420902 0.853425 -0.121197 0.806016 0.644601 1.310841 1.059462 1.621185 0.387349 -0.569681 -0.298668 -0.473776 -0.139615 0.245995 0.803958 -0.443274 -0.289341 0.088905 1.152728 1.060715 0.547656 -0.313255 -0.875464 -0.715245 -0.465961 0.002714 0.106739 -0.488435 0.070990 0.408401 0.514240 0.017369 0.128749 0.746363 1.033473 0.835130 1.359865 0.475711 1.515106 2.233620 1.602049 1.223695 1.218532 1.262564 0.745099 0.593142 0.123014 0.540173 0.880011 1.350738 1.147047 0.897195 1.273988 3.157161 2.228506 1.796465 1.707944 1.570951 0.470252 0.112798 0.039013 0.353816 1.125488 0.769037 0.301538 0.276404 0.660395 1.366587 2.141473 2.124113 1.818184 -0.125706 0.970325 1.452654 1.934923 1.214607 0.502603 0.854056 0.250704 0.162694 -0.256675 -0.494769 -1.708366 -0.263581 -1.130659 0.502202 -1.230392 -1.055632 -1.973759 -1.223860 -1.533886 -1.702095 -2.658743 -2.560749 -2.079166 -0.990130 -1.154981 -0.898164 -1.040778 -0.506096 -1.674677 -1.853633 
192837465
6
-0.684248 -0.349479 -1.146479 -1.184535 -1.088263 -1.600981 -0.583162 -0.839114 -0.999726 -1.980092 -2.311528 -1.432017 -0.303806 -0.223591 -0.515709 0.729316 0.271938 0.303388 0.107235 -0.160690 0.434960 0.633349 -0.176508 0.428179 0.713866 0.351364 0.144488 -0.101862 0.079705 0.787985 0.687654 0.243752 -0.285442 -0.365470 0.753620 0.437881 -0.068731 0.957378 0.425574 -0.012931 0.252901 0.163948 -0.554260 0.556068 1.119814 1.880576 1.481990 1.891271 1.394329 2.077927 1.579251 1.211806 0.246474 1.165184 1.088042 0.425055 -0.005704 0.552706 1.152400 0.765102 0.182826 0.508378 -0.326591 -1.955885 -2.061894 -0.781196 -0.039537 1.135068 1.626774 2.171004 1.339874 1.776511 1.377017 1.712843 2.342747 1.899409 1.390723 0.939307 0.577742 -0.870838 -0.396061 -0.361238 0.224956 0.384230 -0.108326 0.713999 1.170260 0.970624 1.282256 1.814852 0.681576 0.496954 1.323813 1.770555 1.104079 0.685237 0.599990 -0.421172 -0.004027 -0.474795 -0.184418 -0.999850 -0.533262 -1.071455 -0.980791 -0.615924 -1.169218 -1.496067 -1.048243 -1.943454 -0.634103 -1.013338 -1.015560 -1.241302 -1.800223 -2.078932 -1.923366 -1.858710 -2.048754 -1.207298 
192837465
7
-2.708020 -2.721006 -2.628938 -2.176229 -1.614858 -0.971297 -0.823606 -0.892167 -0.788470 -1.123489 -0.899445 -0.951945 -0.446426 0.215556 -0.244338 0.018741 -0.738924 -0.049020 0.497334 0.947253 0.975449 0.137609 0.013288 -0.332308 0.511556 0.700822 -0.443464 0.028055 0.691004 0.543965 1.698450 0.870701 1.219177 0.632773 0.886120 1.285613 1.226612 1.150938 1.268555 1.036376 1.430129 1.739125 1.474858 1.234465 0.722833 0.410129 1.127643 1.400120 1.690904 1.975594 2.148084 1.927429 1.033945 -0.373740 -0.889061 0.433075 0.390162 0.675788 -0.172056 -0.362452 -0.814012 -0.827254 -1.281134 -2.491325 -2.131280 -1.178523 -0.606389 0.707536 1.065956 0.284746 1.698160 1.712667 1.629873 2.475065 2.284084 2.153316 1.232295 1.985042 1.784465 0.691907 1.169934 1.272383 1.045291 1.489338 1.402915 0.619161 0.165422 0.604216 0.497964 0.294746 0.926650 0.520962 0.297753 -0.613721 -0.569124 0.339351 0.435664 0.955878 0.496611 0.095974 -0.205038 -1.021632 -1.036096 -0.325561 0.001239 0.079771 0.135492 0.294608 1.092061 -0.181269 -1.063882 -1.098713 -1.954425 -1.953600 -1.923529 -1.858588 -1.621661 -0.463072 -0.084321 -0.956559 
192837465
8
-2.106933 -2.550135 -2.794262 -2.160717 -1.168647 0.078474 -0.538892 -1.035444 -0.784422 -0.891824 -0.638409 -0.215612 0.251383 0.638436 1.023230 0.467492 0.557488 -0.044926 0.266729 -0.075510 0.295986 0.429830 0.698867 0.328685 -0.059692 -0.125000 -0.699845 0.272802 1.038234 0.476545 -0.217043 0.298688 0.400854 0.960198 1.010501 1.247541 1.530463 1.673304 1.729635 1.520814 1.442768 1.434624 2.200540 1.266469 1.314295 1.346926 1.187575 1.295222 1.139234 0.943439 0.597615 0.180147 0.704022 -0.294549 0.083987 -0.499970 -0.025105 0.332177 -0.205530 -1.487715 -0.783762 -0.543811 -1.398813 -1.905389 -1.718515 -1.279702 -1.327931 0.633118 -0.357119 -0.245097 0.742268 1.592634 2.504336 2.143693 3.266767 2.047443 0.817841 1.543170 1.867361 1.842984 0.818276 1.223445 1.227452 1.035415 1.109767 1.541631 0.783363 -0.470912 -0.370117 -0.418377 -1.072132 -1.005449 -1.279493 -0.582552 -0.475816 -0.633031 -0.995991 -0.466065 -1.013448 -1.488008 -0.196941 -0.924208 -0.902353 -1.167155 -1.828768 -0.970484 -0.038434 0.670321 0.660542 0.812017 0.566344 -0.194456 -0.899278 -1.710765 -2.307614 -1.893893 -2.053884 -0.993235 0.003011 -0.194718 
192837465
9
-1.781436 -1.996145 -2.347017 -1.893602 -1.057000 -1.233463 0.516691 -0.367584 -0.064052 -0.089994 0.325349 0.231269 0.110447 0.474891 0.615783 0.159503 -0.724400 -0.611128 -0.434861 -0.893685 -1.024244 -0.404897 0.563662 0.721626 0.409392 0.424135 0.495236 1.084877 1.004170 0.667551 1.338789 1.021741 -0.053590 -0.078754 0.113363 0.632667 0.782537 0.651690 1.740116 1.200822 0.881976 0.531295 1.217659 1.222082 1.153177 0.688465 0.476328 0.792804 1.022675 -0.564524 -0.817991 -0.677666 -0.581160 -0.201040 0.852087 0.408270 0.327922 0.268242 -0.414863 -0.219615 -0.223816 -0.224466 -0.339508 0.734261 -0.095186 -0.552364 0.112701 -0.351472 0.270473 0.441141 1.522521 1.792707 2.907383 1.455866 0.838071 1.846691 1.129951 0.192655 0.146393 -0.184701 -0.418028 0.075828 0.556417 0.988819 1.364784 0.440036 0.290627 -0.105969 0.048009 0.236213 -0.026287 -0.674778 -0.618624 -1.137859 -1.304270 -2.274129 -2.422932 -1.899571 -0.738021 -0.760180 0.054783 -0.168662 -0.805577 -0.854347 -0.522784 -1.108799 0.247688 0.943696 0.767390 0.795949 -0.118468 -0.739748 -0.775122 -1.003546 -1.371879 -1.577821 -0.292146 0.105162 -0.228902 0.142303 
192837465
10
-1.761833 -1.294838 -1.774672 -2.821740 -2.354793 -1.525565 -0.704212 0.351382 0.265684 -0.226702 -0.866175 -0.669034 -0.848989 -1.456073 -1.047309 -0.350502 -0.821028 -0.935863 -0.610054 -0.642574 -0.592914 -0.081979 0.625086 1.300256 1.669369 0.748220 0.017313 0.038143 -0.053411 0.825028 0.392303 0.458129 0.402655 0.591013 0.969505 0.429458 1.208195 1.307319 1.333126 0.631573 0.402054 0.824944 1.034774 1.051566 0.948577 0.976654 0.707695 -0.156352 -0.029284 -0.885503 -1.244496 0.125080 -0.287362 0.058487 0.730143 0.181292 -0.153041 0.031514 -0.660050 -0.958054 -0.556994 -0.457393 -0.832472 0.228534 1.027470 1.570691 0.797770 0.666392 0.938414 0.262472 0.856677 -0.052861 0.324099 0.276761 -0.057814 0.119607 0.690931 -0.121534 0.328913 0.539729 -0.108483 0.589507 0.024167 -0.363814 -0.505372 -0.633897 0.195352 -0.601986 -0.051464 -0.593540 -0.288794 -0.796252 -0.543940 -1.763434 -1.575402 -2.236757 -2.232107 -2.650952 -1.554659 -1.300120 -0.930407 -0.930381 -0.677494 -0.299955 0.219116 -0.278555 -0.102797 0.249539 0.152366 0.297199 -0.458312 -1.043719 -1.085728 -1.745802 -1.743478 -1.376595 -0.452683 0.166820 1.046373 0.760353 
192837465
11
-0.826656 -0.476202 -1.341626 -1.761348 -1.938795 -0.842251 -0.724461 -0.971297 -0.452007 -1.239976 -0.664733 -1.665255 -0.598281 -0.717551 -0.584126 -0.067897 0.188167 -0.279472 0.060244 -0.223598 0.265938 -0.426469 0.845672 0.909817 0.799739 0.468420 0.090331 0.608486 0.180173 0.103488 0.284284 0.644705 1.114954 1.775877 1.457820 0.297308 0.677129 1.059104 1.130809 1.166039 1.274626 0.705038 1.225170 0.423108 0.841090 0.989096 1.615305 1.027390 1.163103 0.001992 -0.055887 -1.135403 -0.776408 -0.924866 -0.982094 -1.578416 -0.917199 -0.567816 0.169076 0.039149 0.238248 0.931064 0.560053 1.249880 0.915378 0.935613 0.116582 0.373849 1.079681 1.097742 1.253934 0.852353 0.139133 -0.494937 -0.525928 -0.662469 0.049662 -0.370017 -0.364857 0.344571 -0.376859 -0.525817 -0.856264 -1.204833 -0.867462 -1.540722 -1.834819 -1.438603 -0.795662 -1.114126 -2.509264 -2.233855 -2.174434 -2.290613 -2.071827 -2.074463 -2.900098 -2.296608 -3.332121 -1.756543 -1.703140 -1.647129 -2.130416 -1.504558 -1.502221 -1.044680 -0.784697 -0.767640 -1.510994 -0.828151 -0.275064 -0.071461 -1.232148 -1.574870 -0.344362 -0.227362 0.525067 0.618570 0.978128 2.074460 
192837465
12
0.743936 -0.209696 -0.369710 -0.447504 -1.870416 -1.726609 -1.144679 -0.448174 -0.733902 -1.145184 -1.237992 -0.763061 -1.769738 -1.099026 -0.549326 -0.200132 -0.720390 0.029228 0.939666 0.335339 0.262491 -0.114643 0.763620 1.411887 0.531738 0.620907 0.631643 0.848682 1.568199 1.197931 1.484361 1.032809 1.931866 2.044311 1.117933 0.716310 -0.355001 0.558835 0.944909 1.093343 0.699343 -0.076880 -0.319339 -0.016151 -0.275467 0.598587 1.214958 1.369520 0.950861 0.243133 0.176586 -0.479550 -1.110523 -0.891470 -1.552413 -1.635430 -0.880254 -0.868996 0.021302 0.294926 0.965966 1.342719 1.401264 0.763034 0.869769 1.033736 1.206995 1.368131 1.330035 0.163204 0.451466 0.500289 0.030979 -0.555954 -1.517398 -1.303457 -0.382155 -0.548516 -0.890854 -0.925652 -0.193762 -0.330855 -1.097035 -1.569066 -0.653569 -0.098007 -0.711995 -1.047773 -1.631324 -2.106125 -1.885499 -1.933194 -2.290952 -1.823282 -1.657408 -2.097842 -2.257352 -2.477905 -2.012947 -1.190010 -1.602891 -2.175386 -1.464897 -1.041306 -1.815693 -0.710047 -0.130137 -0.362644 -0.984787 -1.346022 -1.758978 -1.786934 -1.377143 -1.341032 -1.208659 -0.046856 0.939499 1.417066 0.962189 1.174115 
192837465
13
1.279481 0.397877 -0.515431 -0.977603 -0.482031 -0.888945 -0.208779 0.049739 -0.084601 -0.054395 -0.718846 -0.957786 0.077556 0.693170 1.258344 0.050883 -0.176357 0.140580 0.421011 1.067883 0.592984 0.071165 -0.312018 0.618612 1.434701 1.642524 0.703999 0.475087 0.730953 1.315538 1.443239 1.828802 1.474708 1.209604 2.129520 0.441006 0.821419 0.674002 1.139406 0.560810 0.579097 0.490835 0.427339 0.394874 0.971774 1.113348 0.941091 -0.870144 0.084042 -0.612265 -0.290063 -0.606392 -1.462789 -0.450701 -0.195400 0.303628 0.158704 0.428796 0.513864 0.512541 0.018259 0.733427 0.748805 1.623723 1.409571 1.046495 1.331836 1.047268 0.926000 0.232029 0.787446 0.700256 0.467032 0.179437 -0.452161 -0.485954 -1.168015 -0.485821 -0.629855 -0.043308 -0.404981 -0.102932 -0.308125 0.336399 -0.403387 -0.605005 0.260563 -0.417576 -0.802581 -0.451784 -0.809517 -1.157022 -1.692190 -1.143183 -1.156633 -1.530317 -1.917469 -1.468887 -1.417208 -1.811411 -1.215288 -1.018716 -0.591973 -1.464945 -0.921861 -1.170558 -0.643094 -0.167801 -0.753379 -1.278011 -1.143674 -1.340230 -1.274492 -1.086141 -0.762128 -0.950338 -0.235826 0.042984 0.492832 0.299983 
192837465
14
0.694998 0.249262 0.613470 0.899286 0.844415 0.928844 0.881197 -0.153241 -0.539669 0.126647 0.421656 0.165546 1.374176 1.116497 0.859008 0.111992 0.767888 0.602516 1.125019 1.108590 0.922153 1.682078 1.362626 1.351210 1.458136 2.178531 1.745606 1.084082 0.869823 0.925282 0.413019 0.241210 0.619231 0.603590 1.155779 1.003137 0.906591 1.671933 2.432063 1.868835 0.998835 1.007040 1.466643 1.814887 1.566837 0.890753 1.147139 -0.129071 -0.873833 0.240673 0.735648 -0.384968 -0.665954 0.835483 0.886406 1.244913 1.393743 0.812954 1.308916 1.132620 0.996454 0.198248 0.269385 -0.412566 0.045735 -1.269055 -0.662749 -0.691512 -0.345048 -0.290410 -0.252574 0.122090 1.003545 0.223724 0.885112 -0.277448 0.202458 0.275095 0.561953 0.340956 -0.180258 -0.270425 -0.087536 0.104555 -0.446507 -0.632960 -0.500832 -1.016894 -0.503774 -0.755710 -0.879211 -0.605510 0.177589 -0.570365 -1.316578 -1.469048 -1.219088 -0.466809 -1.193428 -1.136357 -1.603806 -1.884668 -0.589549 -0.670397 -0.559868 -0.393490 -0.001131 -0.427684 -0.436858 -0.137919 0.551221 0.366310 1.054482 -0.052763 -1.507315 -1.358503 -0.737750 -0.476280 0.003840 0.840270 
192837465
15
-1.488667 -0.369172 1.063903 0.894708 1.194807 0.931972 -0.060314 0.994094 0.292718 -0.317413 0.097028 0.662316 2.014543 2.399494 1.379238 0.493962 1.306637 1.016633 1.102870 0.256991 0.424468 0.391568 0.920975 1.687110 1.291489 1.116649 0.746166 0.865908 1.495245 2.062711 1.469010 0.512744 0.680316 1.590106 1.065750 2.029005 1.402621 1.785144 2.695741 3.404696 2.179334 1.035715 1.118776 1.370170 0.695797 0.599742 0.307130 0.826681 -0.586942 -0.835989 -0.046400 -0.396538 -0.597618 1.276822 1.681369 1.515525 1.251813 0.707155 0.558642 1.412931 0.228814 0.108252 -0.200751 0.010661 -1.057221 -1.419329 -1.097495 -1.144371 -0.991411 -1.370149 -1.163987 -1.056081 -0.858955 -0.345164 0.118989 -0.087815 -0.192058 0.360311 0.586200 -0.194916 -0.380355 -0.437492 -0.986800 -1.407227 -1.407799 -0.651979 -1.334961 -0.930288 -0.443363 -1.076993 -1.425815 -0.701997 -1.009237 -1.385312 -1.279872 -1.735856 -1.559235 -1.225617 -1.157798 -1.305533 -0.610854 -0.640431 -0.411402 -0.764039 -0.363831 -0.376205 -0.785032 -1.008068 -0.797998 -0.018369 -0.061239 1.252414 0.038564 -0.386566 0.419192 -0.516805 -0.133459 0.173671 0.654281 1.290614 
192837465
