1200.000000
160.000000
120
16
1
0.500000
2
2
0
-0.943723 -1.701032 -1.276096 -0.893430 -1.227554 -1.413281 -0.481449 -1.741283 -0.687553 0.230449 -0.380512 -0.024744 0.816444 0.577437 0.176501 0.870125 0.028985 -0.699961 -0.056987 -0.039198 -0.756491 -0.587262 -0.544770 -0.516710 0.753686 0.458571 0.539196 0.278228 0.550508 0.753102 0.392796 0.129214 0.803292 1.260957 1.104363 0.932525 1.069494 1.051704 0.637476 1.639015 0.862819 1.264345 0.806760 0.029420 -0.245636 -0.294440 -0.034958 -0.490312 0.004977 0.011340 0.686395 0.620924 1.108312 1.318922 1.075551 0.272966 0.242745 0.773349 0.358340 0.113101 -0.532043 -0.122185 -0.187594 0.162010 0.166928 0.420955 -0.968366 -0.109706 0.784638 0.677519 0.541996 0.109329 -0.091239 -0.182078 -0.946005 -1.506168 -1.701607 -2.181081 -1.670333 -2.365749 -2.804535 -2.650450 -2.162215 -1.658588 -1.435649 -0.915589 -0.560522 0.284711 -0.193526 -0.518180 0.671178 0.736266 0.262036 0.721207 1.319158 1.766270 2.540731 2.041683 2.325627 1.564888 1.638598 0.463425 0.079846 -0.048889 -0.374754 -0.743806 -1.034179 -0.448209 -0.061167 0.024674 0.288232 0.158197 0.683710 0.709117 0.760058 0.690283 1.224834 0.669725 0.218446 0.209614 
192837465
1
-1.435350 -0.417914 -1.240988 -1.615694 -1.056686 -1.389004 -0.672738 -0.711649 -0.830984 -1.028752 -0.448559 -0.821264 0.067007 0.440240 -0.359848 0.230733 0.132242 -0.187504 0.608447 0.115316 -0.470436 0.014411 0.490412 0.476831 0.276806 -0.690187 -0.512939 0.218760 -0.120927 0.436725 -0.586369 0.023282 0.258200 0.799959 0.282612 0.311642 0.136633 0.571368 0.650737 1.012690 0.594146 0.259499 0.493165 0.309550 0.773150 1.078491 0.038000 -0.039544 -0.821324 -0.171600 -0.374172 0.138365 0.547354 0.925174 1.540584 1.893977 1.570686 1.594990 1.191992 0.797312 0.621920 0.769604 0.911756 0.307093 0.265303 0.192960 0.641317 0.401921 0.986631 1.353202 0.805787 0.787221 0.660621 0.441213 -0.131068 -1.041360 -0.915135 -1.322730 -2.695182 -2.158018 -2.116571 -1.146647 -1.013562 -1.149312 -0.935064 -1.155059 0.574683 -0.388182 0.058890 -0.358471 0.335895 0.667767 0.817872 -0.024930 1.214190 2.212542 2.020233 1.748989 1.713656 1.597046 0.923190 0.656013 0.843128 0.890723 0.321220 0.183408 0.424012 -0.064021 0.005367 0.665131 -0.257030 0.620129 0.977089 1.083493 0.864992 0.276362 -0.565950 0.654648 0.719644 -0.149743 
192837465
2
-1.374946 -0.363458 -0.489041 -0.224486 -0.872515 -1.705298 -2.033563 -0.990311 -0.819461 -0.383896 0.034408 -0.308935 -0.200416 -0.047627 -0.291792 -0.475499 -0.176591 -0.558013 -0.407032 -0.551528 -1.080101 -0.029198 0.006972 0.536164 0.133627 0.074878 -0.334941 -1.067920 -1.215736 -0.623325 0.021044 0.185753 -0.699096 -1.161756 -0.673221 -0.713055 -0.493909 -0.476392 0.112125 1.105635 0.708915 0.564765 0.519639 0.701357 0.608709 0.085626 0.828330 -0.120872 0.052418 -0.058639 0.182040 0.587122 0.469092 0.986023 0.998780 0.800342 0.849951 0.502068 0.620727 1.140611 1.471528 1.300848 0.293008 0.472401 0.686954 0.659402 0.739585 0.624355 0.753997 0.647156 0.617543 -0.055632 0.844498 -0.595509 -0.606010 -0.329277 -1.133008 -1.191178 -1.658722 -2.551611 -2.082206 -1.083826 -0.469938 -0.367370 -0.559614 -0.738445 -0.899555 -0.825498 -0.353271 -0.080124 -0.192218 -0.507355 0.927758 0.811062 0.458393 -0.320242 0.005772 0.309773 1.302043 1.258750 0.663268 0.496115 0.563372 0.531765 1.039395 1.023148 0.115061 -0.466308 0.492974 0.642431 0.573681 1.041187 0.836463 0.940603 1.287198 0.871489 0.552870 0.961602 1.410729 2.091353 
192837465
3
-0.160564 0.180940 0.461149 0.161401 -0.747883 -0.604856 -0.890073 -0.955116 -1.288633 -1.473734 -0.276990 -0.065254 -0.587102 -0.010553 -0.189956 0.584273 0.027722 -0.146057 -0.520961 -0.351149 -1.009968 -0.797640 -0.324035 -1.231882 -0.921810 -0.881517 0.218989 -0.815943 -0.439209 -0.893874 -0.578226 0.104673 0.055058 -0.155132 -0.530396 -0.879574 -1.210791 -0.694302 -0.148233 0.827317 1.359259 1.385309 0.872555 0.885856 0.016105 -0.218559 0.301647 0.820288 0.255689 -0.158756 0.166105 0.226639 0.569803 0.108991 1.494785 1.779060 1.555203 1.337989 1.389602 0.838676 2.391627 2.025400 1.971662 2.040448 2.326091 1.982452 2.709560 1.263877 1.023823 0.830001 0.917337 0.352404 -0.022260 -0.530901 -1.003279 -0.547809 -1.211963 -1.428133 -0.567821 -1.110111 -1.566470 -1.650231 -1.365949 -0.260825 -0.450773 -0.476279 0.145167 -1.909075 -1.032915 -1.085479 -1.002629 -0.537580 -0.557265 -0.153997 -0.037499 -0.725318 -0.260556 -0.250813 0.093481 0.191545 -0.248380 0.373285 -0.215448 -0.034840 -0.457601 -0.606429 -1.125148 -0.010557 0.979988 0.852274 1.358890 1.906145 1.289519 0.996212 1.150812 0.531365 -0.028017 1.323182 1.818495 0.603224 
192837465
4
0.597928 1.335407 0.417532 -0.052300 -0.122364 -0.043669 -1.003527 -0.485180 -0.482909 -0.441081 -1.150225 -0.512340 -0.650610 -0.849303 -0.250811 -0.392100 -0.234902 -0.364525 -0.285365 -0.253497 -0.326678 -0.383939 -0.822523 -1.362112 -1.397983 -1.380388 -1.586860 -1.575504 -1.207116 -1.790204 -1.663653 -0.880846 -0.112741 0.876947 0.282021 0.498237 -0.330110 -1.083947 -1.058434 0.375233 0.359116 0.193461 -0.241739 1.257930 1.445631 1.206301 0.902301 1.144919 0.363326 1.137810 1.171734 1.544216 0.719002 0.525491 -0.168771 0.072365 0.075672 0.774822 1.607031 1.985489 2.059044 2.709847 2.122126 2.088393 2.205547 1.622534 1.393640 1.898760 1.245664 1.961553 1.072488 0.209684 -0.199691 -0.354139 -0.192028 1.072118 0.309665 0.039956 -0.586873 -0.567470 -0.506787 -0.481945 -1.017309 -0.178727 0.422549 0.289057 -0.307235 -1.431561 -1.195418 -0.576919 -0.617071 -0.421937 -0.883952 -0.292009 0.116842 0.635928 0.705113 0.354175 1.161765 0.526421 0.917552 -0.307883 -1.096969 -1.417919 -1.310947 -1.146192 -0.848648 0.072429 0.634519 1.625996 2.010540 2.336471 1.718969 2.323434 1.492730 1.031663 1.191273 1.123843 1.410580 1.386800 
192837465
5
0.974905 0.897588 0.267150 -0.024865 0.083899 0.053202 0.391136 0.154859 0.624973 0.099981 -0.489947 -0.933878 -0.634757 -1.238028 -1.120268 -0.295375 -1.197985 -1.536320 -1.155681 -0.551707 -1.127016 -1.214095 -1.536701 -1.627420 -1.464871 -0.910432 -1.521065 -1.252905 -1.509693 -0.460889 0.451548 0.228759 0.176017 0.308957 0.203836 0.635898 1.429173 0.195017 -0.272623 0.321898 0.476367 0.534632 0.456509 1.108066 -0.281588 -0.513234 0.053260 0.665372 1.113250 1.330509 0.813981 0.402118 0.137011 -0.226327 0.137287 -0.171709 0.359093 0.088615 0.825793 1.168893 1.763509 1.981548 2.245536 1.746952 0.843013 0.804498 0.473951 0.412600 0.389704 0.425220 0.578253 0.015893 0.143177 0.343359 0.402352 1.275281 1.121461 -0.269105 -0.226103 0.000760 -0.683358 -0.285880 -0.271909 0.015002 0.357846 -0.393419 -0.015625 -0.581924 -0.480945 -0.619994 -0.160303 -1.198344 -0.732483 -0.348897 -0.078809 0.774346 0.590058 0.614559 0.513087 0.806489 0.432463 -0.864862 -0.377903 -0.080469 -0.245258 -0.778719 0.012693 1.108112 1.000062 1.833489 1.160579 1.195165 2.336126 1.968352 2.093547 1.788573 2.649550 2.222547 2.645154 2.182722 
192837465
6
0.939139 1.039057 0.500072 0.151293 -0.605287 -0.861850 -0.502077 0.255792 0.235123 -0.210673 -1.597570 -1.016635 -0.412288 -1.068765 -1.072344 -1.090309 -2.315493 -2.019181 -1.117559 -0.228749 -1.376982 -1.236400 -0.477663 -0.575731 -0.854670 -1.089776 -1.525068 -0.414677 0.018502 -0.042393 0.579745 0.233462 0.324514 0.272385 0.164392 0.243611 0.269520 0.645536 1.276923 1.183354 0.807827 1.182390 0.911905 0.637506 0.649594 1.359825 1.880654 0.942180 1.110985 0.847596 1.436219 1.352503 0.632468 0.684377 0.514760 0.971437 1.182685 0.981188 1.264038 2.013010 1.768688 1.848931 1.528515 1.863574 1.382355 1.882989 2.027895 2.008000 1.376485 0.730089 0.204395 0.248809 0.321539 0.028604 0.534336 0.540278 0.295772 0.542841 0.023161 0.813484 0.395386 1.574089 1.293795 0.821286 0.184743 0.365709 0.865315 0.942428 0.423142 0.018491 -0.802349 -1.131844 -0.949976 -0.628738 -0.336635 -0.940826 -0.877672 -0.503231 -0.164763 -0.169475 0.330358 0.159651 0.113268 0.867078 0.314465 -0.331573 -0.176458 -0.021567 0.899031 1.167286 0.786153 1.174662 1.068635 1.789598 1.292777 1.888395 2.917979 2.096820 1.105663 0.493452 
192837465
7
1.232362 0.099866 0.620545 0.306702 -0.642397 0.710429 0.530018 0.379088 -0.620458 -1.158397 -0.620405 -0.527954 -1.457486 -1.272731 -1.866861 -1.723424 -2.207686 -2.736716 -1.868036 -1.595001 -0.839655 -1.281243 -1.222127 -0.901493 -0.984257 0.134926 0.073058 0.434287 1.580103 1.245123 0.609291 0.256961 0.537306 0.637407 1.292389 1.590890 1.326721 1.139252 1.100538 2.348467 1.134442 -0.309577 -0.352317 -0.033311 0.063396 0.313658 1.035856 1.769566 1.239643 0.760812 1.316886 1.270757 1.029948 1.084962 1.149266 1.063799 1.089389 1.988279 2.376839 1.737182 2.192020 2.941184 1.912391 2.273990 1.655744 1.575615 1.146700 0.597402 -0.053533 -0.859114 -0.331074 -0.591026 1.068180 0.305293 -0.070687 0.674757 1.160849 1.309184 1.097257 1.530330 1.663781 1.106649 0.781866 -0.255409 0.403728 1.187339 1.314313 1.177177 -0.532302 -0.799894 -0.698908 -0.474400 -1.202385 -1.471269 -0.359886 -0.514364 -0.725404 -0.448840 -0.846931 -0.544147 -0.524387 0.315636 0.179651 -0.467789 0.054798 0.254959 -0.909462 -0.067537 0.150031 0.948407 1.235758 0.566799 0.381386 -0.263690 0.034830 0.368606 1.058014 1.454402 1.306942 1.266743 
192837465
8
0.803724 0.686219 0.526776 0.421413 -0.199840 -0.326519 0.131419 0.699839 0.362743 0.322811 -0.700913 -2.044444 -2.104526 -2.638313 -2.642644 -2.574895 -2.421821 -1.955135 -2.116609 -1.237214 -1.633328 -2.000696 -2.413063 -1.732922 -1.590631 -0.292586 -0.228419 0.487563 1.434085 1.102017 2.422296 2.284183 2.297128 2.032492 1.259992 1.431001 2.027739 1.223641 0.842351 0.977737 -0.054178 -0.002257 -0.390401 -0.169098 -0.038730 0.630873 0.956983 1.550761 1.252530 1.528044 1.886892 1.832003 1.223760 1.255700 1.110174 1.453429 1.655901 2.586826 1.916824 2.488900 2.256541 2.128439 2.356885 1.821819 1.437118 1.568948 0.312584 0.429919 -0.139387 -0.551939 -0.310539 0.223473 0.344966 0.090208 0.722378 0.165826 0.560706 0.847988 0.657923 0.368969 1.194045 1.849950 1.743599 1.606187 1.230646 1.051813 1.065649 0.769482 -0.218081 -0.283489 -0.330138 -1.187033 -1.300282 -1.473974 -1.303703 -0.409283 -0.423257 0.030242 -0.803018 -1.203051 -0.191110 0.725025 0.400965 0.079225 -0.133527 -0.565655 -0.207124 -0.231983 -0.122079 -0.246141 0.120308 -0.065636 -0.326104 -0.328006 -0.216601 -0.625283 0.182419 0.729163 0.780549 1.346102 
192837465
9
0.103690 -0.461350 0.265226 0.176817 -1.093401 -1.150597 -0.841847 -0.278992 -0.120402 -0.661439 -1.147071 -1.868043 -1.991537 -2.741948 -2.866925 -2.542792 -2.564871 -2.160204 -2.011164 -1.325363 -1.079668 -0.979933 -1.665107 -1.529225 -1.665918 -0.701659 -0.174313 0.557638 0.002738 0.801175 0.970738 1.520128 2.307385 1.966971 0.481666 1.554652 1.851711 1.026610 1.338486 0.024116 -0.451383 -0.397423 -1.246857 -1.160983 -0.694446 -0.189050 0.142232 -0.134569 0.442623 1.865348 1.596168 2.236932 1.337256 0.998674 0.494299 0.828045 0.646774 2.121301 1.971690 2.246839 1.258072 0.882205 0.913306 1.728525 1.763950 1.012233 0.439054 0.616411 0.568594 -0.609822 0.211226 1.026276 1.152934 0.916138 0.266918 0.622702 0.615125 0.844186 1.044743 1.068176 1.365645 2.054727 2.261791 1.813077 1.869833 2.170732 2.133030 1.118228 0.143360 -0.425305 -0.386317 -1.060922 -1.233792 -0.719436 -0.691475 -1.004209 -0.887656 -1.623452 -1.561400 -1.230712 -0.394361 0.077133 0.352637 0.191281 0.572406 -0.103616 -0.165699 -0.984079 -0.817041 -1.723293 -0.851487 -0.530934 -0.844681 -0.746462 -0.623633 -0.999302 -0.434186 -0.338716 -0.192540 -0.020917 
192837465
10
-0.217774 -0.493567 -0.741136 -0.376905 -0.784801 -0.734140 -0.381790 -1.863927 -1.632607 -1.455684 -2.062565 -2.035517 -1.475613 -2.403558 -3.047905 -3.047628 -2.407182 -2.184132 -1.782188 -0.183468 -0.473504 -0.237521 -0.107082 -0.162432 -0.671903 0.086228 -0.411614 -0.812528 -0.661335 -0.460926 0.613834 1.346229 1.847452 1.685075 1.300302 1.622075 1.816585 1.327947 0.928119 0.377362 -0.649929 -0.635969 -0.653495 0.396598 -0.150837 0.162802 0.801277 0.849955 1.416864 1.310374 0.960758 1.040516 1.802347 0.661484 -0.163445 -0.337164 -0.495404 0.343208 0.585446 0.960626 -0.363089 -0.210902 0.349606 0.617833 -0.087753 0.316758 0.104650 0.536125 -0.533487 -0.479135 0.183506 0.803647 1.158759 0.597915 0.577284 0.587240 0.922883 1.227423 -0.250709 0.468736 0.646088 0.110016 0.424342 0.889740 1.602739 1.043041 0.798716 0.206843 0.237312 0.047260 -0.954205 -0.832655 -0.601302 -0.636814 -0.362544 -0.573321 -1.285183 -1.234574 -0.748932 -1.314073 -0.982414 -0.117067 -0.042761 -0.221173 -0.004991 -0.382847 -0.118724 0.013778 -0.551915 -0.929223 -2.011392 -1.352085 -1.630709 -0.666161 -1.072139 -0.373389 -1.283306 -0.572828 0.291905 0.184088 
192837465
11
-0.217220 0.026645 -0.034922 -0.761127 -0.969279 -1.572927 -1.328935 -1.847979 -2.201726 -1.744776 -1.921761 -3.189264 -2.128362 -1.959327 -1.344093 -2.368527 -2.392656 -1.505485 0.092836 -0.620662 -0.699076 -0.342866 -0.234957 -0.207293 -0.255716 -0.222538 0.327967 -0.433459 0.095458 0.324543 0.161354 0.871655 0.905771 1.143292 0.400513 -0.332588 -0.126481 -0.367298 -1.093690 -0.829962 -0.511185 0.349029 -0.099786 -0.387090 -0.189475 -0.504537 0.065577 -0.153936 0.554576 0.519991 0.783212 -0.079192 1.025965 1.195573 -0.480500 -0.679364 -0.770696 -1.107215 -0.035880 -0.393154 -0.610625 -1.072765 -0.690150 0.252678 -0.589168 -0.619897 -0.757586 -0.855708 -0.073709 -0.437006 0.038100 -0.646248 -0.993808 0.241594 0.334477 0.640592 0.733703 1.057989 0.007738 0.071377 0.077710 -0.183239 -0.730609 -0.502519 0.606960 -0.514551 0.275577 -0.452175 0.011473 -1.019539 -0.310903 -0.240894 -0.208338 0.562588 0.571233 0.480670 0.022946 -0.131020 -0.998434 -0.703475 -0.154369 0.183664 -0.107570 -0.715878 -0.391241 -0.318342 -0.408840 0.404768 0.255594 -0.821152 -1.410947 -1.303920 -1.448244 -1.222114 -0.792161 -1.412726 -1.675498 -0.882228 -0.225028 0.181535 
192837465
12
-0.249025 -0.042966 -0.251088 -0.292825 -0.812918 -1.262439 -1.018393 -1.718575 -1.929711 -1.635164 -1.406622 -0.894168 -0.809464 -0.415657 -0.093949 -1.139564 -0.562795 -0.251433 -0.013409 0.129095 1.241543 0.852888 -0.057582 0.565159 0.620755 0.383582 0.240242 0.907319 0.918075 1.234476 0.912376 1.534287 1.937922 1.207373 0.710853 -0.472986 -1.676570 -1.403345 -2.430143 -1.444680 -1.147660 -0.248807 -0.661317 -1.333572 -1.682653 -1.108740 0.857116 0.822691 -0.638432 -0.201144 -0.411108 0.163038 -0.295664 -0.356408 0.885019 -0.027231 -0.872476 -1.436838 -1.800979 -1.941883 -0.924802 -1.887313 -0.654439 -0.079992 -0.991348 -0.502210 -0.494257 -0.378679 0.226217 0.404470 0.009165 -0.519822 -0.553567 -0.041475 0.208216 0.589771 0.248024 -0.051328 0.433287 -0.639092 -0.678546 -0.601005 -0.615287 -0.432913 -0.475863 -0.992703 -1.035609 -1.226800 -0.579506 -0.830257 -1.257597 -0.339508 -0.104729 0.167786 -0.877471 -0.314396 -0.824292 -0.125439 -0.906573 -0.402279 -0.039517 0.197202 -0.797674 -0.411996 -0.924726 -0.640834 -0.595187 0.668960 -0.072331 -0.124634 -1.518277 -1.340745 -0.635216 -1.250629 -1.937311 -1.423001 -1.946279 -1.316152 -1.669113 -1.201275 
192837465
13
1.119548 -0.175647 -0.336865 -0.212144 -0.751845 -1.069655 -1.510219 -2.090736 -1.981622 -2.021601 -1.252261 -0.763485 -1.086890 -0.539627 -0.923138 -0.620446 -0.105788 -0.015467 -0.013756 0.609421 0.874465 1.429126 1.535093 0.732910 0.236623 0.820656 0.670980 1.597478 1.893518 1.716078 1.690654 1.486907 1.053124 0.153296 0.165051 0.555815 -0.625181 -0.932514 -0.955836 -1.083716 -1.022196 -1.084794 -1.131492 -0.968130 -1.069701 -0.535798 0.592725 0.316391 0.257131 0.137399 -0.237538 -0.714556 -0.948346 0.011371 0.425876 0.210294 0.234239 -0.906807 -1.218298 -0.494794 -0.352283 -0.067118 -0.316600 -0.745330 -0.619290 0.401160 0.163644 0.102234 0.727974 0.101871 -0.274505 -0.295925 -0.632449 -0.220791 -0.274615 -0.156602 -0.923969 -1.228561 -1.123754 -0.705724 -0.718889 -0.255953 -1.011261 -1.163406 -1.655203 -1.547213 -1.239978 -1.910016 -1.954090 -1.013334 -0.166954 -0.103382 0.034529 0.047302 -0.068009 -0.813426 -1.186704 -1.127278 -1.749302 -1.022853 -0.398597 -0.298683 -0.950170 -1.069306 -0.130240 -0.446096 -0.154469 0.266394 -0.441793 -1.415973 -1.517848 -2.296146 -2.656011 -1.600931 -1.322661 -0.114133 -0.215064 -1.670261 -0.759289 -1.128622 
192837465
14
0.295136 -0.026389 -0.456266 0.511605 -0.144454 -0.350267 -1.458280 -1.573454 -1.682165 -2.065200 -1.855007 -1.335225 -1.088366 -1.678417 -1.226237 -0.911196 -0.289258 -0.367683 0.929459 0.468762 0.876301 1.560174 1.335597 0.703901 0.902759 1.143954 1.278304 1.314662 1.877509 2.131679 1.462626 0.684372 -0.723908 -0.020792 -0.161240 0.321167 -0.564413 -0.454139 -0.934445 -0.246278 0.218335 -0.528426 -0.740010 -0.377724 -0.259480 -1.094565 -0.473212 -0.152515 0.077273 -0.700342 -0.967861 0.102344 -0.266940 0.276756 0.200534 -0.682420 -0.544825 -0.668109 -0.577568 -0.167869 0.147913 1.199550 0.180284 -0.141274 -0.198418 -0.214385 0.765927 0.978431 0.949909 0.565742 0.185794 0.357174 -0.083884 -0.219481 0.057836 -0.531448 -0.796307 -0.771845 -1.108887 -0.337908 0.706710 0.079962 0.774848 0.094290 -0.317377 -0.685481 -0.253830 -0.671357 -0.173496 0.189097 -0.153393 0.382572 0.496195 0.603977 0.219356 0.177546 -0.062243 -0.692611 -0.867670 -1.393826 -0.569308 -0.589915 -0.481618 -1.051324 -1.155872 -1.049433 -0.733605 0.322801 -1.075379 -0.690562 -0.853825 -1.413237 -1.404849 -2.171614 -1.628345 -0.957194 -0.476853 -0.166985 0.515298 1.414001 
192837465
15
0.513730 -0.215001 -0.530395 0.219378 -0.482355 -0.387051 -0.715223 -0.881264 -0.991444 -0.966240 -0.383582 0.032648 0.175493 0.622169 0.647401 0.106414 -1.110172 -0.715152 0.893544 0.601558 0.653349 1.128059 1.047445 1.081385 1.582271 1.106835 1.480671 1.131542 0.836441 1.244883 0.643303 -0.125222 -1.054561 -1.683064 -0.456156 -1.083510 -1.502516 -0.384029 -0.473593 -0.345170 0.169247 -0.288274 -0.206587 0.196864 0.044291 -0.195616 -0.760204 -0.746831 -0.174277 -0.439641 -0.764003 -0.106417 -0.613465 -0.588731 -0.827124 -0.612898 -0.940673 -0.857837 -0.181369 0.255614 0.107201 -0.090357 -0.683865 -0.330097 -0.920724 -0.436236 -0.896837 0.320975 0.225286 0.709712 0.106351 -0.368247 -0.608762 -0.790602 -0.717726 -0.442425 -1.075260 -1.146338 -1.285838 -0.547276 -0.549831 -0.047904 0.284845 0.378265 0.471665 -1.247273 -0.777731 -0.255507 -1.043056 -0.858280 -0.731106 0.204431 0.341832 -0.236707 -0.418912 -0.937893 -0.215723 -0.147240 0.107561 -0.218965 -0.930378 -0.715620 -0.090412 -0.408745 -0.806422 -0.667729 -0.753926 -0.265280 -0.346830 -1.208681 -1.144000 -1.526962 -1.762890 -1.611867 -1.159352 -0.756125 -0.962307 -0.185727 0.413293 0.293711 
192837465
