1200.000000
160.000000
120
16
1
0.500000
2
2
0
0.449900 0.654969 0.565783 0.167303 -1.510814 -0.283381 -0.129101 -0.597803 0.317912 -0.338454 -0.393624 -0.572912 0.484533 0.378948 1.290080 0.690659 0.035422 -1.113218 -0.822918 -0.731232 0.446033 0.387004 -0.438891 -0.557214 -0.968723 0.187070 0.176782 0.086313 -0.975131 -0.107213 -0.413369 -0.338162 -0.572621 -1.162145 -1.542991 -1.114207 -0.949694 -1.032153 -2.087080 -1.290977 -1.855109 -0.626702 -0.710549 -0.751218 -1.306399 -1.537586 -1.537179 -0.348653 -0.224977 -0.744028 -0.249231 0.260561 0.017878 0.411203 -0.057838 0.151760 -0.117718 -0.103317 -0.062510 -1.356649 -0.948578 -0.208831 0.170925 0.290676 0.013010 0.069803 0.667070 0.966392 2.158409 1.688262 1.376285 2.026077 1.767009 1.745347 2.195838 1.456533 1.746687 0.979039 1.047221 0.192716 0.801403 0.756177 -0.033402 1.210640 1.463568 -0.223689 -0.082806 -1.495330 -1.089087 -1.493097 -1.562966 -2.399981 -1.732347 -1.294331 -1.355221 -0.993530 -0.946267 -0.303113 -0.717975 -0.990931 -1.185476 -1.522015 -1.998007 -1.323139 -1.628333 -1.923623 -1.653764 -0.988891 -0.815225 -0.587101 -0.833322 -0.080837 0.748288 -1.095794 -1.013128 -0.756638 -1.604505 -1.075746 -1.222458 -0.436878 
192837465
1
-0.423687 0.122172 -0.201840 -0.305975 0.462044 0.112953 0.030788 0.053113 0.624146 1.030176 1.170265 0.037302 0.023144 -0.032125 0.201464 -0.167774 -0.177075 -0.719364 -0.499331 -0.150856 0.665822 0.464584 -0.020186 -0.718480 -0.627772 -1.685789 -1.053902 -0.441622 -1.400107 -1.867644 -1.951258 -1.590464 -1.065170 -1.059158 -1.066908 -1.059430 -0.852738 -1.107174 -1.517237 -0.925453 -0.814237 -1.035550 -1.210444 -0.847884 -2.171205 -1.529007 -1.238595 -1.462577 -1.741358 -1.020704 -1.617123 -0.698752 -0.090591 -0.122225 -0.724168 0.659568 -0.192591 -0.930057 0.055535 -1.226029 -1.945579 -0.516977 0.214686 -0.360652 0.696286 0.986586 0.352245 0.127134 0.583301 0.743661 1.498303 1.255685 2.252918 2.068886 0.977630 2.330201 1.347226 1.594440 1.076704 0.466493 1.070281 0.518175 0.691712 1.884181 2.017941 1.406770 -0.726274 -0.614404 -1.307923 -1.564682 -1.775517 -2.356809 -1.851146 -1.422133 -1.136609 -0.908726 -1.268720 -1.391930 -1.141405 -0.925314 -1.065728 -1.777240 -1.492933 -0.928129 -0.782460 -1.244503 -1.010405 -0.834775 -0.037467 -0.415960 0.600360 0.561738 -0.391563 -0.781809 -0.675727 -0.251785 0.804377 0.046418 -0.127436 0.747144 
192837465
2
-0.255143 0.643333 0.275368 1.246311 0.879382 -0.065503 -0.012729 0.034182 0.047189 -0.002394 -0.327131 -0.620613 -0.440307 -0.323840 -0.682713 -1.342824 0.520327 -0.000887 0.748617 0.663773 0.654461 0.621038 0.707578 -0.118585 -0.045916 -0.863784 -1.917611 -1.817991 -1.250842 -1.609766 -1.159108 -1.187024 -1.392071 -1.046932 -0.930559 -0.721760 -0.617731 -0.899162 -0.617676 0.110255 0.175218 -0.326466 -0.251625 -0.887673 -1.129521 -1.529328 -1.527853 -2.449189 -2.406879 -1.957427 -2.098343 -1.246642 -1.239686 -1.358969 -0.143596 -0.151354 -0.693852 -0.582536 -0.707104 -0.677758 -1.300198 -1.369350 -0.825458 -1.412123 0.383289 -0.496488 -0.445707 0.638062 -0.274873 -0.013038 -0.307742 -0.456095 -0.311366 1.081323 0.956696 0.740646 0.249958 -0.333775 0.795015 1.223531 1.923612 1.680671 1.234404 0.387759 0.016661 -0.221975 -1.287281 -1.801514 -1.541947 -0.139234 -0.816626 -1.097818 -0.985390 -0.012346 -0.137487 0.098191 -1.030554 -0.732887 -0.811664 -0.752750 -0.703158 -0.888580 -1.024318 -0.681913 -1.011224 -0.025186 -0.313845 -0.983493 0.073788 0.419115 0.119471 0.785670 0.469926 0.458271 0.182210 -0.168553 0.132462 0.253196 -0.097414 -0.203763 
192837465
3
0.916216 1.828915 1.599944 0.659563 0.377753 0.632643 0.300641 0.922294 0.510834 0.207197 1.158357 -0.268531 -0.165323 -0.075805 0.074848 -0.058589 0.052318 0.726665 0.955134 0.508249 -0.491219 -0.572951 -0.813817 -0.342715 0.426122 -0.234035 -1.176464 -0.989906 -1.174787 -0.729171 -1.318398 -1.496534 -0.804927 -1.242398 -0.559487 0.631752 0.185342 0.612306 -0.310183 -0.256954 -0.026032 0.897709 0.479887 0.200285 -0.481794 -0.461054 -0.637919 -1.550663 -1.798829 -1.395231 -1.421641 -0.850808 -0.879357 -0.934700 -0.659154 -0.944787 -0.491250 -0.260168 0.210120 0.320965 0.126614 -0.392485 -0.219365 0.852548 -0.032368 -1.052099 -0.635941 -0.445368 -1.126460 -1.367659 -0.593244 -0.200735 -0.002338 0.555930 0.492523 -0.057890 -0.990838 -0.248545 0.151618 0.483399 0.277983 1.119879 0.831210 0.042010 -0.268535 -0.942564 -1.858208 -1.009379 -0.955682 -0.464870 -0.211172 0.721389 0.116832 0.001332 0.241942 -0.167094 0.090403 -0.546491 -0.060963 -0.163382 -0.725249 -0.699733 -0.608606 -0.487846 -0.364671 -0.068475 0.549502 1.015187 0.211104 0.251826 1.098378 1.514808 1.395784 0.726576 0.486696 -0.284086 -0.328585 -0.933115 -0.523415 -0.050503 
192837465
4
0.000114 0.723390 1.514655 0.528292 -0.398561 0.422337 1.105525 0.579457 -0.451548 -1.108237 -0.268440 0.179488 -0.578881 0.361410 0.861059 0.347407 0.010987 0.262967 -0.415797 0.749594 0.889689 1.604279 0.833418 0.197541 -0.261398 -0.979070 -0.753215 -0.722385 0.330784 0.457990 0.418919 0.098444 0.164653 0.541156 -0.323901 -1.586401 -1.894065 -0.893872 -0.362414 -0.919543 0.282138 0.249974 0.261225 -0.426723 -0.066664 -0.775655 -2.161037 -2.030284 -0.773647 0.308535 -1.059497 0.169944 -0.407505 -1.090138 -0.512141 -1.085757 -1.445719 -0.734268 -0.818726 -1.267087 -1.149799 -0.577632 -0.482149 -0.590839 -0.935038 -0.962712 -0.799298 -1.501522 -1.333901 -1.528977 -1.254357 -0.392154 -0.882584 -0.199946 0.266214 -0.249923 -1.122688 -0.146826 0.760329 0.805885 0.737345 0.537621 0.723181 0.075041 0.296654 -0.363266 -0.492770 -0.074491 0.628170 -0.055072 -1.133112 -0.441797 -0.669898 -0.887300 0.248263 0.426962 1.186356 0.728459 0.260188 -0.927888 -0.726958 -0.099923 0.416065 0.502525 1.695212 1.018081 1.709288 1.508850 1.317438 0.733168 0.652585 0.719261 0.198741 0.200794 -0.315318 0.013003 -1.129332 -0.697873 -0.138806 0.293148 
192837465
5
0.813102 -0.023062 -1.089752 -1.673710 -0.408563 -0.044976 -0.711389 -0.003916 0.820329 0.230776 0.155646 0.020550 0.632292 0.548407 0.123694 -0.024673 -0.469828 0.411422 0.345334 0.661450 0.142714 -0.533168 -0.280609 -0.324265 -0.712612 -0.710622 0.414500 0.793637 0.856212 0.720929 1.102700 0.833222 0.530428 -0.316519 -0.586554 0.013251 -0.894407 -0.857959 -0.603995 -0.177312 0.163084 -0.079982 0.499117 0.301347 -0.904778 -1.059228 -1.209194 -1.328524 -1.554909 -0.439895 0.559207 0.734034 1.265843 0.511631 0.312705 -0.685132 -0.243888 -0.224609 -0.912761 -0.315379 -0.356785 -0.708603 -0.620859 -0.656269 -0.578657 -1.385511 -1.647509 -1.897041 -1.345515 -1.800612 -1.312729 -1.475083 -1.202854 -0.410398 -0.140477 0.037697 -1.148173 -0.248075 -0.088674 0.216501 -0.323018 0.820312 -0.228861 -0.607103 -0.691129 0.084675 -0.242148 -0.119239 -0.745254 -0.166514 -0.467188 -0.494985 0.375977 -0.564156 0.489673 1.032576 1.230154 0.927688 0.353046 -0.081179 -0.270749 0.794995 2.327598 1.954297 1.745071 0.930183 1.750039 2.013449 1.349616 0.814180 1.033900 0.624591 0.718202 0.045219 -0.569200 -0.058452 -0.624242 -0.460161 0.640458 0.120980 
192837465
6
0.289277 -0.155993 -0.132248 -0.730921 -0.033172 -0.487604 -0.960316 -1.107478 -0.627728 0.067581 -0.067571 0.227563 0.305868 -0.608234 0.284493 -0.148515 -0.712995 -0.432218 -0.860966 -1.394853 -1.328359 -1.324525 -0.894958 -0.236870 -0.106850 0.011709 0.215308 0.686908 1.662069 1.537028 1.161147 1.092636 1.034640 0.416539 -0.475294 -1.086260 -1.209688 -1.143673 0.034088 0.213320 -0.026321 0.419883 -0.059845 0.771315 2.073231 0.905511 -0.175807 -0.304579 -0.443764 -0.978192 0.543224 1.085995 1.157574 1.126423 1.131665 0.535719 -0.039484 0.389876 0.656447 1.077817 0.426131 0.369181 -0.020342 0.264548 -0.758796 -0.962975 -1.821963 -1.337154 -0.006043 -0.260335 0.482341 0.307485 -0.367828 -1.072408 0.481588 1.213784 -0.240609 -0.139105 0.759905 0.597206 0.281338 -0.486976 0.085223 0.099176 -0.246258 -0.083818 -0.723872 0.293025 0.404507 -0.338671 -1.122313 -0.791387 0.109681 -0.247440 0.543203 -0.320663 -0.032237 -0.096956 -0.048601 -0.260717 1.395571 1.363927 2.194254 1.606368 2.062254 1.965030 1.980366 2.198792 1.607855 1.151430 1.117681 0.553775 0.459551 0.487855 0.452682 0.547245 0.091270 -0.324280 0.804899 1.693640 
192837465
7
-0.140476 -0.027563 -0.544926 0.013370 0.191439 0.185748 0.141545 0.026674 0.085627 0.204555 0.636959 0.026008 -0.913498 -0.418021 -0.830211 -0.470901 -0.921167 -0.525478 -1.111519 -0.539804 -0.608824 -1.271244 -0.542426 -0.115141 0.749325 0.822188 1.232853 1.134001 1.092086 1.229151 1.490197 1.550348 1.197051 1.100879 0.076605 -0.385176 -0.004137 -0.288145 -0.061922 -0.694802 0.483445 0.309221 0.150956 0.329919 0.728909 -0.079370 1.247570 0.330233 -0.497574 -0.362444 -0.489518 -0.679390 0.181376 0.574182 1.102283 1.630420 1.890632 1.118590 0.860185 0.869900 -0.491496 -0.551392 -0.120454 -1.540660 -1.752110 -1.536485 -0.325038 0.104371 -0.659919 0.126769 0.076825 0.653672 -0.740386 -0.727100 -0.503771 -0.940870 -1.063980 0.635336 0.127315 0.147079 -0.138832 -0.312252 0.814788 0.762319 0.138757 0.167864 0.682122 0.328686 -1.240134 -0.472567 0.519797 0.265701 -0.030887 -0.628814 -0.872167 -0.257283 -0.149365 -0.200631 0.007099 0.970290 1.506019 1.126924 1.092825 0.719624 1.268866 1.131848 2.011326 3.149807 3.289346 2.001798 2.006188 0.603576 0.339488 0.256568 -0.025225 -0.109970 -0.077145 1.064695 1.251411 1.591819 
192837465
8
-1.251020 -0.876447 -0.647861 -0.499525 -0.177741 0.813746 1.377517 0.877170 1.505781 1.956926 0.520650 0.170830 -0.625645 -0.572400 0.077788 -0.626243 -1.086811 -1.587184 -1.940494 -1.075659 -1.290313 -1.113411 -0.308592 0.510754 0.700486 0.995238 1.443666 1.560384 1.793522 1.196574 0.614176 -0.394958 -0.166260 0.530386 0.481691 0.341152 0.463131 1.725353 1.637719 1.549522 0.553689 0.914117 -0.023080 0.232456 0.344858 0.750771 1.625524 1.649119 0.919111 0.918415 1.459961 1.352232 1.023656 1.723442 1.125477 1.299400 2.266059 1.886178 2.521330 1.472725 0.662102 0.108889 -1.152786 -1.178417 -0.589681 -0.885459 -1.276277 -1.753712 -1.988990 -1.306429 -1.016587 -0.674726 -0.486039 -0.406408 -0.622984 -0.389742 -0.444725 -0.873317 -1.826600 -0.786720 -0.895424 -0.811581 -0.765721 0.260196 0.085531 0.499678 0.443773 1.476743 0.759571 2.337954 2.350329 1.035016 1.300581 0.710882 -0.116933 -0.145794 -0.176362 0.640114 0.552633 0.580272 1.040475 1.038525 1.599659 1.564684 1.370264 0.926107 0.740928 1.714375 1.498816 1.235537 1.444256 1.716710 1.267602 1.076808 0.569004 0.862614 -0.033798 0.024349 0.226962 0.304009 
192837465
9
1.091839 -0.895653 -0.888262 0.392624 0.083962 0.250983 -0.363281 0.156007 1.639634 1.235753 0.996474 1.139135 0.907601 0.361874 -0.994609 -1.856768 -1.660129 -1.005612 -1.758500 -1.373989 -1.522776 -1.810276 -1.027879 0.465299 0.410486 0.507233 0.006426 0.741018 0.767617 0.538198 0.654394 0.105312 0.401145 0.805787 1.063246 1.393069 0.711840 0.590609 1.122811 1.222864 0.977917 0.911738 0.494406 1.559002 0.988248 1.159466 1.760253 1.352632 1.473471 1.364688 1.838344 1.627458 1.360916 0.775465 0.917902 1.518419 0.901995 1.944220 0.620899 0.297559 -0.141904 -0.339043 -0.666710 -0.497530 -1.215972 -1.982967 -1.906137 -1.262940 -0.102173 -0.063625 -0.735825 -1.125230 -1.103882 0.011972 -0.079553 -0.797736 -0.186923 -0.807749 -0.751522 -0.742173 0.368190 0.423791 1.350229 0.808448 1.291303 1.690554 1.410340 2.006489 1.802226 1.987822 1.885386 1.323092 -0.454573 -0.631311 -0.651620 -0.991244 -0.558787 0.146330 0.871928 1.154590 0.520894 0.098893 0.382291 0.733016 0.464026 0.567764 0.613170 1.092662 1.364893 0.946861 1.636724 2.312414 1.662508 0.196652 1.239740 1.118877 0.809035 -0.460134 -0.014836 0.652875 
192837465
10
0.791620 0.390045 -0.452298 -0.380954 -0.612169 -0.497633 0.861766 -0.601547 0.099220 0.732702 1.499489 0.166152 -0.180947 -0.676721 -1.093286 -1.356994 -1.222331 -1.168152 -1.132885 -0.479839 -1.596757 -1.460147 -1.251115 -1.028307 -0.822875 0.478177 0.375790 1.120757 0.321570 0.501867 0.720261 0.458838 0.651616 0.013516 0.426223 0.536202 0.577922 0.493543 0.986822 1.519853 1.287683 1.294327 1.130575 1.694953 1.673699 2.009917 2.179096 2.343662 2.761473 1.872335 0.598797 0.735826 0.811313 1.096909 1.440614 0.388559 1.248138 0.250346 0.889386 -0.050750 -0.196925 -0.287177 0.391343 -0.267281 -0.691224 -0.060203 -0.406162 0.267938 0.081814 0.210884 -0.871614 -0.729793 -1.013729 -1.035637 -0.628002 -1.064837 -1.186614 -0.330846 -1.240599 -1.102318 -0.061484 0.643012 1.562167 1.238701 1.419537 1.615817 1.497375 0.846964 0.813142 0.677718 0.422861 0.036251 -0.262144 -0.664604 -0.104300 -0.966331 -0.200803 -0.250257 -0.333688 -0.531460 -0.553159 -1.220933 -0.869301 -0.281726 -0.274683 0.306841 0.595934 1.000286 0.595759 0.885506 1.230831 2.075317 0.767885 1.370340 2.043877 1.956487 -0.093728 -0.062076 0.775599 1.025101 
192837465
11
0.601597 -0.088012 -0.289585 0.054126 -1.187320 -0.969023 -0.292352 0.010225 0.212814 0.234891 0.305602 0.583906 -0.075638 -2.080562 -1.535133 -1.194628 -0.838018 -1.678390 -1.204587 -0.176543 -0.919504 -1.172174 -0.735313 -0.347007 -0.948120 -1.193702 -0.383698 0.263840 0.005102 0.167845 -0.213124 0.251108 -0.510185 0.144831 -0.082755 0.824011 0.997713 0.633814 1.806107 2.062789 2.273865 1.500714 1.741598 1.814562 1.901566 1.482213 1.601424 1.851103 1.913960 1.058116 1.411534 2.428271 2.744446 1.573612 0.921037 1.430580 0.501559 1.295035 0.848446 0.449246 0.598481 0.588568 1.077678 2.083087 1.800007 0.829620 0.412193 0.908213 0.099890 0.188915 0.429679 0.003125 -0.073550 -1.046199 0.457827 0.815960 0.637120 -0.352107 -0.029824 -0.906335 -0.508305 -0.188784 0.143539 -0.176675 0.284224 1.787167 1.061588 0.581187 0.724655 0.458033 0.430674 -0.079592 -0.667923 -0.812418 -0.286667 0.000889 -0.023632 -1.082771 -1.310029 -1.938965 -1.050527 -1.266635 -1.479335 -1.049646 -0.240279 -0.275430 0.742809 0.085786 -0.169216 0.469553 0.546707 -0.353967 1.332408 0.634772 1.026051 1.143856 0.387582 -0.492421 -0.442985 1.450815 
192837465
12
-0.878188 -0.628724 -0.489181 -0.924957 -0.831506 -1.165482 -0.332960 0.030333 -0.128880 0.362022 0.754096 -0.140372 -0.588080 -1.552732 -1.526876 -1.855224 -1.376532 -1.246134 0.098890 -0.926559 -0.778448 -0.284865 -0.359327 0.053789 -0.391454 -0.275547 -1.434720 -1.296856 -1.637957 -0.506866 -0.683560 -0.291107 -0.893607 -0.605511 -0.448199 0.967247 0.807016 1.283338 1.506287 2.190501 1.992486 1.750637 1.860402 1.508686 1.549763 2.012053 1.148816 0.307680 0.895499 2.405018 2.768574 2.615249 2.869859 1.785002 1.221743 1.594395 1.802973 0.773363 -0.468698 0.307252 0.344828 0.659805 1.353115 2.412133 1.921068 2.189559 1.798422 1.317318 0.880359 0.340133 -0.307079 -0.133671 -0.416407 0.165204 0.795290 1.607610 0.690389 1.015232 0.719072 0.351538 0.313711 -0.108139 -0.073268 -0.555622 -0.157402 -0.450109 0.167054 -0.074501 0.573499 1.355940 1.260023 0.774062 0.025871 -0.750332 -0.140726 -0.493013 -0.852568 -1.427004 -1.886078 -1.675779 -1.924957 -1.555329 -0.791291 -0.893377 -0.403039 0.487963 0.240459 -0.479817 0.405214 0.577818 0.352363 1.285639 1.194692 0.581182 0.387026 0.871179 0.465891 0.721956 0.923063 1.872559 
192837465
13
-0.256576 -0.589942 -0.656887 -0.900837 -0.431456 -0.519297 -0.520477 -0.651106 -0.178357 -0.015985 -0.594464 -0.503047 -0.913570 -0.864689 -1.451262 -2.580111 -2.011268 -1.672585 -1.991661 -1.822729 -1.813050 -1.385180 -0.189641 0.317685 0.776591 -0.203213 -0.836897 -0.922175 -0.380134 -1.155207 -0.713234 -0.743764 -1.233110 0.008245 -0.402032 -0.026594 0.376569 0.640833 1.634681 1.085680 0.734845 1.163781 1.909466 2.682597 1.810966 0.824565 0.740757 0.498999 -0.060438 0.476105 0.868127 1.481238 2.039478 1.580297 1.274833 1.420897 1.551692 1.286348 0.532881 0.049889 0.247217 0.209951 0.389753 0.798535 0.773035 -0.018198 -0.417770 0.800806 1.118373 0.986512 -0.336846 -0.642483 -0.174706 0.996257 0.654667 0.274927 -0.164925 0.018651 -0.314279 -0.555381 -0.859296 0.428628 -0.381698 -0.402985 0.350106 -0.011528 -0.598090 -0.292271 -0.792808 0.234176 0.637274 -0.109246 -0.153527 -0.119933 0.132125 0.209517 -0.707179 -1.582248 -1.611373 -1.189726 -0.792390 -0.656759 -0.597792 -0.610671 -0.428178 0.595562 1.029156 0.293432 -0.173882 0.572262 0.328825 0.584993 0.631970 0.684154 1.173782 0.513500 0.638947 0.951853 1.310156 1.009996 
192837465
14
-1.007362 -0.456523 -1.215240 0.058954 0.658333 -0.196278 -0.097566 -0.402644 0.340923 0.453691 -0.511678 -1.324341 -1.071583 -0.959881 -0.555363 -0.724159 -1.852574 -2.831420 -2.033875 -3.265667 -2.543798 -1.664057 -0.953463 -1.270694 -1.119196 -0.928828 -0.862016 -0.709868 -0.275726 -0.450590 -0.413037 -0.049448 -0.161108 -0.177208 0.615644 1.612870 2.514956 2.042457 2.056800 2.130329 1.803934 1.564705 0.476480 0.747598 0.539208 1.159275 0.292457 1.149551 0.643486 0.032907 0.881630 1.318549 1.050715 -0.346912 0.032339 1.708273 1.547111 0.910543 0.114446 -0.132289 -0.679093 -0.345246 -0.714335 -0.601394 -0.037709 0.436611 -0.324205 -0.020085 0.821412 0.757072 0.416039 0.867819 0.031851 1.158504 1.357603 0.329350 0.007968 -1.514556 -1.861918 -0.705561 -0.918230 -1.174601 -0.709235 -0.821617 -0.203211 0.058210 -0.828642 -0.404734 -0.663248 -0.620257 -0.322622 -1.633414 -1.203599 -1.571535 -0.874898 -0.907049 -1.357684 -1.227166 -1.317847 -0.799752 -1.624056 -0.532767 -0.693361 -0.974883 -0.885484 0.501546 -0.481652 -1.112914 -0.959513 -1.305309 -0.313850 -1.142396 -0.685090 0.197093 0.132409 0.346978 -0.265877 0.417192 0.301117 -0.103825 
192837465
15
-0.817017 -0.251508 -0.119562 -0.134653 0.348790 -0.195167 -0.200129 -0.419624 -0.939762 -0.528861 -0.531391 -0.691255 -0.698335 -0.772020 -0.574748 -1.751001 -1.760036 -1.492041 -1.786429 -2.250329 -2.274315 -2.276176 -1.056589 -1.268297 -1.269311 -1.700608 -0.653020 -0.231715 -0.306564 -0.863321 -0.136269 -1.874949 -0.904964 -0.399443 -0.735778 -0.097151 -0.029345 0.124014 0.935046 0.014088 -0.003516 0.417008 0.875785 0.733310 0.431776 0.337030 1.810280 1.141236 1.305204 1.525620 1.205753 0.670938 0.855468 -0.101550 0.462090 0.670135 0.972849 0.461088 0.771579 1.169904 0.812492 0.858492 -0.585851 0.242444 -0.135520 0.282499 -0.166578 -0.575320 -0.779943 -0.096325 -0.467659 -0.727181 -0.195038 0.803192 0.974303 0.003151 -0.653807 -1.699819 -0.732570 -0.846635 -0.441462 -0.139853 0.218489 -0.376196 -0.438324 -0.440269 -0.613909 -0.730875 -0.639724 -1.896873 -1.399153 -1.663642 -0.983606 -0.306463 -1.183447 -1.422850 -2.229407 -1.368973 -1.121643 -0.551204 -0.476866 -0.881645 -0.969808 -0.274143 -0.784505 -0.752760 -1.309897 -0.745332 -1.424713 -0.872120 -1.528859 -1.329186 -0.751129 -0.452384 -0.372452 0.729307 1.389460 0.760991 1.015334 -0.200013 
192837465
