 0.20000000E+02   0.20102959E+00   0.20060710E+00   0.19945430E+00
 0.40000000E+02   0.20124265E+00   0.20078458E+00   0.19948441E+00
 0.20000000E+02   0.20102959E+00   0.20060710E+00   0.19945430E+00
 0.60000000E+02   0.20134402E+00   0.20090021E+00   0.19958004E+00
 0.20000000E+02   0.20102959E+00   0.20060710E+00   0.19945430E+00
 0.80000000E+02   0.20140641E+00   0.20098275E+00   0.19968576E+00
 0.40000000E+02   0.20124265E+00   0.20078458E+00   0.19948441E+00
 0.40000000E+02   0.20124265E+00   0.20078458E+00   0.19948441E+00
 0.10000000E+03   0.20145060E+00   0.20104874E+00   0.19978778E+00
 0.60000000E+02   0.20134402E+00   0.20090021E+00   0.19958004E+00
 0.60000000E+02   0.20134402E+00   0.20090021E+00   0.19958004E+00
 0.12000000E+03   0.20148492E+00   0.20110665E+00   0.19988227E+00
 0.80000000E+02   0.20140641E+00   0.20098275E+00   0.19968576E+00
 0.14000000E+03   0.20151338E+00   0.20116080E+00   0.19996845E+00
 0.80000000E+02   0.20140641E+00   0.20098275E+00   0.19968576E+00
 0.16000000E+03   0.20153814E+00   0.20121334E+00   0.20004659E+00
 0.10000000E+03   0.20145060E+00   0.20104874E+00   0.19978778E+00
 0.10000000E+03   0.20145060E+00   0.20104874E+00   0.19978778E+00
 0.18000000E+03   0.20156046E+00   0.20126535E+00   0.20011744E+00
 0.12000000E+03   0.20148492E+00   0.20110665E+00   0.19988227E+00
 0.12000000E+03   0.20148492E+00   0.20110665E+00   0.19988227E+00
 0.20000000E+03   0.20158110E+00   0.20131734E+00   0.20018183E+00
 0.14000000E+03   0.20151338E+00   0.20116080E+00   0.19996845E+00
 0.22000000E+03   0.20160055E+00   0.20136954E+00   0.20024065E+00
 0.14000000E+03   0.20151338E+00   0.20116080E+00   0.19996845E+00
 0.16000000E+03   0.20153814E+00   0.20121334E+00   0.20004659E+00
 0.24000000E+03   0.20161915E+00   0.20142196E+00   0.20029468E+00
 0.16000000E+03   0.20153814E+00   0.20121334E+00   0.20004659E+00
 0.18000000E+03   0.20156046E+00   0.20126535E+00   0.20011744E+00
 0.26000000E+03   0.20163714E+00   0.20147452E+00   0.20034462E+00
 0.20000000E+03   0.20158110E+00   0.20131734E+00   0.20018183E+00
 0.28000000E+03   0.20165471E+00   0.20152711E+00   0.20039107E+00
 0.18000000E+03   0.20156046E+00   0.20126535E+00   0.20011744E+00
 0.22000000E+03   0.20160055E+00   0.20136954E+00   0.20024065E+00
 0.30000000E+03   0.20167200E+00   0.20157963E+00   0.20043455E+00
 0.20000000E+03   0.20158110E+00   0.20131734E+00   0.20018183E+00
 0.24000000E+03   0.20161915E+00   0.20142196E+00   0.20029468E+00
 0.32000000E+03   0.20168913E+00   0.20163200E+00   0.20047549E+00
 0.34000000E+03   0.20170622E+00   0.20168413E+00   0.20051423E+00
 0.26000000E+03   0.20163714E+00   0.20147452E+00   0.20034462E+00
 0.22000000E+03   0.20160055E+00   0.20136954E+00   0.20024065E+00
 0.36000000E+03   0.20172334E+00   0.20173598E+00   0.20055108E+00
 0.28000000E+03   0.20165471E+00   0.20152711E+00   0.20039107E+00
 0.24000000E+03   0.20161915E+00   0.20142196E+00   0.20029468E+00
 0.38000000E+03   0.20174056E+00   0.20178748E+00   0.20058628E+00
 0.30000000E+03   0.20167200E+00   0.20157963E+00   0.20043455E+00
 0.40000000E+03   0.20175796E+00   0.20183860E+00   0.20062004E+00
 0.26000000E+03   0.20163714E+00   0.20147452E+00   0.20034462E+00
 0.32000000E+03   0.20168913E+00   0.20163200E+00   0.20047549E+00
 0.42000000E+03   0.20177558E+00   0.20188931E+00   0.20065254E+00
 0.34000000E+03   0.20170622E+00   0.20168413E+00   0.20051423E+00
 0.28000000E+03   0.20165471E+00   0.20152711E+00   0.20039107E+00
 0.44000000E+03   0.20179345E+00   0.20193959E+00   0.20068392E+00
 0.36000000E+03   0.20172334E+00   0.20173598E+00   0.20055108E+00
 0.30000000E+03   0.20167200E+00   0.20157963E+00   0.20043455E+00
 0.46000000E+03   0.20181162E+00   0.20198941E+00   0.20071430E+00
 0.38000000E+03   0.20174056E+00   0.20178748E+00   0.20058628E+00
 0.48000000E+03   0.20183012E+00   0.20203875E+00   0.20074381E+00
 0.32000000E+03   0.20168913E+00   0.20163200E+00   0.20047549E+00
 0.40000000E+03   0.20175796E+00   0.20183860E+00   0.20062004E+00
 0.50000000E+03   0.20184896E+00   0.20208761E+00   0.20077252E+00
 0.42000000E+03   0.20177558E+00   0.20188931E+00   0.20065254E+00
 0.34000000E+03   0.20170622E+00   0.20168413E+00   0.20051423E+00
 0.52000000E+03   0.20186816E+00   0.20213599E+00   0.20080051E+00
 0.44000000E+03   0.20179345E+00   0.20193959E+00   0.20068392E+00
 0.54000000E+03   0.20188775E+00   0.20218389E+00   0.20082786E+00
 0.36000000E+03   0.20172334E+00   0.20173598E+00   0.20055108E+00
 0.46000000E+03   0.20181162E+00   0.20198941E+00   0.20071430E+00
 0.56000000E+03   0.20190773E+00   0.20223133E+00   0.20085462E+00
 0.38000000E+03   0.20174056E+00   0.20178748E+00   0.20058628E+00
 0.48000000E+03   0.20183012E+00   0.20203875E+00   0.20074381E+00
 0.58000000E+03   0.20192811E+00   0.20227830E+00   0.20088085E+00
 0.50000000E+03   0.20184896E+00   0.20208761E+00   0.20077252E+00
 0.40000000E+03   0.20175796E+00   0.20183860E+00   0.20062004E+00
 0.60000000E+03   0.20194888E+00   0.20232482E+00   0.20090660E+00
 0.52000000E+03   0.20186816E+00   0.20213599E+00   0.20080051E+00
 0.62000000E+03   0.20197007E+00   0.20237091E+00   0.20093189E+00
 0.42000000E+03   0.20177558E+00   0.20188931E+00   0.20065254E+00
 0.54000000E+03   0.20188775E+00   0.20218389E+00   0.20082786E+00
 0.64000000E+03   0.20199166E+00   0.20241657E+00   0.20095678E+00
 0.44000000E+03   0.20179345E+00   0.20193959E+00   0.20068392E+00
 0.56000000E+03   0.20190773E+00   0.20223133E+00   0.20085462E+00
 0.66000000E+03   0.20201364E+00   0.20246182E+00   0.20098130E+00
 0.68000000E+03   0.20203603E+00   0.20250667E+00   0.20100546E+00
 0.58000000E+03   0.20192811E+00   0.20227830E+00   0.20088085E+00
 0.46000000E+03   0.20181162E+00   0.20198941E+00   0.20071430E+00
 0.70000000E+03   0.20205881E+00   0.20255114E+00   0.20102931E+00
 0.60000000E+03   0.20194888E+00   0.20232482E+00   0.20090660E+00
 0.48000000E+03   0.20183012E+00   0.20203875E+00   0.20074381E+00
 0.72000000E+03   0.20208198E+00   0.20259525E+00   0.20105286E+00
 0.62000000E+03   0.20197007E+00   0.20237091E+00   0.20093189E+00
 0.50000000E+03   0.20184896E+00   0.20208761E+00   0.20077252E+00
 0.74000000E+03   0.20210554E+00   0.20263900E+00   0.20107614E+00
 0.64000000E+03   0.20199166E+00   0.20241657E+00   0.20095678E+00
 0.76000000E+03   0.20212946E+00   0.20268241E+00   0.20109917E+00
 0.66000000E+03   0.20201364E+00   0.20246182E+00   0.20098130E+00
 0.52000000E+03   0.20186816E+00   0.20213599E+00   0.20080051E+00
 0.78000000E+03   0.20215376E+00   0.20272550E+00   0.20112196E+00
 0.68000000E+03   0.20203603E+00   0.20250667E+00   0.20100546E+00
 0.54000000E+03   0.20188775E+00   0.20218389E+00   0.20082786E+00
 0.80000000E+03   0.20217841E+00   0.20276828E+00   0.20114453E+00
 0.70000000E+03   0.20205881E+00   0.20255114E+00   0.20102931E+00
 0.82000000E+03   0.20220341E+00   0.20281077E+00   0.20116690E+00
 0.56000000E+03   0.20190773E+00   0.20223133E+00   0.20085462E+00
 0.72000000E+03   0.20208198E+00   0.20259525E+00   0.20105286E+00
 0.84000000E+03   0.20222876E+00   0.20285298E+00   0.20118908E+00
 0.58000000E+03   0.20192811E+00   0.20227830E+00   0.20088085E+00
 0.74000000E+03   0.20210554E+00   0.20263900E+00   0.20107614E+00
 0.86000000E+03   0.20225444E+00   0.20289492E+00   0.20121109E+00
 0.76000000E+03   0.20212946E+00   0.20268241E+00   0.20109917E+00
 0.88000000E+03   0.20228044E+00   0.20293662E+00   0.20123293E+00
 0.60000000E+03   0.20194888E+00   0.20232482E+00   0.20090660E+00
 0.90000000E+03   0.20230677E+00   0.20297808E+00   0.20125462E+00
 0.78000000E+03   0.20215376E+00   0.20272550E+00   0.20112196E+00
 0.62000000E+03   0.20197007E+00   0.20237091E+00   0.20093189E+00
 0.92000000E+03   0.20233340E+00   0.20301933E+00   0.20127617E+00
 0.80000000E+03   0.20217841E+00   0.20276828E+00   0.20114453E+00
 0.94000000E+03   0.20236032E+00   0.20306038E+00   0.20129759E+00
 0.64000000E+03   0.20199166E+00   0.20241657E+00   0.20095678E+00
 0.82000000E+03   0.20220341E+00   0.20281077E+00   0.20116690E+00
 0.96000000E+03   0.20238754E+00   0.20310124E+00   0.20131888E+00
 0.84000000E+03   0.20222876E+00   0.20285298E+00   0.20118908E+00
 0.66000000E+03   0.20201364E+00   0.20246182E+00   0.20098130E+00
 0.98000000E+03   0.20241505E+00   0.20314193E+00   0.20134006E+00
 0.86000000E+03   0.20225444E+00   0.20289492E+00   0.20121109E+00
 0.10000000E+04   0.20244282E+00   0.20318246E+00   0.20136114E+00
 0.68000000E+03   0.20203603E+00   0.20250667E+00   0.20100546E+00
 0.88000000E+03   0.20228044E+00   0.20293662E+00   0.20123293E+00
 0.10200000E+04   0.20246358E+00   0.20318531E+00   0.20137520E+00
 0.90000000E+03   0.20230677E+00   0.20297808E+00   0.20125462E+00
 0.70000000E+03   0.20205881E+00   0.20255114E+00   0.20102931E+00
 0.10400000E+04   0.20247969E+00   0.20319222E+00   0.20138974E+00
 0.92000000E+03   0.20233340E+00   0.20301933E+00   0.20127617E+00
 0.72000000E+03   0.20208198E+00   0.20259525E+00   0.20105286E+00
 0.94000000E+03   0.20236032E+00   0.20306038E+00   0.20129759E+00
 0.10600000E+04   0.20247434E+00   0.20320147E+00   0.20140449E+00
 0.74000000E+03   0.20210554E+00   0.20263900E+00   0.20107614E+00
 0.96000000E+03   0.20238754E+00   0.20310124E+00   0.20131888E+00
 0.10800000E+04   0.20244938E+00   0.20321224E+00   0.20141931E+00
 0.98000000E+03   0.20241505E+00   0.20314193E+00   0.20134006E+00
 0.76000000E+03   0.20212946E+00   0.20268241E+00   0.20109917E+00
 0.10000000E+04   0.20244282E+00   0.20318246E+00   0.20136114E+00
 0.11000000E+04   0.20241088E+00   0.20322409E+00   0.20143411E+00
 0.78000000E+03   0.20215376E+00   0.20272550E+00   0.20112196E+00
 0.10200000E+04   0.20246358E+00   0.20318531E+00   0.20137520E+00
 0.80000000E+03   0.20217841E+00   0.20276828E+00   0.20114453E+00
 0.11200000E+04   0.20236408E+00   0.20323668E+00   0.20144887E+00
 0.10400000E+04   0.20247969E+00   0.20319222E+00   0.20138974E+00
 0.82000000E+03   0.20220341E+00   0.20281077E+00   0.20116690E+00
 0.11400000E+04   0.20231264E+00   0.20324978E+00   0.20146358E+00
 0.10600000E+04   0.20247434E+00   0.20320147E+00   0.20140449E+00
 0.84000000E+03   0.20222876E+00   0.20285298E+00   0.20118908E+00
 0.11600000E+04   0.20225897E+00   0.20326317E+00   0.20147823E+00
 0.10800000E+04   0.20244938E+00   0.20321224E+00   0.20141931E+00
 0.86000000E+03   0.20225444E+00   0.20289492E+00   0.20121109E+00
 0.11800000E+04   0.20220458E+00   0.20327669E+00   0.20149283E+00
 0.11000000E+04   0.20241088E+00   0.20322409E+00   0.20143411E+00
 0.88000000E+03   0.20228044E+00   0.20293662E+00   0.20123293E+00
 0.12000000E+04   0.20215022E+00   0.20329016E+00   0.20150737E+00
 0.90000000E+03   0.20230677E+00   0.20297808E+00   0.20125462E+00
 0.11200000E+04   0.20236408E+00   0.20323668E+00   0.20144887E+00
 0.12200000E+04   0.20209639E+00   0.20330345E+00   0.20152185E+00
 0.92000000E+03   0.20233340E+00   0.20301933E+00   0.20127617E+00
 0.11400000E+04   0.20231264E+00   0.20324978E+00   0.20146358E+00
 0.12400000E+04   0.20204357E+00   0.20331647E+00   0.20153627E+00
 0.94000000E+03   0.20236032E+00   0.20306038E+00   0.20129759E+00
 0.11600000E+04   0.20225897E+00   0.20326317E+00   0.20147823E+00
 0.12600000E+04   0.20199203E+00   0.20332916E+00   0.20155062E+00
 0.96000000E+03   0.20238754E+00   0.20310124E+00   0.20131888E+00
 0.11800000E+04   0.20220458E+00   0.20327669E+00   0.20149283E+00
 0.98000000E+03   0.20241505E+00   0.20314193E+00   0.20134006E+00
 0.12800000E+04   0.20194203E+00   0.20334151E+00   0.20156490E+00
 0.12000000E+04   0.20215022E+00   0.20329016E+00   0.20150737E+00
 0.10000000E+04   0.20244282E+00   0.20318246E+00   0.20136114E+00
 0.13000000E+04   0.20189363E+00   0.20335351E+00   0.20157912E+00
 0.10200000E+04   0.20246358E+00   0.20318531E+00   0.20137520E+00
 0.12200000E+04   0.20209639E+00   0.20330345E+00   0.20152185E+00
 0.13200000E+04   0.20184685E+00   0.20336516E+00   0.20159327E+00
 0.12400000E+04   0.20204357E+00   0.20331647E+00   0.20153627E+00
 0.10400000E+04   0.20247969E+00   0.20319222E+00   0.20138974E+00
 0.13400000E+04   0.20180164E+00   0.20337650E+00   0.20160734E+00
 0.12600000E+04   0.20199203E+00   0.20332916E+00   0.20155062E+00
 0.10600000E+04   0.20247434E+00   0.20320147E+00   0.20140449E+00
 0.13600000E+04   0.20175794E+00   0.20338755E+00   0.20162134E+00
 0.12800000E+04   0.20194203E+00   0.20334151E+00   0.20156490E+00
 0.13800000E+04   0.20171562E+00   0.20339833E+00   0.20163525E+00
 0.10800000E+04   0.20244938E+00   0.20321224E+00   0.20141931E+00
 0.13000000E+04   0.20189363E+00   0.20335351E+00   0.20157912E+00
 0.14000000E+04   0.20167467E+00   0.20340888E+00   0.20164908E+00
 0.11000000E+04   0.20241088E+00   0.20322409E+00   0.20143411E+00
 0.13200000E+04   0.20184685E+00   0.20336516E+00   0.20159327E+00
 0.14200000E+04   0.20163509E+00   0.20341923E+00   0.20166282E+00
 0.13400000E+04   0.20180164E+00   0.20337650E+00   0.20160734E+00
 0.14400000E+04   0.20159691E+00   0.20342942E+00   0.20167647E+00
 0.11200000E+04   0.20236408E+00   0.20323668E+00   0.20144887E+00
 0.13600000E+04   0.20175794E+00   0.20338755E+00   0.20162134E+00
 0.14600000E+04   0.20156004E+00   0.20343951E+00   0.20169003E+00
 0.11400000E+04   0.20231264E+00   0.20324978E+00   0.20146358E+00
 0.13800000E+04   0.20171562E+00   0.20339833E+00   0.20163525E+00
 0.14800000E+04   0.20152439E+00   0.20344953E+00   0.20170349E+00
 0.14000000E+04   0.20167467E+00   0.20340888E+00   0.20164908E+00
 0.15000000E+04   0.20148989E+00   0.20345953E+00   0.20171686E+00
 0.11600000E+04   0.20225897E+00   0.20326317E+00   0.20147823E+00
 0.14200000E+04   0.20163509E+00   0.20341923E+00   0.20166282E+00
 0.15200000E+04   0.20145649E+00   0.20346956E+00   0.20173014E+00
 0.11800000E+04   0.20220458E+00   0.20327669E+00   0.20149283E+00
 0.14400000E+04   0.20159691E+00   0.20342942E+00   0.20167647E+00
 0.15400000E+04   0.20142410E+00   0.20347964E+00   0.20174332E+00
 0.15600000E+04   0.20139270E+00   0.20348984E+00   0.20175642E+00
 0.12000000E+04   0.20215022E+00   0.20329016E+00   0.20150737E+00
 0.14600000E+04   0.20156004E+00   0.20343951E+00   0.20169003E+00
 0.14800000E+04   0.20152439E+00   0.20344953E+00   0.20170349E+00
 0.15800000E+04   0.20136224E+00   0.20350017E+00   0.20176943E+00
 0.12200000E+04   0.20209639E+00   0.20330345E+00   0.20152185E+00
 0.16000000E+04   0.20133269E+00   0.20351052E+00   0.20178235E+00
 0.15000000E+04   0.20148989E+00   0.20345953E+00   0.20171686E+00
 0.16200000E+04   0.20130398E+00   0.20352107E+00   0.20179520E+00
 0.12400000E+04   0.20204357E+00   0.20331647E+00   0.20153627E+00
 0.15200000E+04   0.20145649E+00   0.20346956E+00   0.20173014E+00
 0.16400000E+04   0.20127606E+00   0.20353211E+00   0.20180797E+00
 0.15400000E+04   0.20142410E+00   0.20347964E+00   0.20174332E+00
 0.12600000E+04   0.20199203E+00   0.20332916E+00   0.20155062E+00
 0.16600000E+04   0.20124892E+00   0.20354367E+00   0.20182066E+00
 0.15600000E+04   0.20139270E+00   0.20348984E+00   0.20175642E+00
 0.12800000E+04   0.20194203E+00   0.20334151E+00   0.20156490E+00
 0.16800000E+04   0.20122255E+00   0.20355581E+00   0.20183329E+00
 0.15800000E+04   0.20136224E+00   0.20350017E+00   0.20176943E+00
 0.17000000E+04   0.20119688E+00   0.20356857E+00   0.20184585E+00
 0.16000000E+04   0.20133269E+00   0.20351052E+00   0.20178235E+00
 0.13000000E+04   0.20189363E+00   0.20335351E+00   0.20157912E+00
 0.17200000E+04   0.20117192E+00   0.20358198E+00   0.20185835E+00
 0.16200000E+04   0.20130398E+00   0.20352107E+00   0.20179520E+00
 0.13200000E+04   0.20184685E+00   0.20336516E+00   0.20159327E+00
 0.17400000E+04   0.20114762E+00   0.20359608E+00   0.20187080E+00
 0.16400000E+04   0.20127606E+00   0.20353210E+00   0.20180797E+00
 0.17600000E+04   0.20112385E+00   0.20361090E+00   0.20188320E+00
 0.13400000E+04   0.20180164E+00   0.20337650E+00   0.20160734E+00
 0.16600000E+04   0.20124892E+00   0.20354367E+00   0.20182066E+00
 0.17800000E+04   0.20110062E+00   0.20362641E+00   0.20189555E+00
 0.16800000E+04   0.20122255E+00   0.20355581E+00   0.20183329E+00
 0.13600000E+04   0.20175794E+00   0.20338755E+00   0.20162134E+00
 0.18000000E+04   0.20107782E+00   0.20364261E+00   0.20190787E+00
 0.17000000E+04   0.20119688E+00   0.20356857E+00   0.20184585E+00
 0.13800000E+04   0.20171562E+00   0.20339833E+00   0.20163525E+00
 0.18200000E+04   0.20105532E+00   0.20365951E+00   0.20192015E+00
 0.17200000E+04   0.20117192E+00   0.20358198E+00   0.20185835E+00
 0.18400000E+04   0.20103282E+00   0.20367710E+00   0.20193241E+00
 0.17400000E+04   0.20114762E+00   0.20359608E+00   0.20187080E+00
 0.14000000E+04   0.20167467E+00   0.20340888E+00   0.20164908E+00
 0.18600000E+04   0.20101035E+00   0.20369541E+00   0.20194464E+00
 0.17600000E+04   0.20112385E+00   0.20361090E+00   0.20188320E+00
 0.18800000E+04   0.20098790E+00   0.20371443E+00   0.20195685E+00
 0.14200000E+04   0.20163509E+00   0.20341923E+00   0.20166282E+00
 0.17800000E+04   0.20110062E+00   0.20362641E+00   0.20189555E+00
 0.19000000E+04   0.20096542E+00   0.20373415E+00   0.20196905E+00
 0.14400000E+04   0.20159691E+00   0.20342942E+00   0.20167647E+00
 0.18000000E+04   0.20107782E+00   0.20364261E+00   0.20190787E+00
 0.19200000E+04   0.20094296E+00   0.20375458E+00   0.20198125E+00
 0.18200000E+04   0.20105532E+00   0.20365951E+00   0.20192015E+00
 0.19400000E+04   0.20091993E+00   0.20377571E+00   0.20199343E+00
 0.14600000E+04   0.20156004E+00   0.20343951E+00   0.20169003E+00
 0.18400000E+04   0.20103282E+00   0.20367710E+00   0.20193241E+00
 0.19600000E+04   0.20089735E+00   0.20379755E+00   0.20200562E+00
 0.14800000E+04   0.20152439E+00   0.20344953E+00   0.20170349E+00
 0.18600000E+04   0.20101035E+00   0.20369541E+00   0.20194464E+00
 0.19800000E+04   0.20087552E+00   0.20382007E+00   0.20201782E+00
 0.18800000E+04   0.20098790E+00   0.20371443E+00   0.20195685E+00
 0.15000000E+04   0.20148989E+00   0.20345953E+00   0.20171686E+00
 0.20000000E+04   0.20085417E+00   0.20384326E+00   0.20203002E+00
 0.19000000E+04   0.20096542E+00   0.20373415E+00   0.20196905E+00
 0.20200000E+04   0.20083171E+00   0.20386585E+00   0.20204381E+00
 0.15200000E+04   0.20145649E+00   0.20346956E+00   0.20173014E+00
 0.19200000E+04   0.20094296E+00   0.20375458E+00   0.20198125E+00
 0.20400000E+04   0.20080911E+00   0.20388863E+00   0.20205801E+00
 0.19400000E+04   0.20091993E+00   0.20377571E+00   0.20199343E+00
 0.15400000E+04   0.20142410E+00   0.20347964E+00   0.20174332E+00
 0.20600000E+04   0.20078714E+00   0.20391189E+00   0.20207170E+00
 0.19600000E+04   0.20089735E+00   0.20379755E+00   0.20200562E+00
 0.20800000E+04   0.20076595E+00   0.20393568E+00   0.20208458E+00
 0.15600000E+04   0.20139270E+00   0.20348984E+00   0.20175642E+00
 0.19800000E+04   0.20087552E+00   0.20382007E+00   0.20201782E+00
 0.21000000E+04   0.20074640E+00   0.20395997E+00   0.20209658E+00
 0.20000000E+04   0.20085417E+00   0.20384326E+00   0.20203002E+00
 0.15800000E+04   0.20136224E+00   0.20350017E+00   0.20176943E+00
 0.21200000E+04   0.20072901E+00   0.20398474E+00   0.20210774E+00
 0.20200000E+04   0.20083171E+00   0.20386585E+00   0.20204381E+00
 0.21400000E+04   0.20071342E+00   0.20400993E+00   0.20211813E+00
 0.16000000E+04   0.20133269E+00   0.20351052E+00   0.20178235E+00
 0.20400000E+04   0.20080911E+00   0.20388863E+00   0.20205801E+00
 0.21600000E+04   0.20095312E+00   0.20403548E+00   0.20212781E+00
 0.16200000E+04   0.20130398E+00   0.20352107E+00   0.20179520E+00
 0.20600000E+04   0.20078714E+00   0.20391189E+00   0.20207170E+00
 0.21800000E+04   0.20296648E+00   0.20406128E+00   0.20213687E+00
 0.20800000E+04   0.20076595E+00   0.20393568E+00   0.20208458E+00
 0.22000000E+04   0.20852046E+00   0.20408683E+00   0.20214538E+00
 0.16400000E+04   0.20127606E+00   0.20353211E+00   0.20180797E+00
 0.21000000E+04   0.20074640E+00   0.20395997E+00   0.20209658E+00
 0.22200000E+04   0.21937546E+00   0.20411200E+00   0.20215340E+00
 0.16600000E+04   0.20124892E+00   0.20354367E+00   0.20182066E+00
 0.21200000E+04   0.20072901E+00   0.20398474E+00   0.20210774E+00
 0.22400000E+04   0.23449525E+00   0.20413673E+00   0.20216097E+00
 0.22600000E+04   0.25108246E+00   0.20416105E+00   0.20216815E+00
 0.21400000E+04   0.20071342E+00   0.20400993E+00   0.20211813E+00
 0.16800000E+04   0.20122255E+00   0.20355581E+00   0.20183329E+00
 0.21600000E+04   0.20095312E+00   0.20403548E+00   0.20212781E+00
 0.22800000E+04   0.26658844E+00   0.20418495E+00   0.20217498E+00
 0.17000000E+04   0.20119688E+00   0.20356857E+00   0.20184585E+00
 0.21800000E+04   0.20296648E+00   0.20406128E+00   0.20213687E+00
 0.23000000E+04   0.27971524E+00   0.20420844E+00   0.20218148E+00
 0.17200000E+04   0.20117192E+00   0.20358198E+00   0.20185835E+00
 0.22000000E+04   0.20852046E+00   0.20408683E+00   0.20214538E+00
 0.23200000E+04   0.28975891E+00   0.20423154E+00   0.20218769E+00
 0.22200000E+04   0.21937546E+00   0.20411200E+00   0.20215340E+00
 0.23400000E+04   0.29733225E+00   0.20425424E+00   0.20219364E+00
 0.17400000E+04   0.20114762E+00   0.20359608E+00   0.20187080E+00
 0.22400000E+04   0.23449525E+00   0.20413673E+00   0.20216097E+00
 0.23600000E+04   0.30312132E+00   0.20427653E+00   0.20219934E+00
 0.17600000E+04   0.20112385E+00   0.20361090E+00   0.20188320E+00
 0.22600000E+04   0.25108246E+00   0.20416105E+00   0.20216815E+00
 0.23800000E+04   0.30763363E+00   0.20429840E+00   0.20220482E+00
 0.17800000E+04   0.20110062E+00   0.20362641E+00   0.20189555E+00
 0.22800000E+04   0.26658845E+00   0.20418495E+00   0.20217498E+00
 0.24000000E+04   0.31123313E+00   0.20431982E+00   0.20221008E+00
 0.23000000E+04   0.27971525E+00   0.20420845E+00   0.20218148E+00
 0.24200000E+04   0.31412240E+00   0.20434081E+00   0.20221516E+00
 0.18000000E+04   0.20107782E+00   0.20364261E+00   0.20190787E+00
 0.23200000E+04   0.28975891E+00   0.20423154E+00   0.20218769E+00
 0.24400000E+04   0.31649847E+00   0.20436134E+00   0.20222005E+00
 0.18200000E+04   0.20105532E+00   0.20365951E+00   0.20192015E+00
 0.24600000E+04   0.31851762E+00   0.20438166E+00   0.20222478E+00
 0.23400000E+04   0.29733225E+00   0.20425424E+00   0.20219364E+00
 0.24800000E+04   0.32026984E+00   0.20440176E+00   0.20222936E+00
 0.23600000E+04   0.30312132E+00   0.20427653E+00   0.20219934E+00
 0.18400000E+04   0.20103282E+00   0.20367710E+00   0.20193241E+00
 0.25000000E+04   0.32182363E+00   0.20442144E+00   0.20223379E+00
 0.23800000E+04   0.30763363E+00   0.20429840E+00   0.20220482E+00
 0.18600000E+04   0.20101035E+00   0.20369541E+00   0.20194464E+00
 0.25200000E+04   0.32322370E+00   0.20444065E+00   0.20223808E+00
 0.24000000E+04   0.31123313E+00   0.20431982E+00   0.20221008E+00
 0.25400000E+04   0.32449944E+00   0.20445938E+00   0.20224225E+00
 0.18800000E+04   0.20098790E+00   0.20371443E+00   0.20195685E+00
 0.24200000E+04   0.31412240E+00   0.20434081E+00   0.20221516E+00
 0.25600000E+04   0.32567309E+00   0.20447761E+00   0.20224630E+00
 0.24400000E+04   0.31649847E+00   0.20436134E+00   0.20222005E+00
 0.19000000E+04   0.20096542E+00   0.20373415E+00   0.20196905E+00
 0.25800000E+04   0.32675444E+00   0.20449533E+00   0.20225024E+00
 0.24600000E+04   0.31851762E+00   0.20438166E+00   0.20222478E+00
 0.19200000E+04   0.20094296E+00   0.20375458E+00   0.20198125E+00
 0.26000000E+04   0.32775624E+00   0.20451250E+00   0.20225407E+00
 0.24800000E+04   0.32026984E+00   0.20440176E+00   0.20222936E+00
 0.26200000E+04   0.32869910E+00   0.20452908E+00   0.20225780E+00
 0.19400000E+04   0.20091993E+00   0.20377571E+00   0.20199343E+00
 0.25000000E+04   0.32182363E+00   0.20442144E+00   0.20223379E+00
 0.26400000E+04   0.32961344E+00   0.20454504E+00   0.20226144E+00
 0.25200000E+04   0.32322370E+00   0.20444065E+00   0.20223808E+00
 0.19600000E+04   0.20089735E+00   0.20379755E+00   0.20200562E+00
 0.26600000E+04   0.33050135E+00   0.20456039E+00   0.20226499E+00
 0.25400000E+04   0.32449944E+00   0.20445938E+00   0.20224225E+00
 0.19800000E+04   0.20087552E+00   0.20382007E+00   0.20201782E+00
 0.26800000E+04   0.33136213E+00   0.20457513E+00   0.20226845E+00
 0.25600000E+04   0.32567309E+00   0.20447761E+00   0.20224630E+00
 0.27000000E+04   0.33219636E+00   0.20458923E+00   0.20227185E+00
 0.20000000E+04   0.20085417E+00   0.20384326E+00   0.20203002E+00
 0.25800000E+04   0.32675444E+00   0.20449533E+00   0.20225024E+00
 0.27200000E+04   0.33300426E+00   0.20460271E+00   0.20227519E+00
 0.26000000E+04   0.32775624E+00   0.20451250E+00   0.20225407E+00
 0.20200000E+04   0.20083171E+00   0.20386585E+00   0.20204381E+00
 0.27400000E+04   0.33378575E+00   0.20461553E+00   0.20227847E+00
 0.26200000E+04   0.32869910E+00   0.20452908E+00   0.20225780E+00
 0.20400000E+04   0.20080911E+00   0.20388863E+00   0.20205801E+00
 0.27600000E+04   0.33454004E+00   0.20462770E+00   0.20228170E+00
 0.26400000E+04   0.32961344E+00   0.20454504E+00   0.20226144E+00
 0.27800000E+04   0.33526524E+00   0.20463919E+00   0.20228488E+00
 0.20600000E+04   0.20078714E+00   0.20391189E+00   0.20207170E+00
 0.26600000E+04   0.33050135E+00   0.20456039E+00   0.20226499E+00
 0.28000000E+04   0.33586240E+00   0.20465001E+00   0.20228801E+00
 0.20800000E+04   0.20076595E+00   0.20393568E+00   0.20208458E+00
 0.26800000E+04   0.33136213E+00   0.20457513E+00   0.20226845E+00
 0.28200000E+04   0.33627427E+00   0.20466014E+00   0.20229110E+00
 0.27000000E+04   0.33219636E+00   0.20458923E+00   0.20227185E+00
 0.21000000E+04   0.20074640E+00   0.20395997E+00   0.20209658E+00
 0.28400000E+04   0.33654366E+00   0.20466958E+00   0.20229416E+00
 0.27200000E+04   0.33300426E+00   0.20460271E+00   0.20227519E+00
 0.28600000E+04   0.33670229E+00   0.20467819E+00   0.20229718E+00
 0.21200000E+04   0.20072901E+00   0.20398474E+00   0.20210774E+00
 0.27400000E+04   0.33378576E+00   0.20461553E+00   0.20227847E+00
 0.28800000E+04   0.33677333E+00   0.20468594E+00   0.20230016E+00
 0.21400000E+04   0.20071342E+00   0.20400993E+00   0.20211813E+00
 0.27600000E+04   0.33454004E+00   0.20462770E+00   0.20228170E+00
 0.29000000E+04   0.33677407E+00   0.20469286E+00   0.20230312E+00
 0.27800000E+04   0.33526524E+00   0.20463919E+00   0.20228488E+00
 0.21600000E+04   0.20095312E+00   0.20403548E+00   0.20212781E+00
 0.29200000E+04   0.33671773E+00   0.20469964E+00   0.20230605E+00
 0.28000000E+04   0.33586240E+00   0.20465001E+00   0.20228801E+00
 0.29400000E+04   0.33660862E+00   0.20470641E+00   0.20230896E+00
 0.21800000E+04   0.20296648E+00   0.20406128E+00   0.20213687E+00
 0.28200000E+04   0.33627427E+00   0.20466014E+00   0.20229110E+00
 0.29600000E+04   0.33644577E+00   0.20471316E+00   0.20231183E+00
 0.22000000E+04   0.20852046E+00   0.20408683E+00   0.20214538E+00
 0.28400000E+04   0.33654366E+00   0.20466958E+00   0.20229416E+00
 0.29800000E+04   0.33622793E+00   0.20471992E+00   0.20231469E+00
 0.28600000E+04   0.33670229E+00   0.20467819E+00   0.20229718E+00
 0.22200000E+04   0.21937546E+00   0.20411200E+00   0.20215340E+00
 0.30000000E+04   0.33595542E+00   0.20472671E+00   0.20231751E+00
 0.28800000E+04   0.33677333E+00   0.20468594E+00   0.20230016E+00
 0.30200000E+04   0.33563670E+00   0.20473353E+00   0.20232032E+00
 0.22400000E+04   0.23449525E+00   0.20413673E+00   0.20216097E+00
 0.30400000E+04   0.33528602E+00   0.20474038E+00   0.20232310E+00
 0.29000000E+04   0.33677407E+00   0.20469286E+00   0.20230312E+00
 0.22600000E+04   0.25108246E+00   0.20416105E+00   0.20216815E+00
 0.29200000E+04   0.33671773E+00   0.20469964E+00   0.20230605E+00
 0.30600000E+04   0.33491632E+00   0.20474724E+00   0.20232585E+00
 0.30800000E+04   0.33453547E+00   0.20475411E+00   0.20232859E+00
 0.22800000E+04   0.26658844E+00   0.20418495E+00   0.20217498E+00
 0.29400000E+04   0.33660862E+00   0.20470641E+00   0.20230896E+00
 0.31000000E+04   0.33414587E+00   0.20476097E+00   0.20233131E+00
 0.29600000E+04   0.33644577E+00   0.20471316E+00   0.20231183E+00
 0.23000000E+04   0.27971524E+00   0.20420844E+00   0.20218148E+00
 0.31200000E+04   0.33374695E+00   0.20476783E+00   0.20233401E+00
 0.29800000E+04   0.33622793E+00   0.20471992E+00   0.20231469E+00
 0.23200000E+04   0.28975891E+00   0.20423154E+00   0.20218769E+00
 0.31400000E+04   0.33333913E+00   0.20477461E+00   0.20233670E+00
 0.30000000E+04   0.33595542E+00   0.20472671E+00   0.20231751E+00
 0.31600000E+04   0.33292894E+00   0.20478132E+00   0.20233936E+00
 0.23400000E+04   0.29733225E+00   0.20425424E+00   0.20219364E+00
 0.30200000E+04   0.33563670E+00   0.20473353E+00   0.20232032E+00
 0.31800000E+04   0.33252493E+00   0.20478798E+00   0.20234201E+00
 0.30400000E+04   0.33528602E+00   0.20474038E+00   0.20232310E+00
 0.23600000E+04   0.30312132E+00   0.20427653E+00   0.20219934E+00
 0.32000000E+04   0.33213198E+00   0.20479452E+00   0.20234465E+00
 0.30600000E+04   0.33491632E+00   0.20474724E+00   0.20232585E+00
 0.23800000E+04   0.30763363E+00   0.20429840E+00   0.20220482E+00
 0.32200000E+04   0.33175003E+00   0.20480003E+00   0.20234727E+00
 0.30800000E+04   0.33453547E+00   0.20475411E+00   0.20232859E+00
 0.24000000E+04   0.31123313E+00   0.20431982E+00   0.20221008E+00
 0.32400000E+04   0.33138242E+00   0.20480423E+00   0.20234987E+00
 0.31000000E+04   0.33414587E+00   0.20476097E+00   0.20233131E+00
 0.32600000E+04   0.33103526E+00   0.20480710E+00   0.20235247E+00
 0.24200000E+04   0.31412240E+00   0.20434081E+00   0.20221516E+00
 0.31200000E+04   0.33374695E+00   0.20476783E+00   0.20233401E+00
 0.32800000E+04   0.33069317E+00   0.20480868E+00   0.20235505E+00
 0.31400000E+04   0.33333913E+00   0.20477461E+00   0.20233670E+00
 0.24400000E+04   0.31649847E+00   0.20436134E+00   0.20222005E+00
 0.33000000E+04   0.33030754E+00   0.20480900E+00   0.20235763E+00
 0.31600000E+04   0.33292894E+00   0.20478132E+00   0.20233936E+00
 0.24600000E+04   0.31851762E+00   0.20438166E+00   0.20222478E+00
 0.33200000E+04   0.33012029E+00   0.20480806E+00   0.20236020E+00
 0.31800000E+04   0.33252493E+00   0.20478798E+00   0.20234201E+00
 0.33400000E+04   0.33009609E+00   0.20480576E+00   0.20236276E+00
 0.24800000E+04   0.32026984E+00   0.20440176E+00   0.20222936E+00
 0.32000000E+04   0.33213198E+00   0.20479452E+00   0.20234465E+00
 0.33600000E+04   0.33016847E+00   0.20480213E+00   0.20236532E+00
 0.25000000E+04   0.32182363E+00   0.20442144E+00   0.20223379E+00
 0.32200000E+04   0.33175003E+00   0.20480003E+00   0.20234727E+00
 0.33800000E+04   0.33034390E+00   0.20479724E+00   0.20236788E+00
 0.32400000E+04   0.33138242E+00   0.20480423E+00   0.20234987E+00
 0.25200000E+04   0.32322370E+00   0.20444065E+00   0.20223808E+00
 0.34000000E+04   0.33060111E+00   0.20479113E+00   0.20237044E+00
 0.32600000E+04   0.33103526E+00   0.20480710E+00   0.20235247E+00
 0.34200000E+04   0.33092628E+00   0.20478387E+00   0.20237301E+00
 0.25400000E+04   0.32449944E+00   0.20445938E+00   0.20224225E+00
 0.32800000E+04   0.33069317E+00   0.20480868E+00   0.20235505E+00
 0.34400000E+04   0.33131377E+00   0.20477545E+00   0.20237557E+00
 0.33000000E+04   0.33030754E+00   0.20480900E+00   0.20235763E+00
 0.25600000E+04   0.32567309E+00   0.20447761E+00   0.20224630E+00
 0.34600000E+04   0.33175294E+00   0.20476601E+00   0.20237815E+00
 0.33200000E+04   0.33012029E+00   0.20480806E+00   0.20236020E+00
 0.34800000E+04   0.33221096E+00   0.20475572E+00   0.20238072E+00
 0.25800000E+04   0.32675444E+00   0.20449533E+00   0.20225024E+00
 0.35000000E+04   0.33268204E+00   0.20474468E+00   0.20238330E+00
 0.33400000E+04   0.33009609E+00   0.20480576E+00   0.20236276E+00
 0.26000000E+04   0.32775624E+00   0.20451250E+00   0.20225407E+00
 0.35200000E+04   0.33316540E+00   0.20473284E+00   0.20238589E+00
 0.33600000E+04   0.33016848E+00   0.20480213E+00   0.20236532E+00
 0.35400000E+04   0.33365857E+00   0.20472030E+00   0.20238848E+00
 0.33800000E+04   0.33034390E+00   0.20479724E+00   0.20236788E+00
 0.26200000E+04   0.32869910E+00   0.20452908E+00   0.20225780E+00
 0.35600000E+04   0.33415871E+00   0.20470688E+00   0.20239108E+00
 0.34000000E+04   0.33060111E+00   0.20479113E+00   0.20237044E+00
 0.26400000E+04   0.32961344E+00   0.20454504E+00   0.20226144E+00
 0.35800000E+04   0.33466349E+00   0.20469248E+00   0.20239369E+00
 0.34200000E+04   0.33092628E+00   0.20478387E+00   0.20237301E+00
 0.36000000E+04   0.33517139E+00   0.20467692E+00   0.20239630E+00
 0.26600000E+04   0.33050135E+00   0.20456039E+00   0.20226499E+00
 0.34400000E+04   0.33131377E+00   0.20477545E+00   0.20237557E+00
 0.36200000E+04   0.33568196E+00   0.20466036E+00   0.20239892E+00
 0.26800000E+04   0.33136213E+00   0.20457513E+00   0.20226845E+00
 0.34600000E+04   0.33175294E+00   0.20476601E+00   0.20237815E+00
 0.36400000E+04   0.33619573E+00   0.20464243E+00   0.20240155E+00
 0.34800000E+04   0.33221096E+00   0.20475572E+00   0.20238072E+00
 0.27000000E+04   0.33219636E+00   0.20458923E+00   0.20227185E+00
 0.36600000E+04   0.33671470E+00   0.20462305E+00   0.20240418E+00
 0.35000000E+04   0.33268205E+00   0.20474468E+00   0.20238330E+00
 0.36800000E+04   0.33724200E+00   0.20460261E+00   0.20240683E+00
 0.27200000E+04   0.33300426E+00   0.20460271E+00   0.20227519E+00
 0.35200000E+04   0.33316540E+00   0.20473284E+00   0.20238589E+00
 0.37000000E+04   0.33778133E+00   0.20458119E+00   0.20240949E+00
 0.27400000E+04   0.33378575E+00   0.20461553E+00   0.20227847E+00
 0.35400000E+04   0.33365857E+00   0.20472030E+00   0.20238848E+00
 0.37200000E+04   0.33833723E+00   0.20455788E+00   0.20241216E+00
 0.35600000E+04   0.33415872E+00   0.20470688E+00   0.20239108E+00
 0.27600000E+04   0.33454004E+00   0.20462770E+00   0.20228170E+00
 0.37400000E+04   0.33891464E+00   0.20453144E+00   0.20241483E+00
 0.35800000E+04   0.33466349E+00   0.20469248E+00   0.20239369E+00
 0.27800000E+04   0.33526524E+00   0.20463919E+00   0.20228488E+00
 0.37600000E+04   0.33947241E+00   0.20449110E+00   0.20241752E+00
 0.36000000E+04   0.33517139E+00   0.20467692E+00   0.20239630E+00
 0.37800000E+04   0.34002039E+00   0.20444547E+00   0.20242022E+00
 0.28000000E+04   0.33586240E+00   0.20465001E+00   0.20228801E+00
 0.36200000E+04   0.33568196E+00   0.20466036E+00   0.20239892E+00
 0.38000000E+04   0.34060994E+00   0.20443703E+00   0.20242294E+00
 0.28200000E+04   0.33627427E+00   0.20466014E+00   0.20229110E+00
 0.36400000E+04   0.33619573E+00   0.20464243E+00   0.20240155E+00
 0.38200000E+04   0.34124276E+00   0.20461078E+00   0.20242567E+00
 0.36600000E+04   0.33671470E+00   0.20462305E+00   0.20240418E+00
 0.28400000E+04   0.33654366E+00   0.20466958E+00   0.20229416E+00
 0.38400000E+04   0.34194065E+00   0.21401872E+00   0.20242841E+00
 0.36800000E+04   0.33724200E+00   0.20460261E+00   0.20240683E+00
 0.38600000E+04   0.34269780E+00   0.24778532E+00   0.20243118E+00
 0.28600000E+04   0.33670229E+00   0.20467819E+00   0.20229718E+00
 0.37000000E+04   0.33778133E+00   0.20458119E+00   0.20240949E+00
 0.38800000E+04   0.34350191E+00   0.28444025E+00   0.20243395E+00
 0.37200000E+04   0.33833723E+00   0.20455788E+00   0.20241216E+00
 0.28800000E+04   0.33677333E+00   0.20468594E+00   0.20230016E+00
 0.39000000E+04   0.34434149E+00   0.30548415E+00   0.20243675E+00
 0.37400000E+04   0.33891464E+00   0.20453144E+00   0.20241483E+00
 0.39200000E+04   0.34520701E+00   0.31384792E+00   0.20243955E+00
 0.29000000E+04   0.33677407E+00   0.20469286E+00   0.20230312E+00
 0.39400000E+04   0.34609142E+00   0.31831427E+00   0.20244237E+00
 0.37600000E+04   0.33947241E+00   0.20449110E+00   0.20241752E+00
 0.29200000E+04   0.33671773E+00   0.20469964E+00   0.20230605E+00
 0.39600000E+04   0.34699021E+00   0.32155770E+00   0.20244520E+00
 0.37800000E+04   0.34002039E+00   0.20444547E+00   0.20242022E+00
 0.29400000E+04   0.33660862E+00   0.20470641E+00   0.20230896E+00
 0.39800000E+04   0.34790007E+00   0.32416080E+00   0.20244803E+00
 0.38000000E+04   0.34060994E+00   0.20443703E+00   0.20242294E+00
 0.40000000E+04   0.34881942E+00   0.32630697E+00   0.20245088E+00
 0.29600000E+04   0.33644577E+00   0.20471316E+00   0.20231183E+00
 0.38200000E+04   0.34124276E+00   0.20461078E+00   0.20242567E+00
 0.40200000E+04   0.34976458E+00   0.32816813E+00   0.20245374E+00
 0.38400000E+04   0.34194065E+00   0.21401870E+00   0.20242841E+00
 0.29800000E+04   0.33622793E+00   0.20471992E+00   0.20231469E+00
 0.40400000E+04   0.35076017E+00   0.32990631E+00   0.20245662E+00
 0.38600000E+04   0.34269780E+00   0.24778528E+00   0.20243118E+00
 0.30000000E+04   0.33595542E+00   0.20472671E+00   0.20231751E+00
 0.40600000E+04   0.35182866E+00   0.33137754E+00   0.20245950E+00
 0.38800000E+04   0.34350191E+00   0.28444023E+00   0.20243395E+00
 0.40800000E+04   0.35298626E+00   0.33268041E+00   0.20246235E+00
 0.30200000E+04   0.33563670E+00   0.20473353E+00   0.20232032E+00
 0.39000000E+04   0.34434149E+00   0.30548415E+00   0.20243675E+00
 0.41000000E+04   0.35424097E+00   0.33388092E+00   0.20246517E+00
 0.30400000E+04   0.33528602E+00   0.20474038E+00   0.20232310E+00
 0.39200000E+04   0.34520701E+00   0.31384792E+00   0.20243955E+00
 0.41200000E+04   0.35559273E+00   0.33502831E+00   0.20246795E+00
 0.39400000E+04   0.34609142E+00   0.31831428E+00   0.20244237E+00
 0.30600000E+04   0.33491632E+00   0.20474724E+00   0.20232585E+00
 0.41400000E+04   0.35703566E+00   0.33613161E+00   0.20247069E+00
 0.39600000E+04   0.34699021E+00   0.32155770E+00   0.20244520E+00
 0.30800000E+04   0.33453547E+00   0.20475411E+00   0.20232859E+00
 0.41600000E+04   0.35856021E+00   0.33718807E+00   0.20247341E+00
 0.39800000E+04   0.34790007E+00   0.32416080E+00   0.20244803E+00
 0.41800000E+04   0.36015438E+00   0.33818886E+00   0.20247611E+00
 0.31000000E+04   0.33414587E+00   0.20476097E+00   0.20233131E+00
 0.40000000E+04   0.34881942E+00   0.32630697E+00   0.20245088E+00
 0.42000000E+04   0.36180477E+00   0.33911585E+00   0.20247880E+00
 0.40200000E+04   0.34976458E+00   0.32816813E+00   0.20245374E+00
 0.31200000E+04   0.33374695E+00   0.20476783E+00   0.20233401E+00
 0.42200000E+04   0.36349772E+00   0.33997805E+00   0.20248149E+00
 0.40400000E+04   0.35076017E+00   0.32990631E+00   0.20245662E+00
 0.31400000E+04   0.33333913E+00   0.20477461E+00   0.20233670E+00
 0.42400000E+04   0.36522015E+00   0.34082317E+00   0.20248417E+00
 0.40600000E+04   0.35182866E+00   0.33137754E+00   0.20245950E+00
 0.42600000E+04   0.36696014E+00   0.34165482E+00   0.20248683E+00
 0.31600000E+04   0.33292894E+00   0.20478132E+00   0.20233936E+00
 0.40800000E+04   0.35298626E+00   0.33268041E+00   0.20246235E+00
 0.42800000E+04   0.36870706E+00   0.34247571E+00   0.20248948E+00
 0.31800000E+04   0.33252493E+00   0.20478798E+00   0.20234201E+00
 0.41000000E+04   0.35424097E+00   0.33388092E+00   0.20246517E+00
 0.43000000E+04   0.37045175E+00   0.34329119E+00   0.20249213E+00
 0.41200000E+04   0.35559273E+00   0.33502831E+00   0.20246795E+00
 0.32000000E+04   0.33213198E+00   0.20479452E+00   0.20234465E+00
 0.43200000E+04   0.37218684E+00   0.34410745E+00   0.20249479E+00
 0.41400000E+04   0.35703566E+00   0.33613161E+00   0.20247069E+00
 0.43400000E+04   0.37390705E+00   0.34492966E+00   0.20249746E+00
 0.32200000E+04   0.33175003E+00   0.20480003E+00   0.20234727E+00
 0.41600000E+04   0.35856021E+00   0.33718807E+00   0.20247341E+00
 0.43600000E+04   0.37560898E+00   0.34575905E+00   0.20250013E+00
 0.32400000E+04   0.33138242E+00   0.20480423E+00   0.20234987E+00
 0.41800000E+04   0.36015438E+00   0.33818886E+00   0.20247611E+00
 0.43800000E+04   0.37729061E+00   0.34659206E+00   0.20250282E+00
 0.32600000E+04   0.33103526E+00   0.20480710E+00   0.20235247E+00
 0.42000000E+04   0.36180477E+00   0.33911585E+00   0.20247880E+00
 0.44000000E+04   0.37895086E+00   0.34743911E+00   0.20250551E+00
 0.44200000E+04   0.38058940E+00   0.34829655E+00   0.20250821E+00
 0.42200000E+04   0.36349772E+00   0.33997806E+00   0.20248149E+00
 0.32800000E+04   0.33069317E+00   0.20480868E+00   0.20235505E+00
 0.44400000E+04   0.38220629E+00   0.34913213E+00   0.20251092E+00
 0.42400000E+04   0.36522015E+00   0.34082317E+00   0.20248417E+00
 0.33000000E+04   0.33030754E+00   0.20480900E+00   0.20235763E+00
 0.44600000E+04   0.38380178E+00   0.34996119E+00   0.20251364E+00
 0.42600000E+04   0.36696014E+00   0.34165483E+00   0.20248683E+00
 0.33200000E+04   0.33012029E+00   0.20480806E+00   0.20236020E+00
 0.44800000E+04   0.38537617E+00   0.35082697E+00   0.20251636E+00
 0.42800000E+04   0.36870705E+00   0.34247571E+00   0.20248948E+00
 0.45000000E+04   0.38692969E+00   0.35172203E+00   0.20251908E+00
 0.33400000E+04   0.33009609E+00   0.20480576E+00   0.20236276E+00
 0.43000000E+04   0.37045175E+00   0.34329119E+00   0.20249213E+00
 0.45200000E+04   0.38846225E+00   0.35261837E+00   0.20252180E+00
 0.43200000E+04   0.37218684E+00   0.34410745E+00   0.20249479E+00
 0.33600000E+04   0.33016847E+00   0.20480213E+00   0.20236532E+00
 0.45400000E+04   0.38997370E+00   0.35351579E+00   0.20252454E+00
 0.43400000E+04   0.37390705E+00   0.34492966E+00   0.20249746E+00
 0.33800000E+04   0.33034390E+00   0.20479724E+00   0.20236788E+00
 0.45600000E+04   0.39146450E+00   0.35442107E+00   0.20252727E+00
 0.43600000E+04   0.37560898E+00   0.34575905E+00   0.20250013E+00
 0.45800000E+04   0.39293545E+00   0.35533366E+00   0.20253000E+00
 0.34000000E+04   0.33060111E+00   0.20479113E+00   0.20237044E+00
 0.43800000E+04   0.37729060E+00   0.34659206E+00   0.20250282E+00
 0.46000000E+04   0.39438754E+00   0.35624918E+00   0.20253273E+00
 0.34200000E+04   0.33092628E+00   0.20478387E+00   0.20237301E+00
 0.44000000E+04   0.37895086E+00   0.34743911E+00   0.20250551E+00
 0.46200000E+04   0.39582341E+00   0.35716182E+00   0.20253545E+00
 0.44200000E+04   0.38058940E+00   0.34829655E+00   0.20250821E+00
 0.34400000E+04   0.33131377E+00   0.20477545E+00   0.20237557E+00
 0.46400000E+04   0.39724993E+00   0.35806493E+00   0.20253817E+00
 0.44400000E+04   0.38220629E+00   0.34913213E+00   0.20251092E+00
 0.46600000E+04   0.39867157E+00   0.35895304E+00   0.20254089E+00
 0.34600000E+04   0.33175294E+00   0.20476601E+00   0.20237815E+00
 0.44600000E+04   0.38380177E+00   0.34996119E+00   0.20251364E+00
 0.46800000E+04   0.40008973E+00   0.35982299E+00   0.20254360E+00
 0.34800000E+04   0.33221096E+00   0.20475572E+00   0.20238072E+00
 0.44800000E+04   0.38537616E+00   0.35082698E+00   0.20251636E+00
 0.47000000E+04   0.40150395E+00   0.36067354E+00   0.20254630E+00
 0.45000000E+04   0.38692969E+00   0.35172203E+00   0.20251908E+00
 0.35000000E+04   0.33268204E+00   0.20474468E+00   0.20238330E+00
 0.47200000E+04   0.40291323E+00   0.36149572E+00   0.20254899E+00
 0.45200000E+04   0.38846225E+00   0.35261837E+00   0.20252180E+00
 0.47400000E+04   0.40431587E+00   0.36226555E+00   0.20255168E+00
 0.35200000E+04   0.33316540E+00   0.20473284E+00   0.20238589E+00
 0.45400000E+04   0.38997370E+00   0.35351579E+00   0.20252454E+00
 0.47600000E+04   0.40570684E+00   0.36297487E+00   0.20255436E+00
 0.35400000E+04   0.33365857E+00   0.20472030E+00   0.20238848E+00
 0.47800000E+04   0.40707785E+00   0.36361676E+00   0.20255703E+00
 0.45600000E+04   0.39146450E+00   0.35442107E+00   0.20252727E+00
 0.48000000E+04   0.40842220E+00   0.36420692E+00   0.20255968E+00
 0.45800000E+04   0.39293545E+00   0.35533366E+00   0.20253001E+00
 0.35600000E+04   0.33415871E+00   0.20470688E+00   0.20239108E+00
 0.48200000E+04   0.40973502E+00   0.36480564E+00   0.20256231E+00
 0.46000000E+04   0.39438754E+00   0.35624918E+00   0.20253273E+00
 0.35800000E+04   0.33466349E+00   0.20469248E+00   0.20239369E+00
 0.48400000E+04   0.41101302E+00   0.36539333E+00   0.20256492E+00
 0.46200000E+04   0.39582340E+00   0.35716182E+00   0.20253545E+00
 0.36000000E+04   0.33517139E+00   0.20467692E+00   0.20239630E+00
 0.48600000E+04   0.41225422E+00   0.36595430E+00   0.20256748E+00
 0.46400000E+04   0.39724993E+00   0.35806493E+00   0.20253817E+00
 0.48800000E+04   0.41345779E+00   0.36648163E+00   0.20257000E+00
 0.46600000E+04   0.39867157E+00   0.35895304E+00   0.20254089E+00
 0.36200000E+04   0.33568196E+00   0.20466036E+00   0.20239892E+00
 0.49000000E+04   0.41462373E+00   0.36697392E+00   0.20257249E+00
 0.46800000E+04   0.40008973E+00   0.35982299E+00   0.20254360E+00
 0.36400000E+04   0.33619573E+00   0.20464243E+00   0.20240155E+00
 0.49200000E+04   0.41575059E+00   0.36743164E+00   0.20257494E+00
 0.47000000E+04   0.40150394E+00   0.36067354E+00   0.20254630E+00
 0.36600000E+04   0.33671470E+00   0.20462305E+00   0.20240418E+00
 0.49400000E+04   0.41683776E+00   0.36785733E+00   0.20257734E+00
 0.47200000E+04   0.40291323E+00   0.36149572E+00   0.20254899E+00
 0.49600000E+04   0.41788602E+00   0.36825542E+00   0.20257969E+00
 0.36800000E+04   0.33724200E+00   0.20460261E+00   0.20240683E+00
 0.47400000E+04   0.40431587E+00   0.36226555E+00   0.20255168E+00
 0.49800000E+04   0.41889607E+00   0.36863065E+00   0.20258200E+00
 0.47600000E+04   0.40570684E+00   0.36297487E+00   0.20255436E+00
 0.37000000E+04   0.33778133E+00   0.20458119E+00   0.20240949E+00
 0.50000000E+04   0.41986933E+00   0.36898873E+00   0.20258422E+00
 0.47800000E+04   0.40707785E+00   0.36361676E+00   0.20255703E+00
 0.37200000E+04   0.33833723E+00   0.20455788E+00   0.20241216E+00
 0.48000000E+04   0.40842220E+00   0.36420692E+00   0.20255968E+00
 0.48200000E+04   0.40973502E+00   0.36480564E+00   0.20256231E+00
 0.48400000E+04   0.41101302E+00   0.36539334E+00   0.20256492E+00
 0.37400000E+04   0.33891464E+00   0.20453144E+00   0.20241483E+00
 0.48600000E+04   0.41225422E+00   0.36595430E+00   0.20256748E+00
 0.48800000E+04   0.41345779E+00   0.36648163E+00   0.20257000E+00
 0.37600000E+04   0.33947241E+00   0.20449110E+00   0.20241752E+00
 0.49000000E+04   0.41462373E+00   0.36697392E+00   0.20257249E+00
 0.37800000E+04   0.34002039E+00   0.20444547E+00   0.20242022E+00
 0.49200000E+04   0.41575059E+00   0.36743164E+00   0.20257494E+00
 0.49400000E+04   0.41683776E+00   0.36785733E+00   0.20257734E+00
 0.38000000E+04   0.34060994E+00   0.20443703E+00   0.20242294E+00
 0.49600000E+04   0.41788602E+00   0.36825542E+00   0.20257969E+00
 0.49800000E+04   0.41889606E+00   0.36863065E+00   0.20258200E+00
 0.38200000E+04   0.34124276E+00   0.20461078E+00   0.20242567E+00
 0.50000000E+04   0.41986933E+00   0.36898873E+00   0.20258422E+00
 0.38400000E+04   0.34194065E+00   0.21401872E+00   0.20242841E+00
 0.38600000E+04   0.34269780E+00   0.24778532E+00   0.20243118E+00
 0.38800000E+04   0.34350191E+00   0.28444025E+00   0.20243395E+00
 0.39000000E+04   0.34434149E+00   0.30548415E+00   0.20243675E+00
 0.39200000E+04   0.34520701E+00   0.31384792E+00   0.20243955E+00
 0.39400000E+04   0.34609142E+00   0.31831427E+00   0.20244237E+00
 0.39600000E+04   0.34699021E+00   0.32155770E+00   0.20244520E+00
 0.39800000E+04   0.34790007E+00   0.32416080E+00   0.20244803E+00
 0.40000000E+04   0.34881942E+00   0.32630697E+00   0.20245088E+00
 0.40200000E+04   0.34976458E+00   0.32816813E+00   0.20245374E+00
 0.40400000E+04   0.35076017E+00   0.32990631E+00   0.20245662E+00
 0.40600000E+04   0.35182866E+00   0.33137754E+00   0.20245950E+00
 0.40800000E+04   0.35298626E+00   0.33268041E+00   0.20246235E+00
 0.41000000E+04   0.35424097E+00   0.33388092E+00   0.20246517E+00
 0.41200000E+04   0.35559273E+00   0.33502831E+00   0.20246795E+00
 0.41400000E+04   0.35703566E+00   0.33613161E+00   0.20247069E+00
 0.41600000E+04   0.35856021E+00   0.33718807E+00   0.20247341E+00
 0.41800000E+04   0.36015438E+00   0.33818886E+00   0.20247611E+00
 0.42000000E+04   0.36180477E+00   0.33911585E+00   0.20247880E+00
 0.42200000E+04   0.36349772E+00   0.33997805E+00   0.20248149E+00
 0.42400000E+04   0.36522015E+00   0.34082317E+00   0.20248417E+00
 0.42600000E+04   0.36696014E+00   0.34165482E+00   0.20248683E+00
 0.42800000E+04   0.36870706E+00   0.34247571E+00   0.20248948E+00
 0.43000000E+04   0.37045175E+00   0.34329119E+00   0.20249213E+00
 0.43200000E+04   0.37218684E+00   0.34410745E+00   0.20249479E+00
 0.43400000E+04   0.37390705E+00   0.34492966E+00   0.20249746E+00
 0.43600000E+04   0.37560898E+00   0.34575905E+00   0.20250013E+00
 0.43800000E+04   0.37729061E+00   0.34659206E+00   0.20250282E+00
 0.44000000E+04   0.37895086E+00   0.34743911E+00   0.20250551E+00
 0.44200000E+04   0.38058940E+00   0.34829655E+00   0.20250821E+00
 0.44400000E+04   0.38220629E+00   0.34913213E+00   0.20251092E+00
 0.44600000E+04   0.38380178E+00   0.34996119E+00   0.20251364E+00
 0.44800000E+04   0.38537617E+00   0.35082697E+00   0.20251636E+00
 0.45000000E+04   0.38692969E+00   0.35172203E+00   0.20251908E+00
 0.45200000E+04   0.38846225E+00   0.35261837E+00   0.20252180E+00
 0.45400000E+04   0.38997370E+00   0.35351579E+00   0.20252454E+00
 0.45600000E+04   0.39146450E+00   0.35442107E+00   0.20252727E+00
 0.45800000E+04   0.39293545E+00   0.35533366E+00   0.20253000E+00
 0.46000000E+04   0.39438754E+00   0.35624918E+00   0.20253273E+00
 0.46200000E+04   0.39582341E+00   0.35716182E+00   0.20253545E+00
 0.46400000E+04   0.39724993E+00   0.35806493E+00   0.20253817E+00
 0.46600000E+04   0.39867157E+00   0.35895304E+00   0.20254089E+00
 0.46800000E+04   0.40008973E+00   0.35982299E+00   0.20254360E+00
 0.47000000E+04   0.40150395E+00   0.36067354E+00   0.20254630E+00
 0.47200000E+04   0.40291323E+00   0.36149572E+00   0.20254899E+00
 0.47400000E+04   0.40431587E+00   0.36226555E+00   0.20255168E+00
 0.47600000E+04   0.40570684E+00   0.36297487E+00   0.20255436E+00
 0.47800000E+04   0.40707785E+00   0.36361676E+00   0.20255703E+00
 0.48000000E+04   0.40842220E+00   0.36420692E+00   0.20255968E+00
 0.48200000E+04   0.40973502E+00   0.36480564E+00   0.20256231E+00
 0.48400000E+04   0.41101302E+00   0.36539333E+00   0.20256492E+00
 0.48600000E+04   0.41225422E+00   0.36595430E+00   0.20256748E+00
 0.48800000E+04   0.41345779E+00   0.36648163E+00   0.20257000E+00
 0.49000000E+04   0.41462373E+00   0.36697392E+00   0.20257249E+00
 0.49200000E+04   0.41575059E+00   0.36743164E+00   0.20257494E+00
 0.49400000E+04   0.41683776E+00   0.36785733E+00   0.20257734E+00
 0.49600000E+04   0.41788602E+00   0.36825542E+00   0.20257969E+00
 0.49800000E+04   0.41889607E+00   0.36863065E+00   0.20258200E+00
 0.50000000E+04   0.41986933E+00   0.36898873E+00   0.20258422E+00
