1200.000000
160.000000
120
16
1
0.500000
2
2
0
0.149958 0.118028 0.171019 0.208690 0.186636 0.197607 0.227463 0.297091 0.241500 0.164705 0.158786 0.165263 0.143265 0.158552 0.203846 0.242699 0.238137 0.210298 0.158403 0.195980 0.164557 0.173909 0.160564 0.178010 0.221023 0.256350 0.277807 0.252519 0.182783 0.218447 0.208508 0.135164 0.142899 0.153035 0.200361 0.184157 0.154452 0.173766 0.181834 0.192990 0.225355 0.224609 0.221807 0.220416 0.266372 0.257635 0.236862 0.253463 0.186037 0.207989 0.247949 0.278195 0.279245 0.306874 0.312681 0.310277 0.297376 0.268903 0.277691 0.259502 0.270503 0.312660 0.309872 0.306777 0.235606 0.226994 0.178245 0.218525 0.247130 0.312659 0.340882 0.362619 0.298178 0.284804 0.300291 0.319509 0.228313 0.223930 0.203167 0.192265 0.122633 0.175503 0.214508 0.207667 0.177338 0.236133 0.227939 0.242765 0.219688 0.183719 0.208280 0.260524 0.284242 0.256943 0.250062 0.326718 0.318281 0.251495 0.263873 0.188339 0.184334 0.233992 0.217158 0.216785 0.162071 0.179204 0.166525 0.157604 0.183978 0.189736 0.207000 0.239995 0.214641 0.174342 0.163027 0.153549 0.103215 0.137840 0.152807 0.161097 
192837465
1
0.219645 0.169968 0.127158 0.146342 0.129101 0.209796 0.199725 0.276959 0.223210 0.226404 0.209946 0.198264 0.181633 0.165995 0.223883 0.261760 0.213799 0.205030 0.219253 0.232836 0.223904 0.194605 0.255315 0.268375 0.272396 0.279155 0.235706 0.226294 0.194005 0.086975 0.128115 0.097953 0.134542 0.061186 0.115016 0.133595 0.105511 0.130996 0.199759 0.179699 0.260854 0.232058 0.174023 0.200787 0.198939 0.233165 0.239903 0.188693 0.207614 0.211759 0.247742 0.258355 0.331161 0.299410 0.283546 0.250598 0.259244 0.247472 0.193974 0.267963 0.230881 0.245919 0.168533 0.167462 0.189511 0.194777 0.215602 0.244290 0.258586 0.281453 0.356172 0.386047 0.337344 0.321630 0.243233 0.327166 0.320575 0.288438 0.266294 0.203691 0.224594 0.191381 0.213166 0.226345 0.197198 0.233200 0.256347 0.239274 0.226307 0.229629 0.195293 0.208200 0.261389 0.249264 0.201178 0.266303 0.298806 0.318871 0.323849 0.290310 0.235665 0.179438 0.236864 0.203658 0.174587 0.154416 0.177371 0.184314 0.149596 0.185087 0.188571 0.190674 0.200664 0.155620 0.090809 0.130867 0.148743 0.120715 0.147099 0.212489 
192837465
2
0.194632 0.165426 0.109167 0.175006 0.188470 0.177742 0.198188 0.195403 0.157650 0.208547 0.212728 0.199357 0.217732 0.240713 0.194151 0.201145 0.226222 0.238117 0.245523 0.217376 0.215347 0.246911 0.317339 0.277070 0.305931 0.293705 0.248920 0.218638 0.199541 0.231923 0.204981 0.179234 0.167897 0.118623 0.132089 0.124362 0.083116 0.054891 0.076958 0.176242 0.213741 0.226130 0.199377 0.192881 0.223477 0.194017 0.252697 0.211192 0.198447 0.243931 0.228033 0.276675 0.293357 0.296866 0.256645 0.256885 0.227433 0.280564 0.251061 0.208510 0.241044 0.206212 0.211283 0.184958 0.218051 0.259283 0.243971 0.271053 0.347034 0.340660 0.402552 0.381838 0.358795 0.278262 0.259618 0.258599 0.293170 0.273489 0.272555 0.212413 0.269545 0.283646 0.267227 0.292989 0.261327 0.224742 0.230633 0.261049 0.260923 0.261565 0.272874 0.305234 0.313336 0.212940 0.179832 0.232018 0.303632 0.312315 0.311634 0.308217 0.270807 0.317463 0.269228 0.201913 0.210191 0.193099 0.228053 0.195282 0.199337 0.191378 0.196364 0.190556 0.166785 0.179873 0.178312 0.192427 0.167730 0.224783 0.207688 0.233574 
192837465
3
0.180667 0.107115 0.115380 0.112845 0.157680 0.179127 0.225484 0.231262 0.249903 0.214521 0.213736 0.214498 0.188049 0.187123 0.189303 0.162982 0.208376 0.221052 0.214228 0.300483 0.303274 0.315853 0.338397 0.354841 0.345854 0.294678 0.274660 0.211109 0.150128 0.164752 0.144054 0.177860 0.158868 0.149255 0.119419 0.125792 0.091880 0.089465 0.090187 0.109938 0.125105 0.135283 0.150492 0.148176 0.181324 0.202364 0.205026 0.212146 0.243962 0.312647 0.244899 0.300222 0.332658 0.369324 0.320497 0.355576 0.357974 0.300972 0.279931 0.271492 0.244018 0.181408 0.157009 0.145300 0.187425 0.242306 0.289174 0.324216 0.374277 0.389505 0.382932 0.286150 0.285945 0.241144 0.259107 0.302989 0.294363 0.293399 0.265439 0.294956 0.328339 0.278508 0.316831 0.299259 0.275221 0.226931 0.245409 0.248359 0.255319 0.319114 0.316617 0.264838 0.279600 0.257092 0.246271 0.288452 0.308994 0.237775 0.205735 0.264281 0.324257 0.330096 0.279604 0.221613 0.248018 0.234075 0.211709 0.220525 0.213076 0.210740 0.200332 0.193304 0.277730 0.317993 0.288473 0.292862 0.278753 0.306071 0.274463 0.316264 
192837465
4
0.182644 0.179036 0.106502 0.133734 0.154876 0.208521 0.236938 0.243614 0.256154 0.256772 0.250521 0.181428 0.213441 0.198601 0.163884 0.173905 0.212467 0.176798 0.206739 0.288084 0.268432 0.309322 0.263472 0.260696 0.284539 0.216769 0.204235 0.191842 0.165037 0.068803 0.111996 0.161726 0.100257 0.119181 0.131488 0.130945 0.168237 0.116394 0.129337 0.140793 0.142341 0.199192 0.189297 0.210112 0.213694 0.241787 0.224962 0.222925 0.271468 0.251648 0.323724 0.347047 0.368844 0.376009 0.351838 0.396195 0.345247 0.331851 0.339046 0.279442 0.226905 0.223927 0.197072 0.210913 0.258476 0.302547 0.344811 0.381199 0.327459 0.339650 0.331774 0.299283 0.360142 0.331597 0.279637 0.190697 0.207432 0.228617 0.239552 0.226458 0.296237 0.287361 0.277350 0.182112 0.185217 0.246451 0.195188 0.225014 0.264396 0.262888 0.240529 0.246115 0.279304 0.298130 0.266933 0.277420 0.263635 0.259624 0.233233 0.222923 0.238076 0.270018 0.209196 0.237846 0.211136 0.235817 0.248347 0.203389 0.215225 0.202070 0.147666 0.175553 0.213603 0.242559 0.281767 0.281805 0.263736 0.308641 0.316608 0.388864 
192837465
5
0.214468 0.191615 0.166465 0.129912 0.200349 0.263204 0.206119 0.253651 0.249088 0.240012 0.310888 0.294213 0.265056 0.206858 0.185662 0.175910 0.210308 0.283168 0.309444 0.319132 0.313526 0.273538 0.324319 0.319195 0.258611 0.241739 0.149510 0.108584 0.094036 0.051000 0.097937 0.109032 0.131586 0.124712 0.142269 0.113582 0.157222 0.187506 0.194320 0.188621 0.219240 0.262286 0.264473 0.188562 0.181232 0.228745 0.243616 0.272263 0.258750 0.298839 0.313271 0.293093 0.304581 0.340968 0.342052 0.355638 0.332955 0.375494 0.282289 0.272495 0.296736 0.231351 0.287143 0.268033 0.303576 0.370072 0.355074 0.369770 0.362961 0.352041 0.352906 0.337419 0.331123 0.323289 0.278657 0.219326 0.239018 0.224753 0.262497 0.217613 0.280233 0.290214 0.251903 0.216837 0.152737 0.120673 0.223709 0.277848 0.242257 0.283566 0.368540 0.298374 0.261005 0.269815 0.220119 0.244048 0.212799 0.265672 0.269074 0.235310 0.208821 0.188051 0.159719 0.095654 0.091635 0.146588 0.221098 0.206325 0.177619 0.142569 0.128228 0.189894 0.194334 0.228704 0.231883 0.249402 0.232958 0.265211 0.322269 0.344933 
192837465
6
0.115394 0.105221 0.133604 0.154970 0.135064 0.221124 0.249780 0.231408 0.268806 0.335376 0.303286 0.302398 0.336494 0.304175 0.305730 0.279349 0.237180 0.287559 0.332224 0.331368 0.300461 0.300860 0.296569 0.292555 0.265745 0.221483 0.214257 0.170298 0.106320 0.100811 0.131684 0.111175 0.132854 0.128568 0.136182 0.122547 0.130917 0.133283 0.150448 0.176046 0.191417 0.192568 0.144627 0.185885 0.225188 0.169675 0.168291 0.221390 0.270867 0.298425 0.290300 0.326793 0.253228 0.233879 0.261780 0.297875 0.333753 0.262907 0.289030 0.266933 0.238324 0.302239 0.282677 0.299522 0.300866 0.263428 0.357970 0.389337 0.399832 0.415646 0.411865 0.321977 0.318928 0.301115 0.292410 0.265516 0.238690 0.269634 0.259008 0.290284 0.283710 0.264810 0.271092 0.281737 0.225882 0.171032 0.154792 0.176495 0.208982 0.257638 0.316829 0.343307 0.288293 0.207710 0.207673 0.220585 0.197598 0.221310 0.229987 0.181465 0.170094 0.161548 0.152598 0.129527 0.110565 0.151990 0.192913 0.190468 0.216529 0.227668 0.244492 0.236282 0.224173 0.164022 0.177890 0.204083 0.269189 0.287503 0.289618 0.274746 
192837465
7
0.043169 0.092051 0.082131 0.104915 0.092477 0.135105 0.175468 0.186123 0.194744 0.220372 0.291549 0.291365 0.331002 0.318996 0.285393 0.302497 0.299700 0.323921 0.255983 0.318051 0.353317 0.292886 0.307354 0.287091 0.294590 0.279860 0.170757 0.179598 0.123694 0.087771 0.134151 0.132324 0.135765 0.164171 0.154234 0.093010 0.133517 0.162894 0.212083 0.164556 0.190144 0.255143 0.244895 0.209264 0.237956 0.209321 0.223066 0.275093 0.270723 0.296358 0.270760 0.319899 0.324638 0.287460 0.246980 0.260850 0.214219 0.229050 0.231887 0.239354 0.284473 0.286645 0.286479 0.295420 0.240561 0.231953 0.231093 0.311778 0.335948 0.346830 0.387304 0.344111 0.341435 0.348762 0.368988 0.371846 0.339225 0.315703 0.274338 0.265616 0.315475 0.342549 0.309089 0.306567 0.208938 0.213630 0.224969 0.223864 0.211151 0.274157 0.298309 0.277129 0.312560 0.299037 0.291468 0.255705 0.251028 0.197326 0.181505 0.195798 0.118826 0.112069 0.069863 0.101761 0.082962 0.141301 0.201154 0.230962 0.248537 0.217205 0.269135 0.344176 0.314348 0.284608 0.305613 0.288977 0.328161 0.292588 0.294186 0.300719 
192837465
8
0.096220 0.132991 0.059337 0.060238 0.144790 0.218518 0.190914 0.190623 0.256591 0.230511 0.237439 0.265938 0.283412 0.245721 0.256589 0.281670 0.283534 0.305668 0.322815 0.295607 0.326550 0.340486 0.335597 0.304534 0.355160 0.255172 0.236101 0.193056 0.176152 0.155046 0.210005 0.224162 0.263428 0.255254 0.147275 0.150863 0.125023 0.138224 0.171864 0.258103 0.283815 0.231090 0.243153 0.251518 0.264314 0.296994 0.302228 0.309976 0.313509 0.265402 0.228202 0.200238 0.225201 0.212905 0.223391 0.184803 0.163792 0.253609 0.270706 0.232860 0.234200 0.201094 0.236736 0.255994 0.213012 0.214937 0.224073 0.247495 0.277067 0.274869 0.331162 0.306225 0.323118 0.346086 0.367965 0.363998 0.362363 0.394690 0.384019 0.381874 0.387378 0.325877 0.329668 0.338581 0.340830 0.295252 0.266384 0.250129 0.255736 0.249484 0.307615 0.354465 0.336434 0.326041 0.330242 0.272955 0.238217 0.232683 0.225326 0.254581 0.196707 0.142912 0.141066 0.127254 0.158100 0.160463 0.169359 0.233590 0.310952 0.301891 0.314656 0.323289 0.287022 0.299589 0.360352 0.363635 0.325993 0.339422 0.300122 0.310192 
192837465
9
0.175536 0.218503 0.194512 0.170961 0.207218 0.255310 0.266519 0.232080 0.262966 0.221486 0.235009 0.239603 0.232293 0.259872 0.245933 0.237806 0.234685 0.245210 0.275569 0.272174 0.271205 0.321627 0.342902 0.386949 0.326975 0.253213 0.245211 0.272698 0.216962 0.199471 0.177898 0.223808 0.256264 0.270865 0.276980 0.253124 0.195389 0.234797 0.281122 0.335131 0.355642 0.336254 0.304061 0.319834 0.307839 0.365862 0.330343 0.288766 0.305314 0.324512 0.233758 0.237116 0.212416 0.152032 0.208706 0.207463 0.211577 0.210182 0.228038 0.164618 0.183476 0.226404 0.224221 0.241641 0.232868 0.189538 0.177257 0.180392 0.247610 0.285008 0.249613 0.266680 0.284811 0.339554 0.319183 0.319255 0.336370 0.376707 0.409449 0.402363 0.405659 0.361492 0.346936 0.319702 0.314417 0.342493 0.295326 0.346520 0.325216 0.334344 0.285934 0.288876 0.273553 0.313914 0.353616 0.325003 0.294153 0.238926 0.234413 0.246470 0.255872 0.218446 0.189610 0.187144 0.179000 0.145976 0.188351 0.246877 0.309432 0.317642 0.364353 0.354224 0.326589 0.377131 0.341372 0.317065 0.321104 0.371037 0.324206 0.302807 
192837465
10
0.160893 0.213789 0.222979 0.249550 0.297638 0.268280 0.277283 0.224029 0.250679 0.237731 0.204622 0.202392 0.208501 0.208850 0.211043 0.201083 0.210721 0.243011 0.207061 0.244225 0.275247 0.303864 0.280723 0.281164 0.281229 0.273106 0.281593 0.254825 0.237276 0.239478 0.241990 0.290427 0.281348 0.295009 0.313176 0.269585 0.258355 0.249062 0.299602 0.308893 0.345793 0.301620 0.320908 0.269009 0.279942 0.389574 0.369483 0.347948 0.303210 0.328726 0.262452 0.171308 0.215529 0.218566 0.220917 0.240597 0.201104 0.152808 0.181688 0.170347 0.179486 0.192646 0.197797 0.198304 0.228897 0.238880 0.210294 0.160723 0.163614 0.280473 0.234647 0.224453 0.263880 0.297092 0.249497 0.379860 0.361476 0.383672 0.406122 0.379320 0.344414 0.324388 0.309662 0.324367 0.367010 0.346426 0.312937 0.360475 0.364094 0.443021 0.363954 0.336881 0.309410 0.351906 0.377887 0.361004 0.366089 0.361327 0.362765 0.299995 0.280520 0.223455 0.273311 0.301379 0.267855 0.279168 0.236535 0.294014 0.396309 0.384812 0.327969 0.319445 0.349278 0.307127 0.289602 0.229263 0.278120 0.325901 0.332652 0.335311 
192837465
11
0.168340 0.185259 0.190677 0.176507 0.184802 0.212691 0.221961 0.192123 0.125978 0.138808 0.200341 0.202545 0.231652 0.183664 0.196945 0.183594 0.224813 0.231364 0.262776 0.337110 0.375090 0.366925 0.274631 0.285532 0.255575 0.266936 0.317454 0.317984 0.290659 0.334730 0.315701 0.371640 0.362628 0.335992 0.363190 0.316444 0.248668 0.219353 0.227965 0.309068 0.290351 0.291472 0.238530 0.241360 0.259971 0.302079 0.313867 0.332903 0.360027 0.397901 0.305212 0.276440 0.238395 0.235501 0.274877 0.244664 0.219084 0.236069 0.185942 0.202151 0.173630 0.190301 0.168213 0.165495 0.219909 0.239321 0.200708 0.173748 0.196402 0.203479 0.240432 0.252554 0.260156 0.255539 0.334184 0.368722 0.433616 0.433592 0.395822 0.303890 0.306152 0.340961 0.330782 0.309239 0.259616 0.296269 0.268430 0.277320 0.342154 0.330028 0.334203 0.313789 0.353654 0.351368 0.363806 0.350451 0.364235 0.318904 0.322007 0.289209 0.259176 0.275563 0.291509 0.336487 0.353713 0.334849 0.324090 0.379973 0.432331 0.362480 0.346095 0.337864 0.340518 0.379434 0.352375 0.281390 0.230034 0.271465 0.295916 0.307326 
192837465
12
0.211087 0.190705 0.196131 0.219125 0.226019 0.158654 0.147728 0.205673 0.186307 0.185721 0.182042 0.151076 0.208444 0.205604 0.241476 0.145763 0.149972 0.188013 0.267038 0.282036 0.308062 0.307560 0.278874 0.238066 0.211392 0.218882 0.251427 0.274523 0.256189 0.314157 0.288375 0.356994 0.417073 0.376637 0.316650 0.236330 0.237174 0.255599 0.234666 0.276547 0.284580 0.258333 0.229719 0.268088 0.315611 0.365513 0.366028 0.404447 0.362659 0.365539 0.304470 0.308211 0.238247 0.268871 0.259021 0.235562 0.229327 0.228788 0.269490 0.248015 0.203933 0.184699 0.127119 0.137822 0.136287 0.182689 0.169282 0.190821 0.145872 0.175889 0.154807 0.243943 0.271406 0.276579 0.258204 0.292195 0.356652 0.292594 0.213418 0.274213 0.283671 0.252866 0.280897 0.231402 0.235815 0.278334 0.303440 0.289517 0.239863 0.249014 0.238507 0.309937 0.341493 0.311748 0.336902 0.327574 0.374956 0.352086 0.328535 0.370203 0.371063 0.327184 0.272082 0.335614 0.299066 0.321187 0.341784 0.402219 0.425800 0.455272 0.418980 0.428233 0.439659 0.392030 0.333923 0.314513 0.300992 0.222564 0.229038 0.297020 
192837465
13
0.137843 0.162926 0.184949 0.232273 0.188411 0.235684 0.234544 0.235041 0.196244 0.175409 0.181292 0.175385 0.173573 0.179319 0.238649 0.207630 0.207271 0.279717 0.291819 0.247885 0.224256 0.199038 0.184807 0.156086 0.153875 0.251376 0.229276 0.241421 0.262688 0.242925 0.245222 0.248380 0.273083 0.257491 0.307123 0.282444 0.252908 0.252226 0.291188 0.314839 0.260370 0.253070 0.291596 0.306695 0.256891 0.303423 0.337921 0.338744 0.316862 0.320095 0.290483 0.261776 0.226359 0.218715 0.193713 0.190171 0.183627 0.170618 0.222038 0.278885 0.250517 0.230004 0.143585 0.172688 0.195958 0.223703 0.183121 0.131124 0.178102 0.190081 0.235177 0.211078 0.281670 0.295802 0.313586 0.278399 0.289265 0.241671 0.262295 0.232653 0.184503 0.223712 0.292577 0.202943 0.249059 0.259517 0.234273 0.247605 0.251301 0.260772 0.250761 0.302672 0.323303 0.342212 0.358094 0.322898 0.354334 0.358701 0.361282 0.373409 0.415576 0.320736 0.321497 0.373166 0.365495 0.339011 0.388565 0.434844 0.478509 0.478134 0.397769 0.423916 0.343814 0.326431 0.323819 0.288555 0.292468 0.314041 0.337298 0.330847 
192837465
14
0.129253 0.160282 0.146912 0.191560 0.194975 0.159561 0.210714 0.225223 0.236555 0.198924 0.241678 0.243789 0.224775 0.184880 0.170441 0.199081 0.254931 0.318142 0.283731 0.255409 0.240272 0.203756 0.246369 0.217809 0.194296 0.164866 0.179735 0.177258 0.202067 0.206141 0.265259 0.258654 0.267192 0.250072 0.248286 0.200648 0.221385 0.245247 0.264235 0.275319 0.308807 0.294381 0.269449 0.237299 0.252758 0.286242 0.321506 0.320221 0.343789 0.308971 0.273550 0.228882 0.177008 0.187045 0.199172 0.138779 0.166046 0.159870 0.181884 0.168779 0.143493 0.203178 0.196106 0.168300 0.224685 0.262345 0.242478 0.242545 0.243840 0.226041 0.225146 0.213573 0.289718 0.268568 0.246312 0.298957 0.272764 0.176832 0.169861 0.109344 0.156721 0.200418 0.221689 0.253866 0.251905 0.252369 0.246412 0.262663 0.275779 0.292665 0.289900 0.256082 0.285453 0.294326 0.315334 0.260800 0.305584 0.347035 0.320694 0.381589 0.346819 0.352285 0.357306 0.348160 0.333363 0.358457 0.369410 0.393919 0.389983 0.429960 0.447884 0.417059 0.346669 0.317418 0.246726 0.322012 0.370250 0.402591 0.380303 0.359813 
192837465
15
0.198087 0.202057 0.154319 0.226351 0.122143 0.148109 0.155826 0.158246 0.188442 0.175772 0.183426 0.147713 0.204375 0.178989 0.224380 0.230785 0.186183 0.172816 0.167821 0.220373 0.273664 0.291044 0.256919 0.248876 0.248939 0.193516 0.211596 0.182830 0.198643 0.228348 0.216824 0.261740 0.282709 0.242816 0.260967 0.243564 0.232828 0.275317 0.279886 0.314506 0.288252 0.269556 0.265520 0.209805 0.195670 0.257744 0.280688 0.315476 0.277316 0.268146 0.274436 0.257217 0.245019 0.177783 0.156717 0.167478 0.200072 0.234758 0.209104 0.156018 0.168431 0.170925 0.127665 0.241184 0.256394 0.266872 0.282536 0.238646 0.187055 0.211856 0.191066 0.205074 0.273104 0.225545 0.227147 0.213262 0.216506 0.233333 0.185053 0.237194 0.216838 0.219609 0.164936 0.226440 0.187859 0.192534 0.183768 0.199911 0.216765 0.257447 0.253109 0.268015 0.256150 0.259695 0.258983 0.275516 0.253707 0.275551 0.312847 0.329804 0.327858 0.378420 0.342747 0.317230 0.317057 0.317565 0.362197 0.313588 0.360855 0.403188 0.438549 0.391650 0.398807 0.362907 0.316108 0.331701 0.345769 0.362533 0.329298 0.374948 
192837465
