   1200.0000
    160.0000
    120
     16
      3
      0.2000
      2
      2
      0
      0.4747      0.4233      0.6941      0.6380     -0.2573     -0.3643      0.2876      0.1264     -0.1188      0.0639     -0.0306     -0.0591      0.0913      0.1798      0.5891      0.8465      0.2781     -0.3422     -0.3208     -0.2043     -0.8323     -1.5701     -1.2302     -0.5872      0.3037      1.4010      0.8366      0.3236      0.8173      0.2171      0.4971      1.0135     -0.3931     -0.3416      0.1476     -1.0385     -0.8713     -0.1468     -0.3518     -0.3650     -0.8007     -1.1782     -0.9281     -1.3018     -1.5378     -0.8657     -1.0165     -1.6622     -1.0873     -0.5158     -0.7949     -1.2642     -1.4788     -1.0058     -1.6647     -3.2007     -2.4134     -1.1726     -1.2357     -0.5069      0.2314     -0.1233     -0.3590      0.0531      0.8769      1.2998      0.5204     -0.6127     -0.6532     -0.5021     -1.3807     -1.9318     -1.5407     -1.1495     -1.1332     -1.0667     -0.5144     -0.7631     -1.7120     -1.3208     -0.7987     -1.5238     -1.8389     -0.9798     -0.5437     -1.4618     -1.7294     -1.0916     -1.6411     -1.9426     -1.2296     -1.3438     -1.1882     -0.3190     -0.4220     -0.4850      0.2456      0.2065     -0.5130     -0.9365     -0.9729     -0.4877     -0.1265      0.1324      0.9550      1.0405      0.6850      1.2039      1.2150      0.7871      0.7858      0.5861      0.6947      0.9954      1.2471      1.8583      1.7437      1.2717      1.1898      0.7905
192837465
      1
     -0.6233     -0.4629     -0.5179     -0.3821     -0.1808      0.1659      0.6411      0.4325     -0.0005     -0.2847     -0.7358     -0.9487     -0.7855     -0.8300     -0.8755     -0.8060     -1.1204     -1.1427     -1.6864     -2.8003     -1.7623     -0.8595     -1.5945     -1.0360     -0.6684     -0.7980     -0.0667      0.2291      0.6983      0.9146      0.7384      0.9562      0.2552     -0.1267     -0.2617     -1.0226     -0.6955     -0.7488     -0.9994     -0.3596     -0.7051     -0.8222     -0.8181     -1.6331     -1.2807     -0.8157     -0.9418     -0.6815     -0.9411     -1.1876     -0.9464     -1.1015     -1.2904     -1.6266     -2.5735     -2.7562     -1.6511     -0.8985     -0.8105     -0.8294     -0.8530     -0.1887      0.4844      0.2756      0.2886      0.9495      1.1578      0.1793     -0.5678     -0.1311     -0.3040     -0.8276     -0.3136     -0.2340     -0.8867     -0.5512      0.3029     -0.0767     -0.9597     -1.0015     -1.1167     -1.5238     -1.4546     -1.2017     -1.0055     -0.9863     -1.0640     -1.3045     -1.8417     -1.5107     -0.4274     -0.0998     -0.5035     -1.2931     -1.8464     -1.3211     -0.6545     -0.7065     -0.9166     -0.9868     -0.7033      0.0461      0.4035      0.2913      0.4474      0.4241      0.2640      0.5235      0.2763     -0.5606     -0.8864     -0.7119     -0.3313     -0.0763     -0.1862      0.0425      0.3239     -0.1680     -0.1987      0.7036
192837465
      2
      0.3528      0.0626     -0.6404     -0.2618      0.3349      1.0426      1.3796      0.4767      0.2625      0.1378     -0.7923     -0.8867     -0.4602     -0.6737     -1.4431     -1.8547     -2.1814     -2.7401     -2.6165     -2.2030     -1.4161     -0.8427     -1.3063     -1.4503     -1.7283     -1.1716      0.5472      0.3599      0.2438      1.0950      1.0569      1.6284      1.4598      0.0955     -0.2300     -0.0997      0.0847     -0.1870     -0.2954      0.5330      0.2973     -0.4488     -0.8246     -1.3008     -0.8180      0.0073      0.3701      0.3598     -0.1522     -0.3645     -0.6182     -1.0692     -0.8271     -0.7882     -1.4233     -1.3701     -0.7287     -0.9895     -1.3503     -0.7702     -0.4558     -0.2828      0.1281     -0.0195     -0.2516     -0.0235      0.6426      0.9948      0.5131      0.4173      0.3666     -0.6488     -1.4987     -1.3223     -0.6420     -0.6659     -1.1745     -0.8575     -0.5474     -1.0971     -1.5157     -1.2688     -0.9246     -0.8656     -0.9826     -1.6191     -2.2388     -1.9413     -1.7095     -1.6243     -0.9986     -0.4561     -0.1645     -0.3708     -0.6743     -0.2439     -0.3525     -0.8124     -0.5480     -0.8229     -1.0135     -0.1472      0.0619     -0.2080      0.0635      0.0421     -0.1931     -0.2956     -0.7585     -1.2346     -1.2557     -1.0018     -0.7545     -0.8531     -1.0269     -0.6895     -0.3785     -0.6162     -0.3914      0.5346
192837465
      3
     -0.2115     -0.1741     -0.3414      0.6340      1.0635      0.6236      0.7046      0.4203      0.1568     -0.1575     -0.8087     -0.8817     -0.8558     -0.7737     -0.6507     -1.0995     -1.7326     -2.0977     -2.0522     -1.9281     -1.9893     -2.2566     -1.8987     -0.2040      0.5473      0.0755      0.4137      0.6455      0.6569      0.8926      0.9226      1.2047      0.9630      0.4512      0.3770     -0.0281     -0.0117      0.1569     -0.1362     -0.1096     -0.4867     -0.9249     -0.6517     -0.4278     -0.0909      0.0209     -0.4109     -0.6389     -0.7125     -0.5644     -0.5829     -1.0473     -0.6962     -0.3376     -1.0785     -1.2606     -1.0149     -1.0042     -0.4295     -0.3351     -0.4193      0.1505      0.0320      0.3365      1.1202      0.9591      1.4917      1.8568      1.1054      0.8735      0.2824     -0.1181      0.3432     -0.1633     -0.8190     -0.9890     -1.2457     -1.1465     -1.1112     -1.1857     -1.1389     -1.0934     -1.0027     -1.2186     -1.7446     -2.4722     -2.3694     -1.3065     -1.3939     -1.6232     -0.7905     -0.4119      0.2073      1.1213      1.0026      0.4263     -0.0545     -0.2892     -0.5150     -0.3498      0.7291      1.0011      0.4545      0.5430      0.5227     -0.2418     -1.3458     -1.4440     -0.6747     -1.1258     -1.3406     -0.2275     -0.1660     -0.8296     -1.3243     -1.8604     -1.1999     -0.1933     -0.1863     -0.0023
192837465
      4
      0.0350      0.3773      0.6377      1.0585      0.9388      0.1831      0.2675      0.6608     -0.1218     -0.9307     -0.2839      0.6017      0.3384     -0.2144     -0.3999     -0.7807     -1.2832     -1.5700     -1.2052     -0.1101      0.0608     -0.8610     -0.9079     -0.1168      0.5008      0.5521      0.2166      0.5725      1.2624      1.6875      2.1988      2.0119      1.3712      1.2041      1.1885      1.1660      0.7277      0.2392      0.4653      0.8906      1.0968      0.5441      0.0421      0.3814     -0.1655     -1.0654     -1.2224     -1.2655     -0.8983     -1.2334     -1.7633     -0.8464     -0.4643     -0.4453      0.0918     -0.0936      0.0182      0.5886      0.9956      0.9504     -0.4449     -0.5683      1.0620      0.9385      0.3045      0.6016      0.4969      0.4681      0.2800     -0.0969      0.0078     -0.4526     -0.5563      0.1366     -0.3005     -0.6457     -0.4878     -1.0423     -0.7701     -0.8567     -2.3333     -2.1488     -0.9792     -0.7316     -0.8047     -1.1764     -1.1333     -0.8159     -0.7859     -0.6886     -1.1142     -0.8488     -0.0779     -0.5760      0.0195      1.1560      0.5611      0.4788      0.4853     -0.2819     -0.0923      0.0382     -0.4455     -0.5678     -0.4205     -0.2843     -0.5378     -0.7898     -1.1201     -1.7156     -1.4779     -1.1454     -0.9810     -0.1255     -0.2363     -0.8233     -0.2432     -0.3216     -0.5160      0.6283
192837465
      5
      0.6894      0.8055      1.3174      1.6049      1.4752      0.9491      0.4824      0.4323      0.3322      0.5765      0.6234      0.3915      0.6642      0.2570      0.0117      0.3466     -0.6027     -0.9704      0.0188      0.1302     -0.5664     -1.0478     -0.6660     -0.2384     -0.3634      0.1383      0.7108      1.0082      1.4090      1.3184      1.3116      1.2488      0.9419      1.3347      1.6623      1.6834      1.6986      0.7719     -0.2730      0.3419      1.7739      1.9435      1.2626      0.8537      0.0237     -0.9381     -1.2423     -1.3050     -1.3422     -1.2869     -0.7819     -0.2311     -0.2287     -0.1068     -0.1770     -0.4284     -0.0063      0.1461     -0.0273      0.3732      0.7736      1.0591      1.5129      1.7070      1.2706      0.4134     -0.1308     -0.4505     -0.7943     -0.2804      0.2558     -0.6068     -0.8713      0.0035     -0.4112     -1.1324     -0.7420     -0.4250     -0.1791     -0.4099     -1.4950     -1.8588     -1.4456     -1.1510     -1.0300     -1.0996     -1.0854     -0.9179     -0.7098     -0.5839     -0.4754     -0.1065     -0.0183      0.1166      0.8384      0.7660      0.1440      0.3678      0.3771     -0.3648     -0.6377     -0.4914     -0.6973     -1.1295     -1.4268     -1.1987     -0.6556     -0.5747     -0.4644     -0.1144     -0.2925     -0.4472     -0.3012     -0.2005      0.1656      0.4552      0.6398      0.9301      0.7646      0.5387
192837465
      6
      1.1411      1.6343      1.9713      2.3388      2.7228      1.9526      0.6714      0.4712      0.4922      0.5480      1.1622      0.8758      0.1043      0.2202     -0.1233     -0.8958     -0.9550     -1.2469     -1.5742     -1.5567     -2.1117     -2.1462     -1.3490     -0.7896      0.0341      0.2509     -0.1892      0.4960      1.3633      1.9988      2.3237      1.4875      1.3668      1.5904      1.0231      1.6216      2.0765      1.2835      1.0649      1.2051      1.4257      1.3366      0.6716      0.2827     -0.3152     -0.5297     -0.0589     -0.1323     -0.0724     -0.1809     -0.4155      0.5942      0.9292      0.0643      0.1110      0.6700      0.7695      0.3860      0.0592      0.3896      0.9886      1.5977      1.7603      1.4078      1.1139      0.3942      0.2223      0.9272     -0.2852     -1.9843     -1.1799     -0.2587     -0.3102     -0.0411      0.0179     -0.0738     -0.2172     -0.5124     -0.6452     -1.3488     -1.8331     -1.3157     -1.3562     -1.7052     -1.3837     -0.7207      0.2070      0.5436     -0.1597     -0.6288     -0.0714      0.6724      0.5018      0.2852      0.6642      0.3188     -0.1886      0.2535      0.4354      0.1904      0.0034     -0.6500     -0.9569     -0.6138     -0.6834     -0.6497     -0.2375      0.1823      0.6454      0.3665      0.0538     -0.0981     -1.2167     -0.9628      0.3987      0.1616      0.3026      0.6793      0.3646      0.9470
192837465
      7
      1.9445      2.7146      2.9944      3.1137      2.3851      1.2071      1.1620      1.1365      0.6206      0.4720      0.0289     -0.3611      0.2066      0.5235      0.2408      0.1797     -0.4195     -1.3055     -1.1177     -0.6388     -0.7980     -1.4527     -1.6642     -0.5844     -0.0475     -0.4312      0.1648      0.7602      0.9534      1.3788      1.1290      1.1535      1.6773      1.4916      1.6044      1.9305      1.4874      0.7962      0.4453      1.0161      1.4933      0.8577      0.3867     -0.0800     -0.6510     -0.0421      0.5204      0.1179     -0.0732      0.1824      0.5532      0.6844      0.7489      0.8389      0.1336     -0.3664     -0.0393     -0.2399     -0.2595      0.0170     -0.3368      0.1705      1.0420      0.8493      0.9319      0.8794     -0.0061     -0.1218      0.0840     -0.5756     -0.8278     -0.0658      0.0950     -0.7061     -1.0121     -0.8296     -0.7260     -0.5858     -0.7949     -0.8047     -0.4669     -1.0107     -1.4222     -0.6599     -0.0929     -0.1177     -0.4443     -1.1495     -1.3789     -0.6801      0.0170     -0.0657     -0.3033      0.1907      0.4776     -0.0077      0.2174      0.7439      0.4337      0.4848      0.4822     -0.0321      0.4503      0.4993     -0.4349     -0.2676     -0.1450     -0.7128     -0.8344     -1.0715     -1.0273     -0.4524     -0.2084     -0.1697     -0.5365     -0.7140      0.0727      0.2377     -0.5338     -0.7092
192837465
      8
      1.6015      1.3229      1.3911      1.4292      0.9712      1.5383      2.2118      1.1576      0.0272     -0.2997     -0.0782      0.4908      0.3747      0.2395      0.3946     -0.0582     -0.3883     -0.1707      0.0317     -0.1699     -0.2444      0.4059      0.5384      0.0782     -0.0487     -0.3854     -0.6017     -0.5051     -0.5917     -0.3187      0.4584      1.0678      0.7635      0.0460     -0.1094      0.1002      0.5749      0.5761      0.2190      0.6063      0.3880     -0.1925      0.2450      0.6977      1.1093      0.9682      0.3646      0.9359      1.1629      0.2998     -0.2763     -0.2992      0.5430      1.0963      0.7684      0.7932      0.5731     -0.2994     -1.0756     -1.0994     -0.1362      0.6025      0.9341      1.4468      1.3991      0.8674      0.5325      0.4974      0.5525      0.1694     -0.1333      0.2466      0.0826     -0.9879     -1.4300     -1.1390     -1.1630     -1.5441     -1.8717     -1.4892     -0.4679      0.0644      0.1111      0.2267      0.0927     -0.4183     -0.8598     -1.2148     -1.5833     -1.6085     -1.6497     -1.3180      0.0026      0.1151     -0.8889     -0.5141      0.1254      0.3172      0.7438      0.6849      0.5102      0.5255      0.3222      0.1664     -0.1980     -0.5822     -0.3332     -0.4695     -1.4370     -1.3509     -0.5322     -0.6308     -0.5042     -0.5158     -1.0204     -0.1798      0.4630      0.1468      0.0972     -0.4595
192837465
      9
      1.0807      1.0697      0.8362      0.6916      0.4486      0.3832      0.6727      0.4535     -0.0777     -0.3340     -0.1477      0.0493     -0.2334     -0.3226     -0.5936     -1.1052     -0.8323     -0.4619     -0.1684     -0.2179     -0.6808     -0.1212      0.3110      0.3393      0.6834      0.0451     -0.3728     -0.6812     -1.4165     -0.6813     -0.4263     -0.7664     -0.0924     -0.2568     -0.3056      0.2274      0.3093      0.6420      0.5711      0.6992      0.9392      0.3820      0.6142      0.9326      0.8260      1.0126      0.8828      0.9759      0.5541     -0.2895     -0.2018     -0.4329     -0.3200      0.5894      0.5869      0.3055      0.1981      0.1972      0.4866      0.3339      0.2137      0.6909      1.0642      1.0167      0.9315      0.9894      0.8386      0.5949      0.9648      1.9183      1.9083      0.6412      0.2613      0.6704      0.4358     -0.0593     -0.8697     -1.8657     -2.3207     -2.4034     -2.2111     -1.6875     -1.3480     -1.4848     -1.1718     -0.5453     -0.7548     -0.9477     -0.9162     -1.3085     -1.6312     -1.6833     -1.0977     -0.6260     -0.8431     -0.8494     -1.3483     -1.5863     -0.8951     -1.0271     -0.9198     -0.5220     -1.3585     -1.6405     -0.9397     -0.7459     -1.0591     -1.1569     -0.7726     -0.8003     -1.2587     -1.1804     -1.1570     -1.4285     -0.7665     -0.2436     -1.3295     -1.6507     -1.1402     -1.7965
192837465
     10
      1.1840      0.7105      0.4969      0.2616     -0.2650     -0.2509      0.2505      0.5252      0.5882      0.3228     -0.0439     -0.1944     -0.5628     -0.5313     -0.4460     -1.2127     -1.2648     -0.8391     -0.8430     -0.5881     -0.7045     -0.6371     -0.6151     -1.4896     -1.0215     -0.1077     -0.5921     -0.7918     -0.5347     -0.4157     -0.4726     -0.4234     -0.0661     -0.2551     -0.4188     -0.2685     -0.2482     -0.1330     -0.3126      0.1721      1.1055      1.0593      1.1056      1.0259      0.5950      0.7659      0.7676      0.7848      1.2332      1.3366      0.9309      0.6153      0.6737      0.5401      0.9527      1.4292      0.3634      0.1749      1.2507      1.2218      1.2842      1.6486      1.2510      0.9379      0.8450      0.8748      1.2240      1.2484      1.0591      1.3132      1.2228      0.8816      1.4051      1.5851      1.0232      0.8045      0.2711     -0.7217     -1.4168     -1.2689     -0.3936     -0.0144     -0.3381     -0.8917     -1.3671     -1.7415     -1.8237     -0.8911     -0.5624     -1.3070     -1.2805     -1.2946     -1.2556     -0.8478     -1.3589     -1.7890     -1.9442     -2.0912     -1.4530     -0.7544     -0.3489     -0.4392     -0.8206     -0.6704     -0.7301     -1.2459     -1.5213     -1.0593     -0.3889     -0.7166     -1.3394     -1.5732     -1.5871     -1.5625     -1.8477     -1.3307     -0.4956     -1.0650     -1.7092     -1.4338
192837465
     11
      0.3049     -0.1540     -0.2344     -0.6683     -0.6339     -0.2851     -0.4181     -0.0776     -0.1197     -0.7593     -0.8742     -1.1054     -1.2275     -0.4255      0.0708     -0.6862     -1.1785     -0.9269     -1.1973     -1.1470     -0.7177     -1.2609     -1.7618     -1.7265     -1.4988     -0.8495     -0.6226     -0.7553     -0.4449     -0.3956     -0.7994     -0.6222     -0.0605     -0.0911     -0.3445     -0.5923     -0.8798     -0.3935      0.1929      0.1367      0.6769      1.6280      1.7363      1.4437      1.3944      1.4886      1.5566      1.4352      1.3362      1.1305      0.5230      0.3965      0.6040      0.1804      0.1438      0.9232      1.4323      1.4221      1.3827      1.5261      1.3253      1.0039      1.0312      1.0153      1.2516      1.3155      0.7725      0.5405      0.5820      0.9436      1.6652      2.2465      2.3768      1.5112      0.9256      1.0846      0.7791      0.8490      0.8745      0.4096      0.6070      0.4740     -0.0549     -0.2852     -1.0177     -1.9311     -2.0406     -1.1979     -0.7599     -1.3477     -1.5529     -1.4094     -1.5734     -1.5026     -1.0006     -0.6591     -0.6358     -0.7110     -1.1543     -0.6844      0.7607      0.7297     -0.0085     -0.4212     -0.3617      0.5295     -0.1714     -1.2374     -0.3516     -0.3612     -1.4299     -1.7739     -1.5396     -1.4111     -1.9475     -1.5899     -0.5356     -0.4719     -0.3440      0.1658
192837465
     12
      0.0973      0.0860     -0.6856     -0.5269      0.0080     -0.5669      0.0720      1.2323      0.1705     -0.8903     -0.6377     -0.2269      0.4101      0.1752     -0.6679     -0.4518     -0.4678     -0.9694     -0.8400     -1.0583     -1.3822     -0.7743     -0.4569     -1.0207     -1.1649     -0.8420     -1.0380     -1.1279     -0.7748     -0.9506     -1.0940     -0.7186     -0.9295     -1.4142     -1.0407     -0.4208     -0.4027     -0.1658      0.5667      0.3862     -0.3952     -0.2334      0.4482      0.7414      0.9339      1.4478      1.6208      1.1890      0.9038      0.3440      0.1684      1.0861      0.6161     -0.7896     -0.9084     -0.8769     -0.5422      0.4812      1.0672      1.4130      1.3897      0.9115      0.6024      0.9608      1.6522      1.1832      0.5335      0.8684      0.9876      1.1081      1.2823      1.6340      2.3527      2.1043      1.9447      1.7469      0.4432      0.7972      2.0526      1.6978      1.0840      0.4889     -0.0742     -0.1552     -0.3823     -0.5073     -0.6402     -1.0896     -1.2106     -0.9966     -0.9124     -1.0940     -1.5327     -1.7910     -1.4022     -0.8754     -0.3530      0.0208     -0.4288     -0.1868      0.5517     -0.2185     -0.5469      0.0885      0.2863      0.3325     -0.6076     -1.3756     -1.0452     -1.5083     -1.8884     -1.3912     -0.8270     -0.6823     -1.1387     -0.4305      0.6784      0.0907     -0.1264      0.7789
192837465
     13
      0.3655      1.2823      1.1231      0.4704     -0.1959     -0.6579     -0.1539      0.3447      0.0367     -0.3058      0.2376      0.8707      0.5102      0.1668      0.3846      0.5036      0.2938     -0.2329     -0.8869     -1.2870     -1.0786     -0.9725     -1.0434     -0.3574     -0.3165     -1.0782     -1.1942     -1.6691     -1.8130     -0.9479     -1.0907     -1.6249     -1.6860     -2.1387     -2.3316     -1.8593     -1.0060     -0.0931      0.3548      0.7680      0.4989     -0.9041     -0.9637      0.1737      0.3732      0.8345      1.1207     -0.1688     -0.7410     -0.0185      0.4834      0.4310     -0.2410     -0.6634     -0.7560     -0.9143     -0.3281      0.3492      0.5921      0.8073      0.4993      0.2838      0.8946      1.4682      1.5813      1.8413      1.9907      1.5017      1.7333      2.4400      2.0486      1.8237      1.8952      1.8468      2.4842      2.0924      0.8337      0.5317      0.2966      0.3557      0.4887     -0.2373     -0.3433     -0.1078     -0.4449     -0.5229     -0.5364     -0.4904     -0.4256     -0.5856     -0.1585     -0.0420     -0.7375     -0.8250     -0.9291     -1.0752     -0.4962     -0.4747     -0.2830      0.3418     -0.5021     -1.1428     -0.7494     -0.8497     -0.5079     -0.2070     -0.7891     -0.9848     -1.0181     -0.8819     -0.6260     -0.8840     -0.6282     -0.1949      0.0053      0.4686      0.1853      0.2067      1.1317      1.1825
192837465
     14
      1.6153      1.7841      1.1633      0.4174     -0.0495     -0.4046     -0.6469     -0.7286     -0.7295     -0.6251      0.0071      0.4576      0.2804      0.3553      0.4928      0.4957      0.1724     -0.6507     -0.6618     -0.2452     -0.6610     -1.0660     -0.8073     -0.1128      0.3746      0.1354     -0.3265     -0.6270     -0.7843     -0.8721     -0.9591     -1.1227     -1.7005     -2.0176     -1.3344     -0.8563     -0.8862     -0.5998     -0.7322     -0.8407     -0.1958     -0.2563     -0.6573     -0.8939     -1.0727      0.3264      1.2401      0.4653      0.6771      0.2743     -1.1448     -1.1032     -0.8789     -0.8073     -0.2732      0.0243      0.0764     -0.1963     -0.0183      0.4246      0.3175      0.6847      0.8965      0.5550      1.0711      1.6703      1.2802      1.0259      1.8283      2.4060      2.0385      1.9023      1.9729      1.9750      1.9853      1.6047      1.2518      0.6590     -0.2982     -0.4481     -0.0204      0.1697      0.2256      0.4320      0.5727      0.0694     -0.6410     -0.5826      0.0668      0.3860      0.4045      0.2919     -0.2947     -0.4922     -0.3991     -0.7511     -0.2230      0.5428      0.0578     -0.1958      0.1424     -0.4293     -1.1484     -0.2451      0.4362     -0.5631     -0.7720     -0.6099     -1.3031     -1.1837     -0.7630     -0.1947      0.7548      0.3765     -0.1475      0.6019      1.2820      1.3904      1.2394      1.0341
192837465
     15
      1.8271      0.9126      0.6677      0.8657      0.9589      0.8563     -0.1114     -0.6461     -0.1433     -0.0283      0.4080      1.0741      0.4994      0.1474      0.5947      0.5475      0.5758      0.8166      0.7690      0.7861      0.3444     -0.5070     -0.8443     -0.7724     -0.2794      0.2331      0.1468     -0.1669     -0.6530     -0.5015      0.1069     -0.6604     -1.3660     -0.8927     -0.4799      0.2082      0.6034      0.2853      0.0649     -0.1226      0.1777     -0.0273     -0.9480     -0.4482      0.3353      0.2863      0.5575      0.9737      0.6687     -0.6128     -1.2269     -1.1218     -1.8139     -1.4307     -0.1259      0.0262     -0.0695     -0.3017     -0.4634      0.1506      0.5510      0.4666      0.2856      0.4171      0.8078      0.8550      0.7445      0.5877      0.6180      0.7820      0.8797      1.5948      2.0417      1.6674      1.6768      1.5752      0.9149      0.3515      0.0373      0.3973      1.0914      1.0049      0.4660      0.4930      1.2022      1.8565      1.4736      0.6766      0.8437      0.8769      0.1834     -0.0444     -0.3715     -0.6204     -0.0848     -0.0613     -0.1714      0.2555     -0.0865     -0.7082     -0.5121     -0.4601     -0.5030      0.1498      0.3652      0.3743      0.6952     -0.2673     -0.9876     -0.2165     -0.0994     -0.3714     -0.6664     -1.0296     -0.3942      0.4604      1.0596      0.9946      0.4608      0.8334
192837465
