   1.00000000E-12
   1.00000000E-12
   1.00000000E-12
   1.00000000E-12
   1.00000000E-12
   1.00000000E-12
   1.00000000E-12
   1.00000000E-12
   1.00000000E-12
   1.00000000E-12
   1.00000000E-12
   1.00000000E-12
   1.00000000E-12
   1.00000000E-12
   1.00000000E-12
   1.00000000E-12
   1.00000000E-12
   1.00000000E-12
   1.00000000E-12
   1.00000000E-12
   1.00000000E-12
   1.00000000E-12
   1.00000000E-12
   1.00000000E-12
   1.00000000E-12
   1.00000000E-12
   1.00000000E-12
   1.00000000E-12
   1.00000000E-12
   1.00000000E-12
   1.00000000E-12
   1.00000000E-12
   1.00000000E-12
   1.00000000E-12
   1.00000000E-12
   1.00000000E-12
   1.00000000E-12
   1.00000000E-12
   1.00000000E-12
   1.00000000E-12
   1.00000000E-12
   1.00000000E-12
   1.00000000E-12
   1.00000000E-12
   1.00000000E-12
   1.00000000E-12
   1.00000000E-12
   1.00000000E-12
   1.00000000E-12
   1.00000000E-12
   1.00000000E-12
   1.00000000E-12
   1.00000000E-12
   1.00000000E-12
   1.00000000E-12
   1.00000000E-12
   1.00000000E-12
   1.00000000E-12
   1.00000000E-12
   1.00000000E-12
   1.00000000E-12
   1.00000000E-12
   1.00000000E-12
   1.00000000E-12
