   4.50000000E-01
   4.50000000E-01
   4.50000000E-01
   4.50000000E-01
   4.50000000E-01
   4.50000000E-01
   4.50000000E-01
   4.50000000E-01
   4.50000000E-01
   4.50000000E-01
   4.50000000E-01
   4.50000000E-01
   4.50000000E-01
   4.50000000E-01
   4.50000000E-01
   4.50000000E-01
   4.50000000E-01
   4.50000000E-01
   4.50000000E-01
   4.50000000E-01
   4.50000000E-01
   4.50000000E-01
   4.50000000E-01
   4.50000000E-01
   4.50000000E-01
   4.50000000E-01
   4.50000000E-01
   4.50000000E-01
   4.50000000E-01
   4.50000000E-01
   4.50000000E-01
   4.50000000E-01
   4.50000000E-01
   4.50000000E-01
   4.50000000E-01
   4.50000000E-01
   4.50000000E-01
   4.50000000E-01
   4.50000000E-01
   4.50000000E-01
   4.50000000E-01
   4.50000000E-01
   4.50000000E-01
   4.50000000E-01
   4.50000000E-01
   4.50000000E-01
   4.50000000E-01
   4.50000000E-01
   4.50000000E-01
   4.50000000E-01
   4.50000000E-01
   4.50000000E-01
   4.50000000E-01
   4.50000000E-01
   4.50000000E-01
   4.50000000E-01
   4.50000000E-01
   4.50000000E-01
   4.50000000E-01
   4.50000000E-01
   4.50000000E-01
   4.50000000E-01
   4.50000000E-01
   4.50000000E-01
