  -3.72757942E-01
  -3.25476842E-01
  -2.29412470E-01
  -7.24127463E-02
  -3.73148276E-01
  -3.23078121E-01
  -2.21666024E-01
  -8.21675784E-02
  -3.67053099E-01
  -3.18839483E-01
  -2.26107764E-01
  -8.80596535E-02
  -3.65901924E-01
  -3.20008385E-01
  -2.27181324E-01
  -8.69683664E-02
  -3.66409929E-01
  -3.19783476E-01
  -2.26641974E-01
  -8.72246217E-02
  -3.66355362E-01
  -3.19823235E-01
  -2.26786001E-01
  -8.70954016E-02
  -3.66362586E-01
  -3.19829095E-01
  -2.26726716E-01
  -8.71416035E-02
  -3.66361903E-01
  -3.19818278E-01
  -2.26754249E-01
  -8.71255710E-02
  -3.66360866E-01
  -3.19824070E-01
  -2.26742238E-01
  -8.71328251E-02
  -3.66360391E-01
  -3.19824711E-01
  -2.26745618E-01
  -8.71292797E-02
  -3.66363305E-01
  -3.19816415E-01
  -2.26751338E-01
  -8.71289411E-02
  -3.66358853E-01
  -3.19834044E-01
  -2.26727763E-01
  -8.71393396E-02
  -3.66339155E-01
  -3.19809790E-01
  -2.26807238E-01
  -8.71038169E-02
  -3.66456573E-01
  -3.19794308E-01
  -2.26576089E-01
  -8.72330292E-02
  -3.66585780E-01
  -3.20077302E-01
  -2.26799311E-01
  -8.65976070E-02
  -3.66064055E-01
  -3.19602444E-01
  -2.26813882E-01
  -8.75796190E-02
