   3.28333244E-01
   9.83848765E-01
   1.64010604E+00
   2.26561506E+00
   3.04034526E-01
   9.12179930E-01
   1.51300347E+00
   2.12084465E+00
   2.82616259E-01
   8.46558921E-01
   1.41410367E+00
   1.98008284E+00
   2.61519606E-01
   7.85828522E-01
   1.30867713E+00
   1.83226694E+00
   2.41048385E-01
   7.22301797E-01
   1.20430520E+00
   1.68593457E+00
   2.19761835E-01
   6.59799031E-01
   1.09941622E+00
   1.53923668E+00
   1.99031308E-01
   5.96792207E-01
   9.94789143E-01
   1.39266750E+00
   1.77964527E-01
   5.34062622E-01
   8.90033213E-01
   1.24606602E+00
   1.57090746E-01
   4.71187111E-01
   7.85339633E-01
   1.09947657E+00
   1.36115295E-01
   4.08375945E-01
   6.80635300E-01
   9.52861223E-01
   1.15184335E-01
   3.45559618E-01
   5.75885280E-01
   8.06310548E-01
   9.42413269E-02
   2.82697441E-01
   4.71257923E-01
   6.59614608E-01
   7.32995638E-02
   2.19923178E-01
   3.66388085E-01
   5.13230472E-01
   5.23707865E-02
   1.57097047E-01
   2.61960969E-01
   3.66154311E-01
   3.13395388E-02
   9.41027734E-02
   1.57002187E-01
   2.20849915E-01
   1.03875450E-02
   3.09947898E-02
   5.13584877E-02
   7.17005352E-02
