   7.26668248E-01
   2.17809575E+00
   3.63192370E+00
   5.02733070E+00
   6.77669608E-01
   2.03290976E+00
   3.37485578E+00
   4.71915546E+00
   6.28908811E-01
   1.88383783E+00
   3.14097419E+00
   4.39844024E+00
   5.81157951E-01
   1.74521097E+00
   2.90855061E+00
   4.07225740E+00
   5.35440252E-01
   1.60543966E+00
   2.67601651E+00
   3.74633047E+00
   4.88521255E-01
   1.46605704E+00
   2.44323271E+00
   3.42058328E+00
   4.42191106E-01
   1.32629280E+00
   2.21060466E+00
   3.09480032E+00
   3.95535886E-01
   1.18676090E+00
   1.97786933E+00
   2.76904330E+00
   3.49058443E-01
   1.04710229E+00
   1.74519709E+00
   2.44326951E+00
   3.02494095E-01
   9.07499709E-01
   1.51250766E+00
   2.11749529E+00
   2.55957803E-01
   7.67898687E-01
   1.27978399E+00
   1.79174458E+00
   2.09431601E-01
   6.28237991E-01
   1.04716692E+00
   1.46593359E+00
   1.62890077E-01
   4.88724898E-01
   8.14324106E-01
   1.14023992E+00
   1.16303965E-01
   3.48935647E-01
   5.81950571E-01
   8.14303297E-01
   6.96964797E-02
   2.09113530E-01
   3.48516714E-01
   4.89187877E-01
   2.32718153E-02
   6.96818598E-02
   1.15996432E-01
   1.63023513E-01
