   2.96118212E-03
   8.23483677E-03
   1.27563803E-02
   7.36942569E-03
  -2.03732687E-03
  -5.84325299E-03
  -1.26258445E-02
  -6.16734051E-03
  -8.72679924E-04
  -2.59578412E-03
   1.47839831E-03
   1.74385833E-03
  -3.26948737E-06
   1.07463541E-03
  -3.79213560E-04
  -5.53090346E-04
   2.22825452E-04
  -3.24555276E-04
   2.17264507E-04
   1.90792177E-04
  -1.61621559E-04
   1.63024487E-04
  -8.55628117E-05
  -5.73356419E-05
   1.00690490E-04
  -8.78932927E-05
   3.78828007E-05
   1.63439237E-05
  -5.91594008E-05
   4.49276651E-05
  -1.77488045E-05
  -7.70219661E-06
   3.21037565E-05
  -1.98223047E-05
   2.09591374E-06
   1.17554957E-05
  -1.56623556E-05
   2.39085203E-06
   1.52299521E-05
  -2.59002501E-05
   7.38705346E-06
   1.15759583E-05
  -3.89208082E-05
   5.66388285E-05
  -6.42972507E-06
  -2.14551871E-05
   7.29102521E-05
  -1.23352782E-04
  -2.15782993E-06
  -6.72402218E-06
  -1.28361670E-04
   2.72236727E-04
   7.55603473E-05
   1.68901458E-04
   1.84914814E-04
  -6.27051282E-04
  -5.30601081E-05
   3.74383252E-06
   3.77034244E-04
   1.58971275E-03
  -1.88381960E-04
  -8.04549250E-04
  -1.86645896E-03
  -3.68899091E-03
