   4.85000000E-01
   4.85000000E-01
   4.85000000E-01
   4.85000000E-01
   4.85000000E-01
   4.85000000E-01
   4.85000000E-01
   4.85000000E-01
   4.85000000E-01
   4.85000000E-01
   4.85000000E-01
   4.85000000E-01
   4.85000000E-01
   4.85000000E-01
   4.85000000E-01
   4.85000000E-01
   4.85000000E-01
   4.85000000E-01
   4.85000000E-01
   4.85000000E-01
   4.85000000E-01
   4.85000000E-01
   4.85000000E-01
   4.85000000E-01
   4.85000000E-01
   4.85000000E-01
   4.85000000E-01
   4.85000000E-01
   4.85000000E-01
   4.85000000E-01
   4.85000000E-01
   4.85000000E-01
   4.85000000E-01
   4.85000000E-01
   4.85000000E-01
   4.85000000E-01
   4.85000000E-01
   4.85000000E-01
   4.85000000E-01
   4.85000000E-01
   4.85000000E-01
   4.85000000E-01
   4.85000000E-01
   4.85000000E-01
   4.85000000E-01
   4.85000000E-01
   4.85000000E-01
   4.85000000E-01
   4.85000000E-01
   4.85000000E-01
   4.85000000E-01
   4.85000000E-01
   4.85000000E-01
   4.85000000E-01
   4.85000000E-01
   4.85000000E-01
   4.85000000E-01
   4.85000000E-01
   4.85000000E-01
   4.85000000E-01
   4.85000000E-01
   4.85000000E-01
   4.85000000E-01
   4.85000000E-01
