   2.67055470E-03
   7.28781895E-03
   1.18683120E-02
   7.80534257E-03
  -1.77668242E-03
  -4.53030825E-03
  -1.10393898E-02
  -5.76787928E-03
  -5.72506303E-04
  -2.56565900E-03
   1.51788139E-03
   1.75848878E-03
  -2.14279162E-04
   1.20709790E-03
  -4.85440832E-04
  -5.85046655E-04
   3.99765748E-04
  -4.87114309E-04
   3.00411718E-04
   1.99703640E-04
  -3.14809015E-04
   2.91556277E-04
  -1.57692754E-04
  -5.50499497E-05
   2.21263013E-04
  -1.84758682E-04
   9.23439209E-05
   1.05805657E-05
  -1.46832686E-04
   1.12592267E-04
  -5.32755292E-05
  -4.60464572E-06
   9.06727619E-05
  -6.06477352E-05
   1.79421344E-05
   1.63117062E-05
  -5.05430140E-05
   1.91592776E-05
   2.10810344E-05
  -4.35494346E-05
   2.51661698E-05
   1.56547470E-05
  -6.95866048E-05
   9.58973407E-05
  -1.42951827E-05
  -4.07159732E-05
   1.31451409E-04
  -2.00160820E-04
  -5.28997182E-06
   2.16077236E-06
  -2.20403363E-04
   4.17697083E-04
   1.16530481E-04
   2.36509476E-04
   2.99552024E-04
  -9.09203902E-04
  -5.42486112E-05
   7.19962230E-05
   5.61311863E-04
   2.20045977E-03
  -3.74466507E-04
  -1.37534193E-03
  -2.78449852E-03
  -4.93898677E-03
