   3.53805647E-01
   1.06003844E+00
   1.76787433E+00
   2.44736781E+00
   3.27958323E-01
   9.84718740E-01
   1.63362945E+00
   2.28967598E+00
   3.05267923E-01
   9.13654365E-01
   1.52642234E+00
   2.13714732E+00
   2.82076991E-01
   8.48350576E-01
   1.41240651E+00
   1.97762575E+00
   2.60349653E-01
   7.79456151E-01
   1.29993920E+00
   1.81968927E+00
   2.37050559E-01
   7.12268509E-01
   1.18657455E+00
   1.66137218E+00
   2.14935523E-01
   6.44051140E-01
   1.07376858E+00
   1.50315150E+00
   1.92003783E-01
   5.76498310E-01
   9.60614023E-01
   1.34493628E+00
   1.69606562E-01
   5.08533733E-01
   8.47665521E-01
   1.18670946E+00
   1.46885948E-01
   4.40791269E-01
   7.34640028E-01
   1.02845168E+00
   1.24334240E-01
   3.72982447E-01
   6.21551084E-01
   8.70308702E-01
   1.01718068E-01
   3.05103274E-01
   5.08699081E-01
   7.11899076E-01
   7.91113704E-02
   2.37403298E-01
   3.95373945E-01
   5.54040345E-01
   5.65418122E-02
   1.69564284E-01
   2.82867948E-01
   3.95029067E-01
   3.37857352E-02
   1.01518236E-01
   1.69422932E-01
   2.38803359E-01
   1.11078845E-02
   3.31152371E-02
   5.48891633E-02
   7.68523878E-02
