  -3.71374844E-01
  -3.24295735E-01
  -2.28989889E-01
  -7.53995318E-02
  -3.72200629E-01
  -3.22744899E-01
  -2.22547703E-01
  -8.25667688E-02
  -3.67147675E-01
  -3.19044781E-01
  -2.26113268E-01
  -8.77542761E-02
  -3.66110984E-01
  -3.20101162E-01
  -2.27127601E-01
  -8.67202530E-02
  -3.66582515E-01
  -3.19888233E-01
  -2.26596712E-01
  -8.69925397E-02
  -3.66523549E-01
  -3.19920554E-01
  -2.26762009E-01
  -8.68538882E-02
  -3.66530192E-01
  -3.19934245E-01
  -2.26685188E-01
  -8.69103750E-02
  -3.66531479E-01
  -3.19916360E-01
  -2.26726821E-01
  -8.68853401E-02
  -3.66529217E-01
  -3.19926808E-01
  -2.26703791E-01
  -8.69001847E-02
  -3.66528620E-01
  -3.19926665E-01
  -2.26714606E-01
  -8.68901094E-02
  -3.66533380E-01
  -3.19914080E-01
  -2.26717975E-01
  -8.68945647E-02
  -3.66526369E-01
  -3.19941444E-01
  -2.26687365E-01
  -8.69048222E-02
  -3.66495373E-01
  -3.19905057E-01
  -2.26799957E-01
  -8.68596131E-02
  -3.66669740E-01
  -3.19880498E-01
  -2.26475111E-01
  -8.70346519E-02
  -3.66898405E-01
  -3.20294587E-01
  -2.26735535E-01
  -8.61314733E-02
  -3.66057030E-01
  -3.19604894E-01
  -2.26856468E-01
  -8.75416081E-02
