   7.26825626E-01
   2.17835844E+00
   3.63323339E+00
   5.03831385E+00
   6.77979411E-01
   2.03487823E+00
   3.37934754E+00
   4.72674929E+00
   6.29990904E-01
   1.88638909E+00
   3.14574467E+00
   4.40473084E+00
   5.81816323E-01
   1.74796935E+00
   2.91266382E+00
   4.07816391E+00
   5.36403643E-01
   1.60761320E+00
   2.67998660E+00
   3.75173694E+00
   4.89078849E-01
   1.46830331E+00
   2.44670316E+00
   3.42556469E+00
   4.42944763E-01
   1.32812525E+00
   2.21386349E+00
   3.09927085E+00
   3.96030921E-01
   1.18854372E+00
   1.98070075E+00
   2.77306909E+00
   3.49613579E-01
   1.04858381E+00
   1.74774602E+00
   2.44680731E+00
   3.02908167E-01
   9.08828818E-01
   1.51470063E+00
   2.12056248E+00
   2.56334092E-01
   7.69020318E-01
   1.28161821E+00
   1.79435504E+00
   2.09742270E-01
   6.29119632E-01
   1.04873263E+00
   1.46803331E+00
   1.63121518E-01
   4.89489175E-01
   8.15424414E-01
   1.14193353E+00
   1.16464526E-01
   3.49380572E-01
   5.82933331E-01
   8.15402126E-01
   6.97155583E-02
   2.09243953E-01
   3.48764322E-01
   4.90177600E-01
   2.32773210E-02
   6.96541814E-02
   1.15958031E-01
   1.63397518E-01
