   3.65433514E-01
   1.08509618E+00
   1.76151552E+00
   2.15430293E+00
   3.04537834E-01
   9.03114608E-01
   1.44540496E+00
   2.04720613E+00
   2.68746009E-01
   7.99556241E-01
   1.33987442E+00
   1.89300862E+00
   2.45740391E-01
   7.40900964E-01
   1.24085178E+00
   1.74984372E+00
   2.27868936E-01
   6.84593074E-01
   1.14488413E+00
   1.60821216E+00
   2.08912660E-01
   6.27374660E-01
   1.04700847E+00
   1.46783666E+00
   1.89476583E-01
   5.68572826E-01
   9.48061116E-01
   1.32788139E+00
   1.69679931E-01
   5.09075128E-01
   8.48536673E-01
   1.18807763E+00
   1.49772845E-01
   4.49305442E-01
   7.48810626E-01
   1.04830068E+00
   1.29839336E-01
   3.89478032E-01
   6.49034256E-01
   9.08511563E-01
   1.09895210E-01
   3.29649833E-01
   5.49246214E-01
   7.68681882E-01
   8.99001762E-02
   2.69638210E-01
   4.49351155E-01
   6.28738675E-01
   6.94037687E-02
   2.08859579E-01
   3.48646703E-01
   4.88468073E-01
   4.82312390E-02
   1.44861411E-01
   2.45260678E-01
   3.46417364E-01
   2.57691635E-02
   7.75768670E-02
   1.28119874E-01
   1.97186751E-01
   1.65147479E-03
   3.99505996E-03
   3.92520440E-03
  -1.59428017E-02
