   7.05339577E-01
   2.09788652E+00
   3.41734268E+00
   4.32907636E+00
   6.28543397E-01
   1.86654103E+00
   3.01505293E+00
   4.16184938E+00
   5.64808378E-01
   1.68107047E+00
   2.78931253E+00
   3.88850724E+00
   5.14757628E-01
   1.54522518E+00
   2.57391936E+00
   3.60443136E+00
   4.72971017E-01
   1.41909937E+00
   2.36689993E+00
   3.31567872E+00
   4.31848660E-01
   1.29603524E+00
   2.16103681E+00
   3.02675941E+00
   3.90940738E-01
   1.17297720E+00
   1.95541944E+00
   2.73813291E+00
   3.49889456E-01
   1.04973107E+00
   1.74969523E+00
   2.44975720E+00
   3.08773194E-01
   9.26327632E-01
   1.54390094E+00
   2.16149028E+00
   2.67618604E-01
   8.02845808E-01
   1.33806055E+00
   1.87326140E+00
   2.26409820E-01
   6.79268681E-01
   1.13215215E+00
   1.58506138E+00
   1.85080928E-01
   5.55357151E-01
   9.26063336E-01
   1.29696246E+00
   1.43235760E-01
   4.30653463E-01
   7.19298764E-01
   1.00924439E+00
   1.01120619E-01
   3.03737688E-01
   5.11226188E-01
   7.22049685E-01
   5.92849471E-02
   1.78264609E-01
   2.96257124E-01
   4.35424921E-01
   2.02207189E-02
   6.02327407E-02
   9.92729459E-02
   1.17223036E-01
