   4.81315848E-02
   1.39425196E-01
   2.14648081E-01
   1.12785341E-01
  -6.30337101E-04
  -4.44905801E-03
  -3.48365078E-02
   5.91941800E-02
  -1.06928944E-02
  -3.25009010E-02
  -2.66848604E-02
   1.46033066E-02
  -8.07641055E-03
  -1.75943257E-02
  -1.54620749E-02
   3.49383521E-03
  -3.13815882E-03
  -7.56725928E-03
  -6.31409181E-03
   2.22640857E-04
  -1.10090807E-03
  -2.47923600E-03
  -2.25645715E-03
  -2.92070662E-04
  -2.67371889E-04
  -6.62090721E-04
  -6.54253664E-04
  -2.33131811E-04
  -3.39283073E-05
  -9.16338655E-05
  -1.35078746E-04
  -1.12598228E-04
   3.67946883E-05
   7.53422699E-05
   3.84954606E-05
  -4.55819659E-05
   9.13668177E-05
   2.01681712E-04
   1.54406851E-04
  -4.16824583E-05
   1.78242050E-04
   4.21695439E-04
   3.14275079E-04
  -1.50282746E-04
   2.80259845E-04
   5.97920877E-04
   4.33891573E-04
  -5.94060298E-04
  -1.35205837E-04
  -1.51563147E-05
  -4.39582225E-04
  -2.09372535E-03
  -1.67476578E-03
  -5.05436616E-03
  -5.53406778E-03
  -7.78707884E-03
  -6.15265124E-03
  -1.83123056E-02
  -3.20924347E-02
  -2.88542990E-02
  -1.68156162E-02
  -5.19955037E-02
  -9.11797409E-02
  -1.50094793E-01
