  -4.67693614E-01
  -3.91437308E-01
  -2.22267267E-01
   8.13381890E-02
  -4.22359962E-01
  -3.49855908E-01
  -2.07605252E-01
  -2.02388777E-02
  -3.83323627E-01
  -3.25099899E-01
  -2.17808820E-01
  -7.38276535E-02
  -3.63410263E-01
  -3.16082682E-01
  -2.25332773E-01
  -9.52342822E-02
  -3.55776556E-01
  -3.12990467E-01
  -2.28410672E-01
  -1.02882305E-01
  -3.53439502E-01
  -3.12047908E-01
  -2.29335761E-01
  -1.05236829E-01
  -3.52906981E-01
  -3.11806629E-01
  -2.29506332E-01
  -1.05840058E-01
  -3.52861447E-01
  -3.11763687E-01
  -2.29492618E-01
  -1.05942248E-01
  -3.52912860E-01
  -3.11770668E-01
  -2.29454620E-01
  -1.05921851E-01
  -3.53005094E-01
  -3.11800872E-01
  -2.29408214E-01
  -1.05845820E-01
  -3.53213623E-01
  -3.11880984E-01
  -2.29314354E-01
  -1.05651039E-01
  -3.53699903E-01
  -3.12087565E-01
  -2.29109246E-01
  -1.05163286E-01
  -3.54606444E-01
  -3.12557105E-01
  -2.28779046E-01
  -1.04117406E-01
  -3.55534189E-01
  -3.13354851E-01
  -2.28693731E-01
  -1.02477228E-01
  -3.54338433E-01
  -3.13079804E-01
  -2.29938177E-01
  -1.02703585E-01
  -3.46157501E-01
  -3.07623662E-01
  -2.30783116E-01
  -1.15495721E-01
