64
1.1987500e+03 -7.9937500e+02 0.0000000e+00
1.1987500e+03 -7.9687500e+02 0.0000000e+00
1.1987500e+03 -7.9437500e+02 0.0000000e+00
1.1987500e+03 -7.9187500e+02 0.0000000e+00
1.1987500e+03 -7.8937500e+02 0.0000000e+00
1.1987500e+03 -7.8687500e+02 0.0000000e+00
1.1987500e+03 -7.8437500e+02 0.0000000e+00
1.1987500e+03 -7.8187500e+02 0.0000000e+00
1.1987500e+03 -7.7937500e+02 0.0000000e+00
1.1987500e+03 -7.7687500e+02 0.0000000e+00
1.1987500e+03 -7.7437500e+02 0.0000000e+00
1.1987500e+03 -7.7187500e+02 0.0000000e+00
1.1987500e+03 -7.6937500e+02 0.0000000e+00
1.1987500e+03 -7.6687500e+02 0.0000000e+00
1.1987500e+03 -7.6437500e+02 0.0000000e+00
1.1987500e+03 -7.6187500e+02 0.0000000e+00
1.1987500e+03 -7.5937500e+02 0.0000000e+00
1.1987500e+03 -7.5687500e+02 0.0000000e+00
1.1987500e+03 -7.5437500e+02 0.0000000e+00
1.1987500e+03 -7.5187500e+02 0.0000000e+00
1.1987500e+03 -7.4937500e+02 0.0000000e+00
1.1987500e+03 -7.4687500e+02 0.0000000e+00
1.1987500e+03 -7.4437500e+02 0.0000000e+00
1.1987500e+03 -7.4187500e+02 0.0000000e+00
1.1987500e+03 -7.3937500e+02 0.0000000e+00
1.1987500e+03 -7.3687500e+02 0.0000000e+00
1.1987500e+03 -7.3437500e+02 0.0000000e+00
1.1987500e+03 -7.3187500e+02 0.0000000e+00
1.1987500e+03 -7.2937500e+02 0.0000000e+00
1.1987500e+03 -7.2687500e+02 0.0000000e+00
1.1987500e+03 -7.2437500e+02 0.0000000e+00
1.1987500e+03 -7.2187500e+02 0.0000000e+00
1.1987500e+03 -7.1937500e+02 0.0000000e+00
1.1987500e+03 -7.1687500e+02 0.0000000e+00
1.1987500e+03 -7.1437500e+02 0.0000000e+00
1.1987500e+03 -7.1187500e+02 0.0000000e+00
1.1987500e+03 -7.0937500e+02 0.0000000e+00
1.1987500e+03 -7.0687500e+02 0.0000000e+00
1.1987500e+03 -7.0437500e+02 0.0000000e+00
1.1987500e+03 -7.0187500e+02 0.0000000e+00
1.1987500e+03 -6.9937500e+02 0.0000000e+00
1.1987500e+03 -6.9687500e+02 0.0000000e+00
1.1987500e+03 -6.9437500e+02 0.0000000e+00
1.1987500e+03 -6.9187500e+02 0.0000000e+00
1.1987500e+03 -6.8937500e+02 0.0000000e+00
1.1987500e+03 -6.8687500e+02 0.0000000e+00
1.1987500e+03 -6.8437500e+02 0.0000000e+00
1.1987500e+03 -6.8187500e+02 0.0000000e+00
1.1987500e+03 -6.7937500e+02 0.0000000e+00
1.1987500e+03 -6.7687500e+02 0.0000000e+00
1.1987500e+03 -6.7437500e+02 0.0000000e+00
1.1987500e+03 -6.7187500e+02 0.0000000e+00
1.1987500e+03 -6.6937500e+02 0.0000000e+00
1.1987500e+03 -6.6687500e+02 0.0000000e+00
1.1987500e+03 -6.6437500e+02 0.0000000e+00
1.1987500e+03 -6.6187500e+02 0.0000000e+00
1.1987500e+03 -6.5937500e+02 0.0000000e+00
1.1987500e+03 -6.5687500e+02 0.0000000e+00
1.1987500e+03 -6.5437500e+02 0.0000000e+00
1.1987500e+03 -6.5187500e+02 0.0000000e+00
1.1987500e+03 -6.4937500e+02 0.0000000e+00
1.1987500e+03 -6.4687500e+02 0.0000000e+00
1.1987500e+03 -6.4437500e+02 0.0000000e+00
1.1987500e+03 -6.4187500e+02 0.0000000e+00
