*type_process{
HYDRO-GEOMECH-COUPLING
}
*title{
EXPER. RESERVOIR + HIERARCHI MESH
}
*exec{
         1
}
*iprtin{
         0
}
*nsd{
         2
}
*geomech{
         1
}
*irregMesh{
         1
}
*Dirichlet{
         0
}
*Neumann{
         1
}
*I4SeaLoad{
         1
}
*numnp{
     17809
}
*numel{
     17612
}
*nelx{
       240
}
*nely{
        32
}
*numnpReserv{
      7953
}
*numelReserv{
      7680
}
*nelxReserv{
       240
}
*nelyReserv{
        32
}
*nlvectP{
         1
}
*nlvectV{
         1
}
*nlvectD{
         1
}
*include{
coordenadas.inc
}
*codigos_cond_contorno_veloc{
         1       240         1         1
       241     15152       481         1
     15393     15632         1         1
         0
}
*valores_cond_contorno_veloc{
       241         2 4.688e-03
                     4.688e-03
        31       481
         0
}
*codigos_cond_contorno_desloc{
      8946      8946         1         1         1
      8947      8947         1         1         1
      8948      8948         1         1         1
      8949      8949         1         1         1
      8950      8950         1         1         1
      8951      8951         1         1         1
      8952      8952         1         1         1
      8953      8953         1         1         1
      8954      8954         1         1         1
      8955      8955         1         1         1
      8956      8956         1         1         1
      8957      8957         1         1         1
      8958      8958         1         1         1
      8959      8959         1         1         1
      8960      8960         1         1         1
      8961      8961         1         1         1
      8962      8962         1         1         1
      8963      8963         1         1         1
      8964      8964         1         1         1
      8965      8965         1         1         1
      8966      8966         1         1         1
      8967      8967         1         1         1
      8968      8968         1         1         1
      8969      8969         1         1         1
      8970      8970         1         1         1
      8971      8971         1         1         1
      8972      8972         1         1         1
      8973      8973         1         1         1
      8974      8974         1         1         1
      8975      8975         1         1         1
      8976      8976         1         1         1
      8977      8977         1         1         1
      8978      8978         1         1         1
      8979      8979         1         1         1
      8980      8980         1         1         1
      8981      8981         1         1         1
      8982      8982         1         1         1
      8983      8983         1         1         1
      8984      8984         1         1         1
      8985      8985         1         1         1
      8986      8986         1         1         1
      8987      8987         1         1         1
      8988      8988         1         1         1
      8989      8989         1         1         1
      8990      8990         1         1         1
      8991      8991         1         1         1
      8992      8992         1         1         1
      8993      8993         1         1         1
      8994      8994         1         1         1
      8995      8995         1         1         1
      8996      8996         1         1         1
      8997      8997         1         1         1
      8998      8998         1         1         1
      8999      8999         1         1         1
      9000      9000         1         1         1
      9001      9001         1         1         1
      9002      9002         1         1         1
      9003      9003         1         1         1
      9004      9004         1         1         1
      9005      9005         1         1         1
      9006      9006         1         1         1
      9007      9007         1         1         1
      9008      9008         1         1         1
      9009      9009         1         1         1
      9010      9010         1         1         1
      9011      9011         1         1         1
      9012      9012         1         1         1
      9013      9013         1         1         1
      9014      9014         1         1         1
      9015      9015         1         1         1
      9016      9016         1         1         1
      9017      9017         1         1         1
      9018      9018         1         1         1
      9019      9019         1         1         1
      9020      9020         1         1         1
      9021      9021         1         1         1
      9022      9022         1         1         1
      9023      9023         1         1         1
      9024      9024         1         1         1
      9025      9025         1         1         1
      9026      9026         1         1         1
      9027      9027         1         1         1
      9028      9028         1         1         1
      9029      9029         1         1         1
      9030      9030         1         1         1
      9031      9031         1         1         1
      9032      9032         1         1         1
      9033      9033         1         1         1
      9034      9034         1         1         1
      9035      9035         1         1         1
      9036      9036         1         1         1
      9037      9037         1         1         1
      9038      9038         1         1         1
      9039      9039         1         1         1
      9040      9040         1         1         1
      9041      9041         1         1         1
      9042      9042         1         1         1
      9043      9043         1         1         1
      9044      9044         1         1         1
      9045      9045         1         1         1
      9046      9046         1         1         1
      9047      9047         1         1         1
      9048      9048         1         1         1
      9049      9049         1         1         1
      9050      9050         1         1         1
      9051      9051         1         1         1
      9052      9052         1         1         1
      9053      9053         1         1         1
      9054      9054         1         1         1
      9055      9055         1         1         1
      9056      9056         1         1         1
      9057      9057         1         1         1
      9058      9058         1         1         1
      9059      9059         1         1         1
      9060      9060         1         1         1
      9061      9061         1         1         1
      9062      9062         1         1         1
      9063      9063         1         1         1
      9064      9064         1         1         1
      9065      9065         1         1         1
      9066      9066         1         1         1
      9067      9067         1         1         1
      9068      9068         1         1         1
      9069      9069         1         1         1
      9070      9070         1         1         1
      9071      9071         1         1         1
      9072      9072         1         1         1
      9073      9073         1         1         1
      9074      9074         1         1         1
      9075      9075         1         1         1
      9076      9076         1         1         1
      9077      9077         1         1         1
      9078      9078         1         1         1
      9079      9079         1         1         1
      9080      9080         1         1         1
      9081      9081         1         1         1
      9082      9082         1         1         1
      9083      9083         1         1         1
      9084      9084         1         1         1
      9085      9085         1         1         1
      9086      9086         1         1         1
      8041      8041         1         1         0
      8153      8153         1         1         0
      8267      8267         1         1         0
      8379      8379         1         1         0
      8493      8493         1         1         0
      8605      8605         1         1         0
      8719      8719         1         1         0
      8831      8831         1         1         0
      8945      8945         1         1         0
      9227      9227         1         1         0
      9368      9368         1         1         0
      9509      9509         1         1         0
      9650      9650         1         1         0
      9791      9791         1         1         0
      9932      9932         1         1         0
     10073     10073         1         1         0
     10214     10214         1         1         0
     10355     10355         1         1         0
     10496     10496         1         1         0
     10637     10637         1         1         0
     10778     10778         1         1         0
     10919     10919         1         1         0
     11225     11225         1         1         0
     11561     11561         1         1         0
     13142     13142         1         1         0
     13480     13480         1         1         0
     13720     13720         1         1         0
     13861     13861         1         1         0
     14002     14002         1         1         0
     14143     14143         1         1         0
     14284     14284         1         1         0
     14425     14425         1         1         0
     14566     14566         1         1         0
     14707     14707         1         1         0
     14848     14848         1         1         0
     14989     14989         1         1         0
     15130     15130         1         1         0
     15271     15271         1         1         0
     15412     15412         1         1         0
     15553     15553         1         1         0
     15694     15694         1         1         0
     15835     15835         1         1         0
     15976     15976         1         1         0
     16117     16117         1         1         0
     16258     16258         1         1         0
     16399     16399         1         1         0
     16540     16540         1         1         0
     16681     16681         1         1         0
     16822     16822         1         1         0
     16963     16963         1         1         0
     17104     17104         1         1         0
     17245     17245         1         1         0
     17386     17386         1         1         0
     17527     17527         1         1         0
     17668     17668         1         1         0
     17809     17809         1         1         0
      7954      7954         1         1         0
      8068      8068         1         1         0
      8180      8180         1         1         0
      8294      8294         1         1         0
      8406      8406         1         1         0
      8520      8520         1         1         0
      8632      8632         1         1         0
      8746      8746         1         1         0
      8858      8858         1         1         0
      9148      9148         1         1         0
      9289      9289         1         1         0
      9430      9430         1         1         0
      9571      9571         1         1         0
      9712      9712         1         1         0
      9853      9853         1         1         0
      9994      9994         1         1         0
     10135     10135         1         1         0
     10276     10276         1         1         0
     10417     10417         1         1         0
     10558     10558         1         1         0
     10699     10699         1         1         0
     10840     10840         1         1         0
     11140     11140         1         1         0
     11478     11478         1         1         0
     13059     13059         1         1         0
     13395     13395         1         1         0
     13641     13641         1         1         0
     13782     13782         1         1         0
     13923     13923         1         1         0
     14064     14064         1         1         0
     14205     14205         1         1         0
     14346     14346         1         1         0
     14487     14487         1         1         0
     14628     14628         1         1         0
     14769     14769         1         1         0
     14910     14910         1         1         0
     15051     15051         1         1         0
     15192     15192         1         1         0
     15333     15333         1         1         0
     15474     15474         1         1         0
     15615     15615         1         1         0
     15756     15756         1         1         0
     15897     15897         1         1         0
     16038     16038         1         1         0
     16179     16179         1         1         0
     16320     16320         1         1         0
     16461     16461         1         1         0
     16602     16602         1         1         0
     16743     16743         1         1         0
     16884     16884         1         1         0
     17025     17025         1         1         0
     17166     17166         1         1         0
     17307     17307         1         1         0
     17448     17448         1         1         0
     17589     17589         1         1         0
     17730     17730         1         1         0
     17669     17669         1         0         0
     17670     17670         1         0         0
     17671     17671         1         0         0
     17672     17672         1         0         0
     17673     17673         1         0         0
     17674     17674         1         0         0
     17675     17675         1         0         0
     17676     17676         1         0         0
     17677     17677         1         0         0
     17678     17678         1         0         0
     17679     17679         1         0         0
     17680     17680         1         0         0
     17681     17681         1         0         0
     17682     17682         1         0         0
     17683     17683         1         0         0
     17684     17684         1         0         0
     17685     17685         1         0         0
     17686     17686         1         0         0
     17687     17687         1         0         0
     17688     17688         1         0         0
     17689     17689         1         0         0
     17690     17690         1         0         0
     17691     17691         1         0         0
     17692     17692         1         0         0
     17693     17693         1         0         0
     17694     17694         1         0         0
     17695     17695         1         0         0
     17696     17696         1         0         0
     17697     17697         1         0         0
     17698     17698         1         0         0
     17699     17699         1         0         0
     17700     17700         1         0         0
     17701     17701         1         0         0
     17702     17702         1         0         0
     17703     17703         1         0         0
     17704     17704         1         0         0
     17705     17705         1         0         0
     17706     17706         1         0         0
     17707     17707         1         0         0
     17708     17708         1         0         0
     17709     17709         1         0         0
     17710     17710         1         0         0
     17711     17711         1         0         0
     17712     17712         1         0         0
     17713     17713         1         0         0
     17714     17714         1         0         0
     17715     17715         1         0         0
     17716     17716         1         0         0
     17717     17717         1         0         0
     17718     17718         1         0         0
     17719     17719         1         0         0
     17720     17720         1         0         0
     17721     17721         1         0         0
     17722     17722         1         0         0
     17723     17723         1         0         0
     17724     17724         1         0         0
     17725     17725         1         0         0
     17726     17726         1         0         0
     17727     17727         1         0         0
     17728     17728         1         0         0
     17729     17729         1         0         0
     17730     17730         1         0         0
     17731     17731         1         0         0
     17732     17732         1         0         0
     17733     17733         1         0         0
     17734     17734         1         0         0
     17735     17735         1         0         0
     17736     17736         1         0         0
     17737     17737         1         0         0
     17738     17738         1         0         0
     17739     17739         1         0         0
     17740     17740         1         0         0
     17741     17741         1         0         0
     17742     17742         1         0         0
     17743     17743         1         0         0
     17744     17744         1         0         0
     17745     17745         1         0         0
     17746     17746         1         0         0
     17747     17747         1         0         0
     17748     17748         1         0         0
     17749     17749         1         0         0
     17750     17750         1         0         0
     17751     17751         1         0         0
     17752     17752         1         0         0
     17753     17753         1         0         0
     17754     17754         1         0         0
     17755     17755         1         0         0
     17756     17756         1         0         0
     17757     17757         1         0         0
     17758     17758         1         0         0
     17759     17759         1         0         0
     17760     17760         1         0         0
     17761     17761         1         0         0
     17762     17762         1         0         0
     17763     17763         1         0         0
     17764     17764         1         0         0
     17765     17765         1         0         0
     17766     17766         1         0         0
     17767     17767         1         0         0
     17768     17768         1         0         0
     17769     17769         1         0         0
     17770     17770         1         0         0
     17771     17771         1         0         0
     17772     17772         1         0         0
     17773     17773         1         0         0
     17774     17774         1         0         0
     17775     17775         1         0         0
     17776     17776         1         0         0
     17777     17777         1         0         0
     17778     17778         1         0         0
     17779     17779         1         0         0
     17780     17780         1         0         0
     17781     17781         1         0         0
     17782     17782         1         0         0
     17783     17783         1         0         0
     17784     17784         1         0         0
     17785     17785         1         0         0
     17786     17786         1         0         0
     17787     17787         1         0         0
     17788     17788         1         0         0
     17789     17789         1         0         0
     17790     17790         1         0         0
     17791     17791         1         0         0
     17792     17792         1         0         0
     17793     17793         1         0         0
     17794     17794         1         0         0
     17795     17795         1         0         0
     17796     17796         1         0         0
     17797     17797         1         0         0
     17798     17798         1         0         0
     17799     17799         1         0         0
     17800     17800         1         0         0
     17801     17801         1         0         0
     17802     17802         1         0         0
     17803     17803         1         0         0
     17804     17804         1         0         0
     17805     17805         1         0         0
     17806     17806         1         0         0
     17807     17807         1         0         0
     17808     17808         1         0         0
     17809     17809         1         0         0
         0
}
*valores_cond_contorno_desloc{
     17669                 0.00e+00      -1.00e+01
     17670                 0.00e+00      -2.00e+01
     17671                 0.00e+00      -2.00e+01
     17672                 0.00e+00      -2.00e+01
     17673                 0.00e+00      -2.00e+01
     17674                 0.00e+00      -2.00e+01
     17675                 0.00e+00      -2.00e+01
     17676                 0.00e+00      -2.00e+01
     17677                 0.00e+00      -2.00e+01
     17678                 0.00e+00      -2.00e+01
     17679                 0.00e+00      -2.00e+01
     17680                 0.00e+00      -2.00e+01
     17681                 0.00e+00      -2.00e+01
     17682                 0.00e+00      -2.00e+01
     17683                 0.00e+00      -2.00e+01
     17684                 0.00e+00      -2.00e+01
     17685                 0.00e+00      -2.00e+01
     17686                 0.00e+00      -2.00e+01
     17687                 0.00e+00      -2.00e+01
     17688                 0.00e+00      -2.00e+01
     17689                 0.00e+00      -2.00e+01
     17690                 0.00e+00      -2.00e+01
     17691                 0.00e+00      -2.00e+01
     17692                 0.00e+00      -2.00e+01
     17693                 0.00e+00      -2.00e+01
     17694                 0.00e+00      -2.00e+01
     17695                 0.00e+00      -2.00e+01
     17696                 0.00e+00      -2.00e+01
     17697                 0.00e+00      -2.00e+01
     17698                 0.00e+00      -2.00e+01
     17699                 0.00e+00      -2.00e+01
     17700                 0.00e+00      -2.00e+01
     17701                 0.00e+00      -2.00e+01
     17702                 0.00e+00      -2.00e+01
     17703                 0.00e+00      -2.00e+01
     17704                 0.00e+00      -2.00e+01
     17705                 0.00e+00      -2.00e+01
     17706                 0.00e+00      -2.00e+01
     17707                 0.00e+00      -2.00e+01
     17708                 0.00e+00      -2.00e+01
     17709                 0.00e+00      -2.00e+01
     17710                 0.00e+00      -2.00e+01
     17711                 0.00e+00      -2.00e+01
     17712                 0.00e+00      -2.00e+01
     17713                 0.00e+00      -2.00e+01
     17714                 0.00e+00      -2.00e+01
     17715                 0.00e+00      -2.00e+01
     17716                 0.00e+00      -2.00e+01
     17717                 0.00e+00      -2.00e+01
     17718                 0.00e+00      -2.00e+01
     17719                 0.00e+00      -2.00e+01
     17720                 0.00e+00      -2.00e+01
     17721                 0.00e+00      -2.00e+01
     17722                 0.00e+00      -2.00e+01
     17723                 0.00e+00      -2.00e+01
     17724                 0.00e+00      -2.00e+01
     17725                 0.00e+00      -2.00e+01
     17726                 0.00e+00      -2.00e+01
     17727                 0.00e+00      -2.00e+01
     17728                 0.00e+00      -2.00e+01
     17729                 0.00e+00      -2.00e+01
     17730                 0.00e+00      -2.00e+01
     17731                 0.00e+00      -2.00e+01
     17732                 0.00e+00      -2.00e+01
     17733                 0.00e+00      -2.00e+01
     17734                 0.00e+00      -2.00e+01
     17735                 0.00e+00      -2.00e+01
     17736                 0.00e+00      -2.00e+01
     17737                 0.00e+00      -2.00e+01
     17738                 0.00e+00      -2.00e+01
     17739                 0.00e+00      -2.00e+01
     17740                 0.00e+00      -2.00e+01
     17741                 0.00e+00      -2.00e+01
     17742                 0.00e+00      -2.00e+01
     17743                 0.00e+00      -2.00e+01
     17744                 0.00e+00      -2.00e+01
     17745                 0.00e+00      -2.00e+01
     17746                 0.00e+00      -2.00e+01
     17747                 0.00e+00      -2.00e+01
     17748                 0.00e+00      -2.00e+01
     17749                 0.00e+00      -2.00e+01
     17750                 0.00e+00      -2.00e+01
     17751                 0.00e+00      -2.00e+01
     17752                 0.00e+00      -2.00e+01
     17753                 0.00e+00      -2.00e+01
     17754                 0.00e+00      -2.00e+01
     17755                 0.00e+00      -2.00e+01
     17756                 0.00e+00      -2.00e+01
     17757                 0.00e+00      -2.00e+01
     17758                 0.00e+00      -2.00e+01
     17759                 0.00e+00      -2.00e+01
     17760                 0.00e+00      -2.00e+01
     17761                 0.00e+00      -2.00e+01
     17762                 0.00e+00      -2.00e+01
     17763                 0.00e+00      -2.00e+01
     17764                 0.00e+00      -2.00e+01
     17765                 0.00e+00      -2.00e+01
     17766                 0.00e+00      -2.00e+01
     17767                 0.00e+00      -2.00e+01
     17768                 0.00e+00      -2.00e+01
     17769                 0.00e+00      -2.00e+01
     17770                 0.00e+00      -2.00e+01
     17771                 0.00e+00      -2.00e+01
     17772                 0.00e+00      -2.00e+01
     17773                 0.00e+00      -2.00e+01
     17774                 0.00e+00      -2.00e+01
     17775                 0.00e+00      -2.00e+01
     17776                 0.00e+00      -2.00e+01
     17777                 0.00e+00      -2.00e+01
     17778                 0.00e+00      -2.00e+01
     17779                 0.00e+00      -2.00e+01
     17780                 0.00e+00      -2.00e+01
     17781                 0.00e+00      -2.00e+01
     17782                 0.00e+00      -2.00e+01
     17783                 0.00e+00      -2.00e+01
     17784                 0.00e+00      -2.00e+01
     17785                 0.00e+00      -2.00e+01
     17786                 0.00e+00      -2.00e+01
     17787                 0.00e+00      -2.00e+01
     17788                 0.00e+00      -2.00e+01
     17789                 0.00e+00      -2.00e+01
     17790                 0.00e+00      -2.00e+01
     17791                 0.00e+00      -2.00e+01
     17792                 0.00e+00      -2.00e+01
     17793                 0.00e+00      -2.00e+01
     17794                 0.00e+00      -2.00e+01
     17795                 0.00e+00      -2.00e+01
     17796                 0.00e+00      -2.00e+01
     17797                 0.00e+00      -2.00e+01
     17798                 0.00e+00      -2.00e+01
     17799                 0.00e+00      -2.00e+01
     17800                 0.00e+00      -2.00e+01
     17801                 0.00e+00      -2.00e+01
     17802                 0.00e+00      -2.00e+01
     17803                 0.00e+00      -2.00e+01
     17804                 0.00e+00      -2.00e+01
     17805                 0.00e+00      -2.00e+01
     17806                 0.00e+00      -2.00e+01
     17807                 0.00e+00      -2.00e+01
     17808                 0.00e+00      -2.00e+01
     17809                 0.00e+00      -1.00e+01
         0
}
*ntype{
         1
}
*numat{
         1
}
*nen{
         4
}
*nicode{
         9
}
*material_properties{
         1       1.00e+00  1.00e+08  1.00e+08
}
*constant_body_forces{
       0.0     -10.0       0.0
}
*include{
mesh_rsrv_outsburden.inc
}
*conectividades_ladais{
         1         1         1       242       482       241         1
       240         1         1        32       240       481
         0
}
*include{
layer_reference.inc
}
*include{
elmnt_geoformation.inc
}
*include{
data.inc
}
*include{
randfiles.inc
}
*include{
geomechLayers.inc
}
*include{
NumericParam.inc
}
*include{
mcmc.inc
}
*include{
SimulatorParam.inc
}
