   3.70043253E-01
   1.09405919E+00
   1.75667654E+00
   2.06629290E+00
   2.98329206E-01
   8.81406258E-01
   1.39457209E+00
   1.98102663E+00
   2.57738619E-01
   7.64666083E-01
   1.28288586E+00
   1.82030806E+00
   2.33535720E-01
   7.05156448E-01
   1.18369001E+00
   1.67685858E+00
   2.16583329E-01
   6.51359071E-01
   1.09185641E+00
   1.53859909E+00
   1.98873467E-01
   5.97763068E-01
   9.99110389E-01
   1.40337690E+00
   1.80690092E-01
   5.42466895E-01
   9.05299138E-01
   1.26926455E+00
   1.62005470E-01
   4.86160655E-01
   8.10652072E-01
   1.13554818E+00
   1.43101829E-01
   4.29321447E-01
   7.15584309E-01
   1.00191798E+00
   1.24095219E-01
   3.72245483E-01
   6.20303251E-01
   8.68249695E-01
   1.04995462E-01
   3.14976284E-01
   5.24815298E-01
   7.34433030E-01
   8.57043241E-02
   2.57150919E-01
   4.28813546E-01
   6.00220365E-01
   6.56362345E-02
   1.97862936E-01
   3.31035626E-01
   4.64941629E-01
   4.47475464E-02
   1.34270261E-01
   2.28693705E-01
   3.25871428E-01
   2.25162776E-02
   6.75328496E-02
   1.09389234E-01
   1.74687970E-01
  -9.59581081E-04
  -4.39350011E-03
  -1.22756302E-02
  -5.18432157E-02
