   6.39849226E-02
   1.84505186E-01
   2.78668643E-01
   1.35716193E-01
   3.80222320E-03
   7.63257046E-03
  -2.29941428E-02
   9.48305353E-02
  -1.22067896E-02
  -3.75492602E-02
  -2.89970004E-02
   3.09122019E-02
  -1.12676992E-02
  -2.52268397E-02
  -2.20041563E-02
   9.43796287E-03
  -5.55453088E-03
  -1.34823772E-02
  -1.15810584E-02
   1.81626914E-03
  -2.53041654E-03
  -5.90765680E-03
  -5.43663595E-03
  -1.43059965E-04
  -9.53005154E-04
  -2.32439886E-03
  -2.25317016E-03
  -4.28016995E-04
  -3.02449239E-04
  -7.51933807E-04
  -8.14549328E-04
  -3.14368436E-04
  -2.29156192E-05
  -8.48590823E-05
  -1.71908348E-04
  -2.16945087E-04
   1.21945111E-04
   2.57767994E-04
   1.33519254E-04
  -2.76790628E-04
   1.91633452E-04
   4.35467923E-04
   1.93595121E-04
  -6.84899986E-04
   7.68657594E-05
   4.26492907E-05
  -4.04177262E-04
  -1.98114714E-03
  -9.85448965E-04
  -2.26094198E-03
  -3.53160562E-03
  -5.67070708E-03
  -3.59850133E-03
  -1.09167033E-02
  -1.40515532E-02
  -1.68335089E-02
  -9.53401222E-03
  -2.86914223E-02
  -5.10832155E-02
  -5.06173395E-02
  -2.12218214E-02
  -6.56772481E-02
  -1.15672584E-01
  -1.95546379E-01
