   6.91205390E-01
   2.04826868E+00
   3.30638553E+00
   4.08120809E+00
   6.05032892E-01
   1.79115571E+00
   2.86905964E+00
   3.94808096E+00
   5.38203971E-01
   1.59809229E+00
   2.64713140E+00
   3.68400221E+00
   4.87871210E-01
   1.46432163E+00
   2.43769806E+00
   3.41272240E+00
   4.47561325E-01
   1.34278660E+00
   2.23985945E+00
   3.13818188E+00
   4.08394635E-01
   1.22583229E+00
   2.04443743E+00
   2.86417755E+00
   3.69708295E-01
   1.10939970E+00
   1.84980243E+00
   2.59076383E+00
   3.30925858E-01
   9.92916536E-01
   1.65520653E+00
   2.31775963E+00
   2.92067464E-01
   8.76251078E-01
   1.46054805E+00
   2.04494752E+00
   2.53133604E-01
   7.59426891E-01
   1.26579148E+00
   1.77221494E+00
   2.14084820E-01
   6.42373275E-01
   1.07085803E+00
   1.49952782E+00
   1.74829918E-01
   5.24755145E-01
   8.75533863E-01
   1.22692067E+00
   1.34936948E-01
   4.06062852E-01
   6.79114516E-01
   9.54531174E-01
   9.49200245E-02
   2.84937645E-01
   4.80773400E-01
   6.81877239E-01
   5.54855992E-02
   1.66513564E-01
   2.74326550E-01
   4.07123401E-01
   1.92634927E-02
   5.67109214E-02
   9.06202779E-02
   8.97438977E-02
