  -4.97021880E-01
  -4.09278153E-01
  -2.16180326E-01
   1.22420359E-01
  -4.39898256E-01
  -3.60970695E-01
  -2.05360182E-01
   6.16913336E-03
  -3.92845648E-01
  -3.30864843E-01
  -2.15846807E-01
  -6.05027021E-02
  -3.66566405E-01
  -3.17572906E-01
  -2.24202574E-01
  -9.17181150E-02
  -3.54557879E-01
  -3.11927614E-01
  -2.28295453E-01
  -1.05279054E-01
  -3.49749929E-01
  -3.09680586E-01
  -2.29921236E-01
  -1.10708249E-01
  -3.48046473E-01
  -3.08849164E-01
  -2.30445511E-01
  -1.12718852E-01
  -3.47542987E-01
  -3.08573414E-01
  -2.30563663E-01
  -1.13379936E-01
  -3.47481547E-01
  -3.08514995E-01
  -2.30546436E-01
  -1.13517022E-01
  -3.47631939E-01
  -3.08565796E-01
  -2.30468253E-01
  -1.13394012E-01
  -3.47999687E-01
  -3.08727415E-01
  -2.30319717E-01
  -1.13013180E-01
  -3.48677798E-01
  -3.09061978E-01
  -2.30078088E-01
  -1.12242136E-01
  -3.49633857E-01
  -3.09634690E-01
  -2.29816184E-01
  -1.10975269E-01
  -3.50165941E-01
  -3.10271581E-01
  -2.29965226E-01
  -1.09657251E-01
  -3.48023842E-01
  -3.09342777E-01
  -2.31315748E-01
  -1.11377633E-01
  -3.39395931E-01
  -3.03403392E-01
  -2.31914595E-01
  -1.25346082E-01
