*type_process{
HYDRO-GEOMECH-COUPLING
}
*title{
EXPER. RESERVOIR + HIERARCHI MESH
}
*exec{
         1
}
*iprtin{
         0
}
*nsd{
         2
}
*geomech{
         1
}
*irregMesh{
         1
}
*Dirichlet{
         0
}
*Neumann{
         1
}
*I4SeaLoad{
         1
}
*numnp{
      9139
}
*numel{
      9012
}
*nelx{
       120
}
*nely{
        32
}
*numnpReserv{
      3993
}
*numelReserv{
      3840
}
*nelxReserv{
       120
}
*nelyReserv{
        32
}
*nlvectP{
         1
}
*nlvectV{
         1
}
*nlvectD{
         1
}
*include{
coordenadas.inc
}
*codigos_cond_contorno_veloc{
         1       120         1         1
       121      7592       241         1
      7713      7832         1         1
         0
}
*valores_cond_contorno_veloc{
       121         2 9.375e-03
                     9.375e-03
        31       241
         0
}
*codigos_cond_contorno_desloc{
      4626      4626         1         1         1
      4627      4627         1         1         1
      4628      4628         1         1         1
      4629      4629         1         1         1
      4630      4630         1         1         1
      4631      4631         1         1         1
      4632      4632         1         1         1
      4633      4633         1         1         1
      4634      4634         1         1         1
      4635      4635         1         1         1
      4636      4636         1         1         1
      4637      4637         1         1         1
      4638      4638         1         1         1
      4639      4639         1         1         1
      4640      4640         1         1         1
      4641      4641         1         1         1
      4642      4642         1         1         1
      4643      4643         1         1         1
      4644      4644         1         1         1
      4645      4645         1         1         1
      4646      4646         1         1         1
      4647      4647         1         1         1
      4648      4648         1         1         1
      4649      4649         1         1         1
      4650      4650         1         1         1
      4651      4651         1         1         1
      4652      4652         1         1         1
      4653      4653         1         1         1
      4654      4654         1         1         1
      4655      4655         1         1         1
      4656      4656         1         1         1
      4657      4657         1         1         1
      4658      4658         1         1         1
      4659      4659         1         1         1
      4660      4660         1         1         1
      4661      4661         1         1         1
      4662      4662         1         1         1
      4663      4663         1         1         1
      4664      4664         1         1         1
      4665      4665         1         1         1
      4666      4666         1         1         1
      4667      4667         1         1         1
      4668      4668         1         1         1
      4669      4669         1         1         1
      4670      4670         1         1         1
      4671      4671         1         1         1
      4672      4672         1         1         1
      4673      4673         1         1         1
      4674      4674         1         1         1
      4675      4675         1         1         1
      4676      4676         1         1         1
      4677      4677         1         1         1
      4678      4678         1         1         1
      4679      4679         1         1         1
      4680      4680         1         1         1
      4681      4681         1         1         1
      4682      4682         1         1         1
      4683      4683         1         1         1
      4684      4684         1         1         1
      4685      4685         1         1         1
      4686      4686         1         1         1
      4687      4687         1         1         1
      4688      4688         1         1         1
      4689      4689         1         1         1
      4690      4690         1         1         1
      4691      4691         1         1         1
      4692      4692         1         1         1
      4693      4693         1         1         1
      4694      4694         1         1         1
      4695      4695         1         1         1
      4696      4696         1         1         1
      4041      4041         1         1         0
      4113      4113         1         1         0
      4187      4187         1         1         0
      4259      4259         1         1         0
      4333      4333         1         1         0
      4405      4405         1         1         0
      4479      4479         1         1         0
      4551      4551         1         1         0
      4625      4625         1         1         0
      4767      4767         1         1         0
      4838      4838         1         1         0
      4909      4909         1         1         0
      4980      4980         1         1         0
      5051      5051         1         1         0
      5122      5122         1         1         0
      5193      5193         1         1         0
      5264      5264         1         1         0
      5335      5335         1         1         0
      5406      5406         1         1         0
      5477      5477         1         1         0
      5548      5548         1         1         0
      5619      5619         1         1         0
      5780      5780         1         1         0
      5956      5956         1         1         0
      6777      6777         1         1         0
      6955      6955         1         1         0
      7080      7080         1         1         0
      7151      7151         1         1         0
      7222      7222         1         1         0
      7293      7293         1         1         0
      7364      7364         1         1         0
      7435      7435         1         1         0
      7506      7506         1         1         0
      7577      7577         1         1         0
      7648      7648         1         1         0
      7719      7719         1         1         0
      7790      7790         1         1         0
      7861      7861         1         1         0
      7932      7932         1         1         0
      8003      8003         1         1         0
      8074      8074         1         1         0
      8145      8145         1         1         0
      8216      8216         1         1         0
      8287      8287         1         1         0
      8358      8358         1         1         0
      8429      8429         1         1         0
      8500      8500         1         1         0
      8571      8571         1         1         0
      8642      8642         1         1         0
      8713      8713         1         1         0
      8784      8784         1         1         0
      8855      8855         1         1         0
      8926      8926         1         1         0
      8997      8997         1         1         0
      9068      9068         1         1         0
      9139      9139         1         1         0
      3994      3994         1         1         0
      4068      4068         1         1         0
      4140      4140         1         1         0
      4214      4214         1         1         0
      4286      4286         1         1         0
      4360      4360         1         1         0
      4432      4432         1         1         0
      4506      4506         1         1         0
      4578      4578         1         1         0
      4728      4728         1         1         0
      4799      4799         1         1         0
      4870      4870         1         1         0
      4941      4941         1         1         0
      5012      5012         1         1         0
      5083      5083         1         1         0
      5154      5154         1         1         0
      5225      5225         1         1         0
      5296      5296         1         1         0
      5367      5367         1         1         0
      5438      5438         1         1         0
      5509      5509         1         1         0
      5580      5580         1         1         0
      5735      5735         1         1         0
      5913      5913         1         1         0
      6734      6734         1         1         0
      6910      6910         1         1         0
      7041      7041         1         1         0
      7112      7112         1         1         0
      7183      7183         1         1         0
      7254      7254         1         1         0
      7325      7325         1         1         0
      7396      7396         1         1         0
      7467      7467         1         1         0
      7538      7538         1         1         0
      7609      7609         1         1         0
      7680      7680         1         1         0
      7751      7751         1         1         0
      7822      7822         1         1         0
      7893      7893         1         1         0
      7964      7964         1         1         0
      8035      8035         1         1         0
      8106      8106         1         1         0
      8177      8177         1         1         0
      8248      8248         1         1         0
      8319      8319         1         1         0
      8390      8390         1         1         0
      8461      8461         1         1         0
      8532      8532         1         1         0
      8603      8603         1         1         0
      8674      8674         1         1         0
      8745      8745         1         1         0
      8816      8816         1         1         0
      8887      8887         1         1         0
      8958      8958         1         1         0
      9029      9029         1         1         0
      9100      9100         1         1         0
      9069      9069         1         0         0
      9070      9070         1         0         0
      9071      9071         1         0         0
      9072      9072         1         0         0
      9073      9073         1         0         0
      9074      9074         1         0         0
      9075      9075         1         0         0
      9076      9076         1         0         0
      9077      9077         1         0         0
      9078      9078         1         0         0
      9079      9079         1         0         0
      9080      9080         1         0         0
      9081      9081         1         0         0
      9082      9082         1         0         0
      9083      9083         1         0         0
      9084      9084         1         0         0
      9085      9085         1         0         0
      9086      9086         1         0         0
      9087      9087         1         0         0
      9088      9088         1         0         0
      9089      9089         1         0         0
      9090      9090         1         0         0
      9091      9091         1         0         0
      9092      9092         1         0         0
      9093      9093         1         0         0
      9094      9094         1         0         0
      9095      9095         1         0         0
      9096      9096         1         0         0
      9097      9097         1         0         0
      9098      9098         1         0         0
      9099      9099         1         0         0
      9100      9100         1         0         0
      9101      9101         1         0         0
      9102      9102         1         0         0
      9103      9103         1         0         0
      9104      9104         1         0         0
      9105      9105         1         0         0
      9106      9106         1         0         0
      9107      9107         1         0         0
      9108      9108         1         0         0
      9109      9109         1         0         0
      9110      9110         1         0         0
      9111      9111         1         0         0
      9112      9112         1         0         0
      9113      9113         1         0         0
      9114      9114         1         0         0
      9115      9115         1         0         0
      9116      9116         1         0         0
      9117      9117         1         0         0
      9118      9118         1         0         0
      9119      9119         1         0         0
      9120      9120         1         0         0
      9121      9121         1         0         0
      9122      9122         1         0         0
      9123      9123         1         0         0
      9124      9124         1         0         0
      9125      9125         1         0         0
      9126      9126         1         0         0
      9127      9127         1         0         0
      9128      9128         1         0         0
      9129      9129         1         0         0
      9130      9130         1         0         0
      9131      9131         1         0         0
      9132      9132         1         0         0
      9133      9133         1         0         0
      9134      9134         1         0         0
      9135      9135         1         0         0
      9136      9136         1         0         0
      9137      9137         1         0         0
      9138      9138         1         0         0
      9139      9139         1         0         0
         0
}
*valores_cond_contorno_desloc{
      9069                 0.00e+00      -2.00e+01
      9070                 0.00e+00      -4.00e+01
      9071                 0.00e+00      -4.00e+01
      9072                 0.00e+00      -4.00e+01
      9073                 0.00e+00      -4.00e+01
      9074                 0.00e+00      -4.00e+01
      9075                 0.00e+00      -4.00e+01
      9076                 0.00e+00      -4.00e+01
      9077                 0.00e+00      -4.00e+01
      9078                 0.00e+00      -4.00e+01
      9079                 0.00e+00      -4.00e+01
      9080                 0.00e+00      -4.00e+01
      9081                 0.00e+00      -4.00e+01
      9082                 0.00e+00      -4.00e+01
      9083                 0.00e+00      -4.00e+01
      9084                 0.00e+00      -4.00e+01
      9085                 0.00e+00      -4.00e+01
      9086                 0.00e+00      -4.00e+01
      9087                 0.00e+00      -4.00e+01
      9088                 0.00e+00      -4.00e+01
      9089                 0.00e+00      -4.00e+01
      9090                 0.00e+00      -4.00e+01
      9091                 0.00e+00      -4.00e+01
      9092                 0.00e+00      -4.00e+01
      9093                 0.00e+00      -4.00e+01
      9094                 0.00e+00      -4.00e+01
      9095                 0.00e+00      -4.00e+01
      9096                 0.00e+00      -4.00e+01
      9097                 0.00e+00      -4.00e+01
      9098                 0.00e+00      -4.00e+01
      9099                 0.00e+00      -4.00e+01
      9100                 0.00e+00      -4.00e+01
      9101                 0.00e+00      -4.00e+01
      9102                 0.00e+00      -4.00e+01
      9103                 0.00e+00      -4.00e+01
      9104                 0.00e+00      -4.00e+01
      9105                 0.00e+00      -4.00e+01
      9106                 0.00e+00      -4.00e+01
      9107                 0.00e+00      -4.00e+01
      9108                 0.00e+00      -4.00e+01
      9109                 0.00e+00      -4.00e+01
      9110                 0.00e+00      -4.00e+01
      9111                 0.00e+00      -4.00e+01
      9112                 0.00e+00      -4.00e+01
      9113                 0.00e+00      -4.00e+01
      9114                 0.00e+00      -4.00e+01
      9115                 0.00e+00      -4.00e+01
      9116                 0.00e+00      -4.00e+01
      9117                 0.00e+00      -4.00e+01
      9118                 0.00e+00      -4.00e+01
      9119                 0.00e+00      -4.00e+01
      9120                 0.00e+00      -4.00e+01
      9121                 0.00e+00      -4.00e+01
      9122                 0.00e+00      -4.00e+01
      9123                 0.00e+00      -4.00e+01
      9124                 0.00e+00      -4.00e+01
      9125                 0.00e+00      -4.00e+01
      9126                 0.00e+00      -4.00e+01
      9127                 0.00e+00      -4.00e+01
      9128                 0.00e+00      -4.00e+01
      9129                 0.00e+00      -4.00e+01
      9130                 0.00e+00      -4.00e+01
      9131                 0.00e+00      -4.00e+01
      9132                 0.00e+00      -4.00e+01
      9133                 0.00e+00      -4.00e+01
      9134                 0.00e+00      -4.00e+01
      9135                 0.00e+00      -4.00e+01
      9136                 0.00e+00      -4.00e+01
      9137                 0.00e+00      -4.00e+01
      9138                 0.00e+00      -4.00e+01
      9139                 0.00e+00      -2.00e+01
         0
}
*ntype{
         1
}
*numat{
         1
}
*nen{
         4
}
*nicode{
         9
}
*material_properties{
         1       1.00e+00  1.00e+08  1.00e+08
}
*constant_body_forces{
       0.0     -10.0       0.0
}
*include{
mesh_rsrv_outsburden.inc
}
*conectividades_ladais{
         1         1         1       122       242       121         1
       120         1         1        32       120       241
         0
}
*include{
layer_reference.inc
}
*include{
elmnt_geoformation.inc
}
*include{
data.inc
}
*include{
randfiles.inc
}
*include{
geomechLayers.inc
}
*include{
NumericParam.inc
}
*include{
mcmc.inc
}
*include{
SimulatorParam.inc
}
