32
1.1975000e+03 -7.9875000e+02 0.0000000e+00
1.1975000e+03 -7.9375000e+02 0.0000000e+00
1.1975000e+03 -7.8875000e+02 0.0000000e+00
1.1975000e+03 -7.8375000e+02 0.0000000e+00
1.1975000e+03 -7.7875000e+02 0.0000000e+00
1.1975000e+03 -7.7375000e+02 0.0000000e+00
1.1975000e+03 -7.6875000e+02 0.0000000e+00
1.1975000e+03 -7.6375000e+02 0.0000000e+00
1.1975000e+03 -7.5875000e+02 0.0000000e+00
1.1975000e+03 -7.5375000e+02 0.0000000e+00
1.1975000e+03 -7.4875000e+02 0.0000000e+00
1.1975000e+03 -7.4375000e+02 0.0000000e+00
1.1975000e+03 -7.3875000e+02 0.0000000e+00
1.1975000e+03 -7.3375000e+02 0.0000000e+00
1.1975000e+03 -7.2875000e+02 0.0000000e+00
1.1975000e+03 -7.2375000e+02 0.0000000e+00
1.1975000e+03 -7.1875000e+02 0.0000000e+00
1.1975000e+03 -7.1375000e+02 0.0000000e+00
1.1975000e+03 -7.0875000e+02 0.0000000e+00
1.1975000e+03 -7.0375000e+02 0.0000000e+00
1.1975000e+03 -6.9875000e+02 0.0000000e+00
1.1975000e+03 -6.9375000e+02 0.0000000e+00
1.1975000e+03 -6.8875000e+02 0.0000000e+00
1.1975000e+03 -6.8375000e+02 0.0000000e+00
1.1975000e+03 -6.7875000e+02 0.0000000e+00
1.1975000e+03 -6.7375000e+02 0.0000000e+00
1.1975000e+03 -6.6875000e+02 0.0000000e+00
1.1975000e+03 -6.6375000e+02 0.0000000e+00
1.1975000e+03 -6.5875000e+02 0.0000000e+00
1.1975000e+03 -6.5375000e+02 0.0000000e+00
1.1975000e+03 -6.4875000e+02 0.0000000e+00
1.1975000e+03 -6.4375000e+02 0.0000000e+00
