   1.95978566E-02
   5.66261685E-02
   8.83817049E-02
   5.70564994E-02
  -5.09649422E-03
  -1.60427590E-02
  -3.63863824E-02
   8.31384483E-04
  -5.36851060E-03
  -1.50762371E-02
  -1.12019772E-02
  -5.78037600E-04
  -2.02300356E-03
  -3.53461204E-03
  -2.59205387E-03
   3.01677552E-05
  -1.29752823E-04
  -3.93775782E-04
  -1.79741061E-04
  -6.52043648E-05
   4.37090032E-05
   1.33113633E-04
   8.02708452E-05
  -1.96290783E-05
   3.48396779E-05
   6.53841346E-05
   4.88870624E-05
  -5.37068345E-06
   6.89852503E-06
   1.65543651E-05
   1.06703987E-05
   1.05339168E-07
  -6.56143533E-07
  -1.38000052E-06
  -1.01273729E-06
   4.91340700E-07
  -2.01952657E-06
  -6.75254331E-06
  -3.82506281E-06
   9.16178760E-07
   3.76127861E-06
   1.68485073E-05
   6.55765097E-06
   3.40334236E-06
   9.12311666E-05
   1.48019606E-04
   1.14648791E-04
  -5.60636314E-06
   2.50074963E-04
   6.93989556E-04
   4.34463102E-04
   2.77159698E-05
   2.43201039E-04
   7.39803925E-04
   1.69116148E-03
  -2.46485055E-04
  -1.03720497E-03
  -2.72033471E-03
  -3.62604590E-03
   1.18515579E-03
  -6.61393044E-03
  -2.06640311E-02
  -3.67773260E-02
  -5.82155065E-02
