   3.33790114E-01
   9.97604302E-01
   1.64778983E+00
   2.16828126E+00
   2.96168694E-01
   8.84072100E-01
   1.44728309E+00
   2.03280793E+00
   2.70603834E-01
   8.09514550E-01
   1.35320233E+00
   1.89936556E+00
   2.50270367E-01
   7.52352192E-01
   1.25561767E+00
   1.76022409E+00
   2.31129660E-01
   6.93445017E-01
   1.15630089E+00
   1.61924000E+00
   2.11165648E-01
   6.33551157E-01
   1.05593188E+00
   1.47833888E+00
   1.91085199E-01
   5.73238920E-01
   9.55384123E-01
   1.33751231E+00
   1.70963564E-01
   5.12889150E-01
   8.54805478E-01
   1.19671859E+00
   1.50847491E-01
   4.52542012E-01
   7.54235424E-01
   1.05592849E+00
   1.30735155E-01
   3.92202358E-01
   6.53670425E-01
   9.15136876E-01
   1.10627327E-01
   3.31883470E-01
   5.53113416E-01
   7.74341973E-01
   9.05616669E-02
   2.71603666E-01
   4.52605908E-01
   6.33539577E-01
   7.04426022E-02
   2.11434125E-01
   3.52136047E-01
   4.92827772E-01
   5.00724587E-02
   1.50429246E-01
   2.52009127E-01
   3.52227083E-01
   2.90329761E-02
   8.74828838E-02
   1.46906074E-01
   2.13818717E-01
   6.80323911E-03
   2.00503693E-02
   3.27972398E-02
   4.28740297E-02
