   7.22157952E-01
   2.16027228E+00
   3.57337347E+00
   4.76134629E+00
   6.63249147E-01
   1.98064743E+00
   3.25257103E+00
   4.51651957E+00
   6.06710364E-01
   1.81399746E+00
   3.01831827E+00
   4.22139039E+00
   5.58179375E-01
   1.67542837E+00
   2.79285355E+00
   3.91157892E+00
   5.13751220E-01
   1.54138270E+00
   2.56973727E+00
   3.59837631E+00
   4.69213286E-01
   1.40775835E+00
   2.34643501E+00
   3.28521713E+00
   4.24598937E-01
   1.27379888E+00
   2.12302694E+00
   2.97225494E+00
   3.79912132E-01
   1.13973711E+00
   1.89955706E+00
   2.65937455E+00
   3.35217303E-01
   1.00565030E+00
   1.67607973E+00
   2.34650726E+00
   2.90524586E-01
   8.71567549E-01
   1.45260477E+00
   2.03363659E+00
   2.45834744E-01
   7.37501973E-01
   1.22913437E+00
   1.72075654E+00
   2.01156918E-01
   6.03415682E-01
   1.00567626E+00
   1.40787133E+00
   1.56289041E-01
   4.69159622E-01
   7.82090085E-01
   1.09514511E+00
   1.11028929E-01
   3.33547410E-01
   5.58329121E-01
   7.82973336E-01
   6.55549296E-02
   1.97126743E-01
   3.30083987E-01
   4.73967549E-01
   2.17322396E-02
   6.52204074E-02
   1.09660081E-01
   1.53491128E-01
