  -4.08949190E-01
  -3.53208726E-01
  -2.31217777E-01
  -6.68430655E-03
  -3.92368452E-01
  -3.31630207E-01
  -2.12366616E-01
  -6.36947250E-02
  -3.70650253E-01
  -3.18757432E-01
  -2.22307712E-01
  -8.83446029E-02
  -3.62707423E-01
  -3.17067909E-01
  -2.27063177E-01
  -9.32214910E-02
  -3.61480523E-01
  -3.16978313E-01
  -2.27819325E-01
  -9.37818384E-02
  -3.61591635E-01
  -3.17023615E-01
  -2.27766101E-01
  -9.36786488E-02
  -3.61712640E-01
  -3.17050659E-01
  -2.27692208E-01
  -9.36044924E-02
  -3.61749275E-01
  -3.17057583E-01
  -2.27670102E-01
  -9.35830399E-02
  -3.61753015E-01
  -3.17058147E-01
  -2.27667630E-01
  -9.35812083E-02
  -3.61747202E-01
  -3.17056775E-01
  -2.27671198E-01
  -9.35848253E-02
  -3.61741266E-01
  -3.17054790E-01
  -2.27674112E-01
  -9.35898325E-02
  -3.61792461E-01
  -3.17059364E-01
  -2.27642597E-01
  -9.35655773E-02
  -3.62145945E-01
  -3.17117179E-01
  -2.27427830E-01
  -9.33690462E-02
  -3.63141521E-01
  -3.17655912E-01
  -2.26873569E-01
  -9.23889982E-02
  -3.63810213E-01
  -3.18561930E-01
  -2.27582918E-01
  -9.01049397E-02
  -3.57898987E-01
  -3.14901459E-01
  -2.28797126E-01
  -9.84624276E-02
